1|4,130,1,1,1,1,1,1,1,1,1,1,1,1,1,1,1,1,1,1,1,1,1,1,1,1,1,1,1,1,1,1,1,1,1,1,1,1,1,1,1,1,1,1,1,1,1,1,1,1,1,1,1,1,1,1,1,1,1,1,1,1,1,1,1,1,1,1,1,1,1,1,1,1,1,1,1,1,1,1,1,1,1,1,1,1,1,1,1,1,1,1,1,1,1,1,1,1,1,1,1,1,0,0,0,0,0,0,0,0,0,0,0,0,0,0,0,0,0,0,0,0,2|24397&4&120.64965787778169|24398&4&120.66824780082703|24399&4&120.68296725226583|24400&4&120.66824780082703|24401&4&120.6847634742843|24402&4&120.66017270417547|24403&4&120.66017270417547|24404&4&120.661451560952|24405&4&120.68462155761335|24406&4&120.70165703086985|24407&4&24.348475898800594|24408&4&24.348475898800594|24409&4&24.348475898800594|24410&4&24.348475898800594|24411&4&24.348475898800594|24412&4&24.348475898800594|24413&4&24.348475898800594|24414&4&24.348475898800594|24415&4&24.348475898800594|24416&4&24.348475898800594|24417&4&29.260691252554558|24418&4&29.260691252554558|24419&4&29.260691252554558|24420&4&29.260691252554558|24421&4&29.260691252554558|24422&4&29.260691252554558|24423&4&29.260691252554558|24424&4&29.260691252554558|24425&4&29.260691252554558|24426&4&29.260691252554558|24427&4&34.24522023484553|24428&4&34.24522023484553|24429&4&34.24522023484553|24430&4&34.24522023484553|24431&4&34.24522023484553|24432&4&34.24522023484553|24433&4&34.24522023484553|24434&4&34.24522023484553|24435&4&34.24522023484553|24436&4&34.24522023484553|24437&4&39.302871237987915|24438&4&39.302871237987915|24439&4&39.302871237987915|24440&4&39.302871237987915|24441&4&39.302871237987915|24442&4&39.302871237987915|24443&4&39.302871237987915|24444&4&39.302871237987915|24445&4&39.302871237987915|24446&4&39.302871237987915|24447&4&44.43446071253922|24448&4&44.43446071253922|24449&4&44.43446071253922|24450&4&44.43446071253922|24451&4&44.43446071253922|24452&4&44.43446071253922|24453&4&44.43446071253922|24454&4&44.43446071253922|24455&4&44.43446071253922|24456&4&44.43446071253922|24457&4&49.64081324270167|24458&4&49.64081324270167|24459&4&49.64081324270167|24460&4&49.64081324270167|24461&4&49.64081324270167|24462&4&49.64081324270167|24463&4&49.64081324270167|24464&4&49.64081324270167|24465&4&49.64081324270167|24466&4&49.64081324270167|24467&4&54.922761622401445|24468&4&54.922761622401445|24469&4&54.922761622401445|24470&4&54.922761622401445|24471&4&54.922761622401445|24472&4&54.922761622401445|24473&4&54.922761622401445|24474&4&54.922761622401445|24475&4&54.922761622401445|24476&4&54.922761622401445|24477&4&60.28114693205184|24478&4&60.28114693205184|24479&4&60.28114693205184|24480&4&60.28114693205184|24481&4&60.28114693205184|24482&4&60.28114693205184|24483&4&60.28114693205184|24484&4&60.28114693205184|24485&4&60.28114693205184|24486&4&60.28114693205184|24487&4&65.71681861600574|24488&4&65.71681861600574|24489&4&65.71681861600574|24490&4&65.71681861600574|24491&4&65.71681861600574|24492&4&65.71681861600574|24493&4&65.71681861600574|24494&4&115.16915130756756|24495&4&65.71681861600574|24496&4&65.71681861600574|24497&4&12.721555320860197|24498&4&12.721555320860197|24499&4&3.0276060733412637|24500&4&3.0276060733412637|24501&4&3.6384144500297735|24502&4&3.6384144500297735|24503&4&4.258214649526987|24504&4&4.258214649526987|24505&4&4.887107191203843|24506&4&4.887107191203843|24507&4&5.525193596431819|24508&4&5.525193596431819|24509&4&6.172576397958707|24510&4&6.172576397958707|24511&4&6.829359149368699|24512&4&6.829359149368699|24513&4&7.495646434627456|24514&4&7.495646434627456|24515&4&8.171543877712944|24516&4&8.171543877712944,2|24397&4&65.71681861600574|24398&4&65.71681861600574|24399&4&65.71681861600574|24400&4&65.71681861600574|24401&4&65.71681861600574|24402&4&65.71681861600574|24403&4&65.71681861600574|24404&4&65.71681861600574|24405&4&65.71681861600574|24406&4&65.71681861600574|24407&4&120.6847634742843|24408&4&120.66233769764023|24409&4&120.65225439481446|24410&4&120.6847634742843|24411&4&120.68010641926611|24412&4&120.69584532827571|24413&4&120.661451560952|24414&4&120.66833480836249|24415&4&120.66347541369817|24416&4&120.66824780082703|24417&4&24.348475898800594|24418&4&24.348475898800594|24419&4&24.348475898800594|24420&4&24.348475898800594|24421&4&24.348475898800594|24422&4&24.348475898800594|24423&4&24.348475898800594|24424&4&24.348475898800594|24425&4&24.348475898800594|24426&4&24.348475898800594|24427&4&29.260691252554558|24428&4&29.260691252554558|24429&4&29.260691252554558|24430&4&29.260691252554558|24431&4&29.260691252554558|24432&4&29.260691252554558|24433&4&29.260691252554558|24434&4&29.260691252554558|24435&4&29.260691252554558|24436&4&29.260691252554558|24437&4&34.24522023484553|24438&4&34.24522023484553|24439&4&34.24522023484553|24440&4&34.24522023484553|24441&4&34.24522023484553|24442&4&34.24522023484553|24443&4&34.24522023484553|24444&4&34.24522023484553|24445&4&34.24522023484553|24446&4&34.24522023484553|24447&4&39.302871237987915|24448&4&39.302871237987915|24449&4&39.302871237987915|24450&4&39.302871237987915|24451&4&39.302871237987915|24452&4&39.302871237987915|24453&4&39.302871237987915|24454&4&39.302871237987915|24455&4&39.302871237987915|24456&4&39.302871237987915|24457&4&44.43446071253922|24458&4&44.43446071253922|24459&4&44.43446071253922|24460&4&44.43446071253922|24461&4&44.43446071253922|24462&4&44.43446071253922|24463&4&44.43446071253922|24464&4&44.43446071253922|24465&4&44.43446071253922|24466&4&44.43446071253922|24467&4&49.64081324270167|24468&4&99.07851349036015|24469&4&49.64081324270167|24470&4&49.64081324270167|24471&4&49.64081324270167|24472&4&49.64081324270167|24473&4&49.64081324270167|24474&4&49.64081324270167|24475&4&99.0784264828247|24476&4&49.64081324270167|24477&4&54.922761622401445|24478&4&54.922761622401445|24479&4&54.922761622401445|24480&4&54.922761622401445|24481&4&54.922761622401445|24482&4&54.922761622401445|24483&4&54.922761622401445|24484&4&54.922761622401445|24485&4&54.922761622401445|24486&4&54.922761622401445|24487&4&60.28114693205184|24488&4&60.28114693205184|24489&4&60.28114693205184|24490&4&60.28114693205184|24491&4&60.28114693205184|24492&4&60.28114693205184|24493&4&60.28114693205184|24494&4&60.28114693205184|24495&4&60.28114693205184|24496&4&60.28114693205184|24497&4&8.171543877712944|24498&4&8.171543877712944|24499&4&12.721555320860197|24500&4&12.721555320860197|24501&4&3.0276060733412637|24502&4&3.0276060733412637|24503&4&3.6384144500297735|24504&4&3.6384144500297735|24505&4&4.258214649526987|24506&4&4.258214649526987|24507&4&4.887107191203843|24508&4&4.887107191203843|24509&4&5.525193596431819|24510&4&5.525193596431819|24511&4&6.172576397958707|24512&4&10.03697356648614|24513&4&6.829359149368699|24514&4&6.829359149368699|24515&4&7.495646434627456|24516&4&7.495646434627456,2|24397&4&60.28114693205184|24398&4&60.28114693205184|24399&4&60.28114693205184|24400&4&60.28114693205184|24401&4&60.28114693205184|24402&4&60.28114693205184|24403&4&60.28114693205184|24404&4&60.28114693205184|24405&4&60.28114693205184|24406&4&60.28114693205184|24407&4&65.71681861600574|24408&4&65.71681861600574|24409&4&65.71681861600574|24410&4&65.71681861600574|24411&4&65.71681861600574|24412&4&65.71681861600574|24413&4&65.71681861600574|24414&4&65.71681861600574|24415&4&65.71681861600574|24416&4&65.71681861600574|24417&4&120.68010641926611|24418&4&71.230634560704|24419&4&120.66347541369817|24420&4&120.66690758533974|24421&4&120.69584532827571|24422&4&120.69010761243908|24423&4&120.64710453463329|24424&4&120.69010761243908|24425&4&120.67436079150656|24426&4&120.68296725226583|24427&4&24.348475898800594|24428&4&24.348475898800594|24429&4&24.348475898800594|24430&4&24.348475898800594|24431&4&24.348475898800594|24432&4&24.348475898800594|24433&4&24.348475898800594|24434&4&24.348475898800594|24435&4&24.348475898800594|24436&4&24.348475898800594|24437&4&29.260691252554558|24438&4&29.260691252554558|24439&4&29.260691252554558|24440&4&29.260691252554558|24441&4&29.260691252554558|24442&4&29.260691252554558|24443&4&29.260691252554558|24444&4&29.260691252554558|24445&4&29.260691252554558|24446&4&29.260691252554558|24447&4&34.24522023484553|24448&4&34.24522023484553|24449&4&34.24522023484553|24450&4&34.24522023484553|24451&4&34.24522023484553|24452&4&34.24522023484553|24453&4&34.24522023484553|24454&4&34.24522023484553|24455&4&34.24522023484553|24456&4&34.24522023484553|24457&4&39.302871237987915|24458&4&39.302871237987915|24459&4&39.302871237987915|24460&4&39.302871237987915|24461&4&39.302871237987915|24462&4&39.302871237987915|24463&4&39.302871237987915|24464&4&39.302871237987915|24465&4&39.302871237987915|24466&4&39.302871237987915|24467&4&44.43446071253922|24468&4&44.43446071253922|24469&4&44.43446071253922|24470&4&44.43446071253922|24471&4&44.43446071253922|24472&4&44.43446071253922|24473&4&44.43446071253922|24474&4&44.43446071253922|24475&4&44.43446071253922|24476&4&44.43446071253922|24477&4&49.64081324270167|24478&4&49.64081324270167|24479&4&49.64081324270167|24480&4&49.64081324270167|24481&4&49.64081324270167|24482&4&49.64081324270167|24483&4&49.64081324270167|24484&4&49.64081324270167|24485&4&49.64081324270167|24486&4&49.64081324270167|24487&4&54.922761622401445|24488&4&54.922761622401445|24489&4&54.922761622401445|24490&4&54.922761622401445|24491&4&54.922761622401445|24492&4&54.922761622401445|24493&4&54.922761622401445|24494&4&54.922761622401445|24495&4&54.922761622401445|24496&4&54.922761622401445|24497&4&7.495646434627456|24498&4&7.495646434627456|24499&4&8.171543877712944|24500&4&8.171543877712944|24501&4&12.721555320860197|24502&4&12.721555320860197|24503&4&3.0276060733412637|24504&4&3.0276060733412637|24505&4&3.6384144500297735|24506&4&3.6384144500297735|24507&4&4.258214649526987|24508&4&4.258214649526987|24509&4&4.887107191203843|24510&4&4.887107191203843|24511&4&5.525193596431819|24512&4&5.525193596431819|24513&4&6.172576397958707|24514&4&6.172576397958707|24515&4&6.829359149368699|24516&4&6.829359149368699,2|24397&4&54.922761622401445|24398&4&54.922761622401445|24399&4&54.922761622401445|24400&4&54.922761622401445|24401&4&54.922761622401445|24402&4&54.922761622401445|24403&4&54.922761622401445|24404&4&54.922761622401445|24405&4&54.922761622401445|24406&4&54.922761622401445|24407&4&60.28114693205184|24408&4&60.28114693205184|24409&4&60.28114693205184|24410&4&60.28114693205184|24411&4&60.28114693205184|24412&4&60.28114693205184|24413&4&60.28114693205184|24414&4&60.28114693205184|24415&4&60.28114693205184|24416&4&60.28114693205184|24417&4&65.71681861600574|24418&4&65.71681861600574|24419&4&65.71681861600574|24420&4&65.71681861600574|24421&4&65.71681861600574|24422&4&65.71681861600574|24423&4&65.71681861600574|24424&4&65.71681861600574|24425&4&65.71681861600574|24426&4&65.71681861600574|24427&4&120.69584532827571|24428&4&120.70165703086985|24429&4&120.68296725226583|24430&4&120.66017270417547|24431&4&120.68296725226583|24432&4&120.64710453463329|24433&4&120.68132610871623|24434&4&120.68296725226583|24435&4&120.64965787778169|24436&4&120.66017270417547|24437&4&24.348475898800594|24438&4&24.348475898800594|24439&4&24.348475898800594|24440&4&24.348475898800594|24441&4&24.348475898800594|24442&4&24.348475898800594|24443&4&24.348475898800594|24444&4&24.348475898800594|24445&4&24.348475898800594|24446&4&24.348475898800594|24447&4&29.260691252554558|24448&4&29.260691252554558|24449&4&29.260691252554558|24450&4&29.260691252554558|24451&4&29.260691252554558|24452&4&29.260691252554558|24453&4&29.260691252554558|24454&4&29.260691252554558|24455&4&29.260691252554558|24456&4&29.260691252554558|24457&4&34.24522023484553|24458&4&34.24522023484553|24459&4&34.24522023484553|24460&4&34.24522023484553|24461&4&34.24522023484553|24462&4&34.24522023484553|24463&4&34.24522023484553|24464&4&34.24522023484553|24465&4&34.24522023484553|24466&4&34.24522023484553|24467&4&39.302871237987915|24468&4&39.302871237987915|24469&4&39.302871237987915|24470&4&39.302871237987915|24471&4&39.302871237987915|24472&4&39.302871237987915|24473&4&39.302871237987915|24474&4&39.302871237987915|24475&4&39.302871237987915|24476&4&39.302871237987915|24477&4&44.43446071253922|24478&4&44.43446071253922|24479&4&44.43446071253922|24480&4&44.43446071253922|24481&4&44.43446071253922|24482&4&44.43446071253922|24483&4&44.43446071253922|24484&4&44.43446071253922|24485&4&44.43446071253922|24486&4&44.43446071253922|24487&4&49.64081324270167|24488&4&49.64081324270167|24489&4&49.64081324270167|24490&4&49.64081324270167|24491&4&49.64081324270167|24492&4&49.64081324270167|24493&4&49.64081324270167|24494&4&49.64081324270167|24495&4&49.64081324270167|24496&4&49.64081324270167|24497&4&6.829359149368699|24498&4&6.829359149368699|24499&4&7.495646434627456|24500&4&7.495646434627456|24501&4&8.171543877712944|24502&4&8.171543877712944|24503&4&12.721555320860197|24504&4&12.721555320860197|24505&4&3.0276060733412637|24506&4&3.0276060733412637|24507&4&3.6384144500297735|24508&4&3.6384144500297735|24509&4&4.258214649526987|24510&4&4.258214649526987|24511&4&4.887107191203843|24512&4&4.887107191203843|24513&4&5.525193596431819|24514&4&5.525193596431819|24515&4&6.172576397958707|24516&4&6.172576397958707,2|24397&4&49.64081324270167|24398&4&49.64081324270167|24399&4&49.64081324270167|24400&4&49.64081324270167|24401&4&49.64081324270167|24402&4&49.64081324270167|24403&4&49.64081324270167|24404&4&49.64081324270167|24405&4&49.64081324270167|24406&4&49.64081324270167|24407&4&54.922761622401445|24408&4&54.922761622401445|24409&4&54.922761622401445|24410&4&54.922761622401445|24411&4&54.922761622401445|24412&4&54.922761622401445|24413&4&54.922761622401445|24414&4&54.922761622401445|24415&4&54.922761622401445|24416&4&54.922761622401445|24417&4&60.28114693205184|24418&4&109.73061879061395|24419&4&60.28114693205184|24420&4&60.28114693205184|24421&4&60.28114693205184|24422&4&60.28114693205184|24423&4&60.28114693205184|24424&4&60.28114693205184|24425&4&60.28114693205184|24426&4&60.28114693205184|24427&4&65.71681861600574|24428&4&65.71681861600574|24429&4&65.71681861600574|24430&4&65.71681861600574|24431&4&65.71681861600574|24432&4&65.71681861600574|24433&4&65.71681861600574|24434&4&65.71681861600574|24435&4&65.71681861600574|24436&4&65.71681861600574|24437&4&120.70165703086985|24438&4&120.661451560952|24439&4&120.66347541369817|24440&4&120.68010641926611|24441&4&120.69010761243908|24442&4&120.68132610871623|24443&4&120.67436079150656|24444&4&120.66347541369817|24445&4&120.65225439481446|24446&4&120.69010761243908|24447&4&24.348475898800594|24448&4&24.348475898800594|24449&4&24.348475898800594|24450&4&24.348475898800594|24451&4&24.348475898800594|24452&4&24.348475898800594|24453&4&24.348475898800594|24454&4&24.348475898800594|24455&4&24.348475898800594|24456&4&24.348475898800594|24457&4&29.260691252554558|24458&4&29.260691252554558|24459&4&29.260691252554558|24460&4&29.260691252554558|24461&4&29.260691252554558|24462&4&29.260691252554558|24463&4&29.260691252554558|24464&4&29.260691252554558|24465&4&29.260691252554558|24466&4&29.260691252554558|24467&4&34.24522023484553|24468&4&34.24522023484553|24469&4&34.24522023484553|24470&4&34.24522023484553|24471&4&34.24522023484553|24472&4&34.24522023484553|24473&4&34.24522023484553|24474&4&34.24522023484553|24475&4&34.24522023484553|24476&4&34.24522023484553|24477&4&39.302871237987915|24478&4&39.302871237987915|24479&4&39.302871237987915|24480&4&39.302871237987915|24481&4&39.302871237987915|24482&4&39.302871237987915|24483&4&39.302871237987915|24484&4&39.302871237987915|24485&4&39.302871237987915|24486&4&39.302871237987915|24487&4&44.43446071253922|24488&4&44.43446071253922|24489&4&44.43446071253922|24490&4&44.43446071253922|24491&4&44.43446071253922|24492&4&44.43446071253922|24493&4&44.43446071253922|24494&4&44.43446071253922|24495&4&44.43446071253922|24496&4&44.43446071253922|24497&4&6.172576397958707|24498&4&6.172576397958707|24499&4&6.829359149368699|24500&4&6.829359149368699|24501&4&7.495646434627456|24502&4&7.495646434627456|24503&4&8.171543877712944|24504&4&8.171543877712944|24505&4&12.721555320860197|24506&4&12.721555320860197|24507&4&3.0276060733412637|24508&4&3.0276060733412637|24509&4&3.6384144500297735|24510&4&3.6384144500297735|24511&4&4.258214649526987|24512&4&4.258214649526987|24513&4&4.887107191203843|24514&4&4.887107191203843|24515&4&5.525193596431819|24516&4&5.525193596431819,2|24397&4&44.43446071253922|24398&4&44.43446071253922|24399&4&44.43446071253922|24400&4&44.43446071253922|24401&4&44.43446071253922|24402&4&44.43446071253922|24403&4&44.43446071253922|24404&4&44.43446071253922|24405&4&44.43446071253922|24406&4&44.43446071253922|24407&4&49.64081324270167|24408&4&49.64081324270167|24409&4&49.64081324270167|24410&4&49.64081324270167|24411&4&49.64081324270167|24412&4&49.64081324270167|24413&4&49.64081324270167|24414&4&49.64081324270167|24415&4&49.64081324270167|24416&4&49.64081324270167|24417&4&54.922761622401445|24418&4&54.922761622401445|24419&4&54.922761622401445|24420&4&54.922761622401445|24421&4&54.922761622401445|24422&4&54.922761622401445|24423&4&54.922761622401445|24424&4&54.922761622401445|24425&4&54.922761622401445|24426&4&54.922761622401445|24427&4&60.28114693205184|24428&4&60.28114693205184|24429&4&60.28114693205184|24430&4&60.28114693205184|24431&4&60.28114693205184|24432&4&60.28114693205184|24433&4&60.28114693205184|24434&4&60.28114693205184|24435&4&60.28114693205184|24436&4&60.28114693205184|24437&4&65.71681861600574|24438&4&65.71681861600574|24439&4&65.71681861600574|24440&4&65.71681861600574|24441&4&65.71681861600574|24442&4&65.71681861600574|24443&4&65.71681861600574|24444&4&65.71681861600574|24445&4&65.71681861600574|24446&4&65.71681861600574|24447&4&120.66833480836249|24448&4&120.661451560952|24449&4&120.68010641926611|24450&4&120.64922655187326|24451&4&120.6847634742843|24452&4&120.68132610871623|24453&4&120.69584532827571|24454&4&120.68462155761335|24455&4&120.67436079150656|24456&4&120.66833480836249|24457&4&24.348475898800594|24458&4&24.348475898800594|24459&4&24.348475898800594|24460&4&24.348475898800594|24461&4&24.348475898800594|24462&4&24.348475898800594|24463&4&24.348475898800594|24464&4&24.348475898800594|24465&4&24.348475898800594|24466&4&24.348475898800594|24467&4&29.260691252554558|24468&4&29.260691252554558|24469&4&29.260691252554558|24470&4&29.260691252554558|24471&4&29.260691252554558|24472&4&29.260691252554558|24473&4&29.260691252554558|24474&4&29.260691252554558|24475&4&29.260691252554558|24476&4&29.260691252554558|24477&4&34.24522023484553|24478&4&34.24522023484553|24479&4&34.24522023484553|24480&4&34.24522023484553|24481&4&34.24522023484553|24482&4&34.24522023484553|24483&4&34.24522023484553|24484&4&34.24522023484553|24485&4&34.24522023484553|24486&4&34.24522023484553|24487&4&39.302871237987915|24488&4&39.302871237987915|24489&4&39.302871237987915|24490&4&39.302871237987915|24491&4&39.302871237987915|24492&4&39.302871237987915|24493&4&39.302871237987915|24494&4&39.302871237987915|24495&4&39.302871237987915|24496&4&39.302871237987915|24497&4&5.525193596431819|24498&4&5.525193596431819|24499&4&6.172576397958707|24500&4&6.172576397958707|24501&4&6.829359149368699|24502&4&6.829359149368699|24503&4&7.495646434627456|24504&4&7.495646434627456|24505&4&8.171543877712944|24506&4&8.171543877712944|24507&4&12.721555320860197|24508&4&12.721555320860197|24509&4&3.0276060733412637|24510&4&3.0276060733412637|24511&4&3.6384144500297735|24512&4&3.6384144500297735|24513&4&4.258214649526987|24514&4&4.258214649526987|24515&4&4.887107191203843|24516&4&4.887107191203843,2|24397&4&39.302871237987915|24398&4&39.302871237987915|24399&4&39.302871237987915|24400&4&39.302871237987915|24401&4&39.302871237987915|24402&4&39.302871237987915|24403&4&39.302871237987915|24404&4&39.302871237987915|24405&4&39.302871237987915|24406&4&39.302871237987915|24407&4&44.43446071253922|24408&4&44.43446071253922|24409&4&44.43446071253922|24410&4&44.43446071253922|24411&4&44.43446071253922|24412&4&44.43446071253922|24413&4&44.43446071253922|24414&4&44.43446071253922|24415&4&44.43446071253922|24416&4&44.43446071253922|24417&4&49.64081324270167|24418&4&49.64081324270167|24419&4&49.64081324270167|24420&4&49.64081324270167|24421&4&49.64081324270167|24422&4&49.64081324270167|24423&4&49.64081324270167|24424&4&49.64081324270167|24425&4&49.64081324270167|24426&4&49.64081324270167|24427&4&54.922761622401445|24428&4&54.922761622401445|24429&4&54.922761622401445|24430&4&54.922761622401445|24431&4&54.922761622401445|24432&4&54.922761622401445|24433&4&54.922761622401445|24434&4&54.922761622401445|24435&4&54.922761622401445|24436&4&54.922761622401445|24437&4&60.28114693205184|24438&4&60.28114693205184|24439&4&60.28114693205184|24440&4&60.28114693205184|24441&4&60.28114693205184|24442&4&60.28114693205184|24443&4&60.28114693205184|24444&4&60.28114693205184|24445&4&60.28114693205184|24446&4&60.28114693205184|24447&4&65.71681861600574|24448&4&65.71681861600574|24449&4&65.71681861600574|24450&4&65.71681861600574|24451&4&65.71681861600574|24452&4&65.71681861600574|24453&4&65.71681861600574|24454&4&65.71681861600574|24455&4&65.71681861600574|24456&4&65.71681861600574|24457&4&120.67436079150656|24458&4&120.66833480836249|24459&4&120.66690758533974|24460&4&120.66690758533974|24461&4&120.66824780082703|24462&4&120.64710453463329|24463&4&120.69584532827571|24464&4&120.66824780082703|24465&4&120.66017270417547|24466&4&120.64965787778169|24467&4&24.348475898800594|24468&4&24.348475898800594|24469&4&24.348475898800594|24470&4&24.348475898800594|24471&4&24.348475898800594|24472&4&24.348475898800594|24473&4&24.348475898800594|24474&4&24.348475898800594|24475&4&24.348475898800594|24476&4&24.348475898800594|24477&4&29.260691252554558|24478&4&29.260691252554558|24479&4&29.260691252554558|24480&4&29.260691252554558|24481&4&29.260691252554558|24482&4&29.260691252554558|24483&4&29.260691252554558|24484&4&29.260691252554558|24485&4&29.260691252554558|24486&4&29.260691252554558|24487&4&34.24522023484553|24488&4&34.24522023484553|24489&4&34.24522023484553|24490&4&34.24522023484553|24491&4&34.24522023484553|24492&4&34.24522023484553|24493&4&34.24522023484553|24494&4&34.24522023484553|24495&4&34.24522023484553|24496&4&34.24522023484553|24497&4&4.887107191203843|24498&4&4.887107191203843|24499&4&5.525193596431819|24500&4&5.525193596431819|24501&4&6.172576397958707|24502&4&6.172576397958707|24503&4&6.829359149368699|24504&4&6.829359149368699|24505&4&7.495646434627456|24506&4&7.495646434627456|24507&4&8.171543877712944|24508&4&8.171543877712944|24509&4&12.721555320860197|24510&4&12.721555320860197|24511&4&3.0276060733412637|24512&4&3.0276060733412637|24513&4&3.6384144500297735|24514&4&3.6384144500297735|24515&4&4.258214649526987|24516&4&4.258214649526987,2|24397&4&34.24522023484553|24398&4&34.24522023484553|24399&4&34.24522023484553|24400&4&34.24522023484553|24401&4&34.24522023484553|24402&4&34.24522023484553|24403&4&34.24522023484553|24404&4&34.24522023484553|24405&4&34.24522023484553|24406&4&34.24522023484553|24407&4&39.302871237987915|24408&4&39.302871237987915|24409&4&39.302871237987915|24410&4&39.302871237987915|24411&4&39.302871237987915|24412&4&39.302871237987915|24413&4&39.302871237987915|24414&4&39.302871237987915|24415&4&39.302871237987915|24416&4&39.302871237987915|24417&4&44.43446071253922|24418&4&44.43446071253922|24419&4&44.43446071253922|24420&4&44.43446071253922|24421&4&44.43446071253922|24422&4&44.43446071253922|24423&4&44.43446071253922|24424&4&44.43446071253922|24425&4&44.43446071253922|24426&4&44.43446071253922|24427&4&49.64081324270167|24428&4&49.64081324270167|24429&4&49.64081324270167|24430&4&49.64081324270167|24431&4&49.64081324270167|24432&4&49.64081324270167|24433&4&49.64081324270167|24434&4&49.64081324270167|24435&4&49.64081324270167|24436&4&49.64081324270167|24437&4&54.922761622401445|24438&4&54.922761622401445|24439&4&54.922761622401445|24440&4&54.922761622401445|24441&4&54.922761622401445|24442&4&54.922761622401445|24443&4&54.922761622401445|24444&4&54.922761622401445|24445&4&54.922761622401445|24446&4&54.922761622401445|24447&4&60.28114693205184|24448&4&60.28114693205184|24449&4&60.28114693205184|24450&4&60.28114693205184|24451&4&60.28114693205184|24452&4&60.28114693205184|24453&4&60.28114693205184|24454&4&60.28114693205184|24455&4&60.28114693205184|24456&4&60.28114693205184|24457&4&65.71681861600574|24458&4&65.71681861600574|24459&4&65.71681861600574|24460&4&65.71681861600574|24461&4&65.71681861600574|24462&4&65.71681861600574|24463&4&65.71681861600574|24464&4&65.71681861600574|24465&4&65.71681861600574|24466&4&65.71681861600574|24467&4&120.69584532827571|24468&4&71.230634560704|24469&4&120.64965787778169|24470&4&120.68132610871623|24471&4&120.66233769764023|24472&4&120.68462155761335|24473&4&120.69584532827571|24474&4&120.65225439481446|24475&4&71.230634560704|24476&4&120.68132610871623|24477&4&24.348475898800594|24478&4&24.348475898800594|24479&4&24.348475898800594|24480&4&24.348475898800594|24481&4&24.348475898800594|24482&4&24.348475898800594|24483&4&24.348475898800594|24484&4&24.348475898800594|24485&4&24.348475898800594|24486&4&24.348475898800594|24487&4&29.260691252554558|24488&4&29.260691252554558|24489&4&29.260691252554558|24490&4&29.260691252554558|24491&4&29.260691252554558|24492&4&29.260691252554558|24493&4&29.260691252554558|24494&4&29.260691252554558|24495&4&29.260691252554558|24496&4&29.260691252554558|24497&4&4.258214649526987|24498&4&4.258214649526987|24499&4&4.887107191203843|24500&4&4.887107191203843|24501&4&5.525193596431819|24502&4&5.525193596431819|24503&4&6.172576397958707|24504&4&6.172576397958707|24505&4&6.829359149368699|24506&4&6.829359149368699|24507&4&7.495646434627456|24508&4&7.495646434627456|24509&4&8.171543877712944|24510&4&8.171543877712944|24511&4&8.857158152332765|24512&4&8.857158152332765|24513&4&3.0276060733412637|24514&4&3.0276060733412637|24515&4&3.6384144500297735|24516&4&3.6384144500297735,2|24397&4&29.260691252554558|24398&4&29.260691252554558|24399&4&29.260691252554558|24400&4&29.260691252554558|24401&4&29.260691252554558|24402&4&29.260691252554558|24403&4&29.260691252554558|24404&4&29.260691252554558|24405&4&29.260691252554558|24406&4&29.260691252554558|24407&4&34.24522023484553|24408&4&34.24522023484553|24409&4&34.24522023484553|24410&4&34.24522023484553|24411&4&34.24522023484553|24412&4&34.24522023484553|24413&4&34.24522023484553|24414&4&34.24522023484553|24415&4&34.24522023484553|24416&4&34.24522023484553|24417&4&39.302871237987915|24418&4&39.302871237987915|24419&4&39.302871237987915|24420&4&39.302871237987915|24421&4&39.302871237987915|24422&4&39.302871237987915|24423&4&39.302871237987915|24424&4&39.302871237987915|24425&4&39.302871237987915|24426&4&39.302871237987915|24427&4&44.43446071253922|24428&4&44.43446071253922|24429&4&44.43446071253922|24430&4&44.43446071253922|24431&4&44.43446071253922|24432&4&44.43446071253922|24433&4&44.43446071253922|24434&4&44.43446071253922|24435&4&44.43446071253922|24436&4&44.43446071253922|24437&4&49.64081324270167|24438&4&49.64081324270167|24439&4&49.64081324270167|24440&4&49.64081324270167|24441&4&49.64081324270167|24442&4&49.64081324270167|24443&4&49.64081324270167|24444&4&49.64081324270167|24445&4&49.64081324270167|24446&4&49.64081324270167|24447&4&54.922761622401445|24448&4&54.922761622401445|24449&4&54.922761622401445|24450&4&54.922761622401445|24451&4&54.922761622401445|24452&4&54.922761622401445|24453&4&54.922761622401445|24454&4&54.922761622401445|24455&4&54.922761622401445|24456&4&54.922761622401445|24457&4&60.28114693205184|24458&4&60.28114693205184|24459&4&60.28114693205184|24460&4&60.28114693205184|24461&4&60.28114693205184|24462&4&60.28114693205184|24463&4&60.28114693205184|24464&4&60.28114693205184|24465&4&60.28114693205184|24466&4&60.28114693205184|24467&4&65.71681861600574|24468&4&65.71681861600574|24469&4&65.71681861600574|24470&4&65.71681861600574|24471&4&65.71681861600574|24472&4&65.71681861600574|24473&4&65.71681861600574|24474&4&65.71681861600574|24475&4&65.71681861600574|24476&4&65.71681861600574|24477&4&120.64922655187326|24478&4&120.64710453463329|24479&4&120.661451560952|24480&4&120.70165703086985|24481&4&120.66690758533974|24482&4&120.66833480836249|24483&4&120.68010641926611|24484&4&120.67436079150656|24485&4&120.66833480836249|24486&4&120.67436079150656|24487&4&24.348475898800594|24488&4&24.348475898800594|24489&4&24.348475898800594|24490&4&24.348475898800594|24491&4&24.348475898800594|24492&4&24.348475898800594|24493&4&24.348475898800594|24494&4&24.348475898800594|24495&4&24.348475898800594|24496&4&24.348475898800594|24497&4&3.6384144500297735|24498&4&3.6384144500297735|24499&4&4.258214649526987|24500&4&4.258214649526987|24501&4&4.887107191203843|24502&4&4.887107191203843|24503&4&5.525193596431819|24504&4&5.525193596431819|24505&4&6.172576397958707|24506&4&6.172576397958707|24507&4&6.829359149368699|24508&4&6.829359149368699|24509&4&7.495646434627456|24510&4&7.495646434627456|24511&4&12.035941046240376|24512&4&8.171543877712944|24513&4&12.721555320860197|24514&4&12.721555320860197|24515&4&3.0276060733412637|24516&4&3.0276060733412637,2|24397&4&24.348475898800594|24398&4&24.348475898800594|24399&4&24.348475898800594|24400&4&24.348475898800594|24401&4&24.348475898800594|24402&4&24.348475898800594|24403&4&24.348475898800594|24404&4&24.348475898800594|24405&4&24.348475898800594|24406&4&24.348475898800594|24407&4&29.260691252554558|24408&4&29.260691252554558|24409&4&29.260691252554558|24410&4&29.260691252554558|24411&4&29.260691252554558|24412&4&29.260691252554558|24413&4&29.260691252554558|24414&4&29.260691252554558|24415&4&29.260691252554558|24416&4&29.260691252554558|24417&4&34.24522023484553|24418&4&34.24522023484553|24419&4&34.24522023484553|24420&4&34.24522023484553|24421&4&34.24522023484553|24422&4&34.24522023484553|24423&4&34.24522023484553|24424&4&34.24522023484553|24425&4&34.24522023484553|24426&4&34.24522023484553|24427&4&39.302871237987915|24428&4&39.302871237987915|24429&4&39.302871237987915|24430&4&39.302871237987915|24431&4&39.302871237987915|24432&4&39.302871237987915|24433&4&39.302871237987915|24434&4&39.302871237987915|24435&4&39.302871237987915|24436&4&39.302871237987915|24437&4&44.43446071253922|24438&4&44.43446071253922|24439&4&44.43446071253922|24440&4&44.43446071253922|24441&4&44.43446071253922|24442&4&44.43446071253922|24443&4&44.43446071253922|24444&4&44.43446071253922|24445&4&44.43446071253922|24446&4&44.43446071253922|24447&4&49.64081324270167|24448&4&49.64081324270167|24449&4&49.64081324270167|24450&4&49.64081324270167|24451&4&49.64081324270167|24452&4&49.64081324270167|24453&4&49.64081324270167|24454&4&49.64081324270167|24455&4&49.64081324270167|24456&4&49.64081324270167|24457&4&54.922761622401445|24458&4&54.922761622401445|24459&4&54.922761622401445|24460&4&54.922761622401445|24461&4&54.922761622401445|24462&4&54.922761622401445|24463&4&54.922761622401445|24464&4&54.922761622401445|24465&4&54.922761622401445|24466&4&54.922761622401445|24467&4&60.28114693205184|24468&4&60.28114693205184|24469&4&60.28114693205184|24470&4&60.28114693205184|24471&4&60.28114693205184|24472&4&60.28114693205184|24473&4&60.28114693205184|24474&4&60.28114693205184|24475&4&60.28114693205184|24476&4&60.28114693205184|24477&4&65.71681861600574|24478&4&65.71681861600574|24479&4&65.71681861600574|24480&4&65.71681861600574|24481&4&65.71681861600574|24482&4&65.71681861600574|24483&4&65.71681861600574|24484&4&65.71681861600574|24485&4&65.71681861600574|24486&4&65.71681861600574|24487&4&120.66690758533974|24488&4&120.70165703086985|24489&4&120.65225439481446|24490&4&120.70165703086985|24491&4&120.68296725226583|24492&4&120.66824780082703|24493&4&120.67436079150656|24494&4&71.230634560704|24495&4&120.68296725226583|24496&4&120.69584532827571|24497&4&3.0276060733412637|24498&4&3.0276060733412637|24499&4&3.6384144500297735|24500&4&3.6384144500297735|24501&4&4.258214649526987|24502&4&4.258214649526987|24503&4&4.887107191203843|24504&4&4.887107191203843|24505&4&5.525193596431819|24506&4&5.525193596431819|24507&4&6.172576397958707|24508&4&6.172576397958707|24509&4&6.829359149368699|24510&4&6.829359149368699|24511&4&7.495646434627456|24512&4&7.495646434627456|24513&4&8.171543877712944|24514&4&8.171543877712944|24515&4&12.721555320860197|24516&4&12.721555320860197
2|4,130,1,1,1,1,1,1,1,1,1,1,1,1,1,1,1,1,1,1,1,1,1,1,1,1,1,1,1,1,1,1,1,1,1,1,1,1,1,1,1,1,1,1,1,1,1,1,1,1,1,1,1,1,1,1,1,1,1,1,1,1,1,1,1,1,1,1,1,1,1,1,1,1,1,1,1,1,1,1,1,1,1,1,1,1,1,1,1,1,1,1,1,1,1,1,1,1,1,1,1,1,0,0,0,0,0,0,0,0,0,0,0,0,0,0,0,0,0,0,0,0,2|24397&4&162.65191025288703|24398&4&166.6459453373536|24399&4&174.39690270613875|24400&4&163.7559378658612|24401&4&164.28957565324765|24402&4&146.6335741517666|24403&4&174.3226985634796|24404&4&166.10775492583875|24405&4&174.33094148625736|24406&4&169.4184822640135|24407&4&21.913628308920533|24408&4&21.913628308920533|24409&4&21.913628308920533|24410&4&21.913628308920533|24411&4&21.913628308920533|24412&4&21.913628308920533|24413&4&21.913628308920533|24414&4&21.913628308920533|24415&4&21.913628308920533|24416&4&21.913628308920533|24417&4&24.531089468041596|24418&4&24.531089468041596|24419&4&24.531089468041596|24420&4&24.531089468041596|24421&4&24.531089468041596|24422&4&24.531089468041596|24423&4&24.531089468041596|24424&4&24.531089468041596|24425&4&24.531089468041596|24426&4&24.531089468041596|24427&4&29.48014643694872|24428&4&29.48014643694872|24429&4&29.48014643694872|24430&4&29.48014643694872|24431&4&29.48014643694872|24432&4&29.48014643694872|24433&4&29.48014643694872|24434&4&29.48014643694872|24435&4&29.48014643694872|24436&4&29.48014643694872|24437&4&34.502059386606874|24438&4&34.502059386606874|24439&4&34.502059386606874|24440&4&34.502059386606874|24441&4&34.502059386606874|24442&4&34.502059386606874|24443&4&34.502059386606874|24444&4&34.502059386606874|24445&4&34.502059386606874|24446&4&34.502059386606874|24447&4&39.597642772272835|24448&4&39.597642772272835|24449&4&39.597642772272835|24450&4&39.597642772272835|24451&4&39.597642772272835|24452&4&39.597642772272835|24453&4&39.597642772272835|24454&4&39.597642772272835|24455&4&39.597642772272835|24456&4&39.597642772272835|24457&4&44.76771916788327|24458&4&44.76771916788327|24459&4&44.76771916788327|24460&4&44.76771916788327|24461&4&44.76771916788327|24462&4&44.76771916788327|24463&4&44.76771916788327|24464&4&44.76771916788327|24465&4&44.76771916788327|24466&4&44.76771916788327|24467&4&50.01311934202191|24468&4&50.01311934202191|24469&4&50.01311934202191|24470&4&50.01311934202191|24471&4&50.01311934202191|24472&4&50.01311934202191|24473&4&50.01311934202191|24474&4&50.01311934202191|24475&4&50.01311934202191|24476&4&50.01311934202191|24477&4&55.334682334569465|24478&4&55.334682334569465|24479&4&55.334682334569465|24480&4&55.334682334569465|24481&4&55.334682334569465|24482&4&55.334682334569465|24483&4&55.334682334569465|24484&4&55.334682334569465|24485&4&55.334682334569465|24486&4&55.334682334569465|24487&4&60.73325553404224|24488&4&60.73325553404224|24489&4&60.73325553404224|24490&4&60.73325553404224|24491&4&60.73325553404224|24492&4&60.73325553404224|24493&4&60.73325553404224|24494&4&163.75014540343363|24495&4&60.73325553404224|24496&4&60.73325553404224|24497&4&17.086615293516616|24498&4&17.022766733749826|24499&4&2.7248454660071375|24500&4&2.7248454660071375|24501&4&3.0503131188913226|24502&4&3.0503131188913226|24503&4&3.665702558404997|24504&4&3.665702558404997|24505&4&4.290151259398439|24506&4&4.290151259398439|24507&4&4.923760495137874|24508&4&4.923760495137874|24509&4&5.5666325484050585|24510&4&5.5666325484050585|24511&4&6.218870720943396|24512&4&6.218870720943396|24513&4&6.8805793429889635|24514&4&6.8805793429889635|24515&4&7.551863782887164|24516&4&7.551863782887164,2|24397&4&60.73325553404224|24398&4&60.73325553404224|24399&4&60.73325553404224|24400&4&60.73325553404224|24401&4&60.73325553404224|24402&4&60.73325553404224|24403&4&60.73325553404224|24404&4&60.73325553404224|24405&4&60.73325553404224|24406&4&60.73325553404224|24407&4&168.99091715099038|24408&4&156.88796739682616|24409&4&157.4883584054814|24410&4&169.05273564690424|24411&4&169.31680400154127|24412&4&155.77889024959956|24413&4&174.43225061559406|24414&4&113.17550999090135|24415&4&169.36776092843633|24416&4&169.07889353883124|24417&4&21.913628308920533|24418&4&21.913628308920533|24419&4&21.913628308920533|24420&4&21.913628308920533|24421&4&21.913628308920533|24422&4&21.913628308920533|24423&4&21.913628308920533|24424&4&21.913628308920533|24425&4&21.913628308920533|24426&4&21.913628308920533|24427&4&24.531089468041596|24428&4&24.531089468041596|24429&4&24.531089468041596|24430&4&24.531089468041596|24431&4&24.531089468041596|24432&4&24.531089468041596|24433&4&24.531089468041596|24434&4&24.531089468041596|24435&4&24.531089468041596|24436&4&24.531089468041596|24437&4&29.48014643694872|24438&4&29.48014643694872|24439&4&29.48014643694872|24440&4&29.48014643694872|24441&4&29.48014643694872|24442&4&29.48014643694872|24443&4&29.48014643694872|24444&4&29.48014643694872|24445&4&29.48014643694872|24446&4&29.48014643694872|24447&4&34.502059386606874|24448&4&34.502059386606874|24449&4&34.502059386606874|24450&4&34.502059386606874|24451&4&34.502059386606874|24452&4&34.502059386606874|24453&4&34.502059386606874|24454&4&34.502059386606874|24455&4&34.502059386606874|24456&4&34.502059386606874|24457&4&39.597642772272835|24458&4&39.597642772272835|24459&4&39.597642772272835|24460&4&39.597642772272835|24461&4&39.597642772272835|24462&4&39.597642772272835|24463&4&39.597642772272835|24464&4&39.597642772272835|24465&4&39.597642772272835|24466&4&39.597642772272835|24467&4&44.76771916788327|24468&4&134.42312126227563|24469&4&44.76771916788327|24470&4&44.76771916788327|24471&4&44.76771916788327|24472&4&44.76771916788327|24473&4&44.76771916788327|24474&4&44.76771916788327|24475&4&143.089892830704|24476&4&44.76771916788327|24477&4&50.01311934202191|24478&4&50.01311934202191|24479&4&50.01311934202191|24480&4&50.01311934202191|24481&4&50.01311934202191|24482&4&50.01311934202191|24483&4&50.01311934202191|24484&4&50.01311934202191|24485&4&50.01311934202191|24486&4&50.01311934202191|24487&4&55.334682334569465|24488&4&55.334682334569465|24489&4&55.334682334569465|24490&4&55.334682334569465|24491&4&55.334682334569465|24492&4&55.334682334569465|24493&4&55.334682334569465|24494&4&55.334682334569465|24495&4&55.334682334569465|24496&4&55.334682334569465|24497&4&7.551863782887164|24498&4&7.551863782887164|24499&4&16.942787305981938|24500&4&11.904007766896854|24501&4&2.7248454660071375|24502&4&2.7248454660071375|24503&4&3.0503131188913226|24504&4&3.0503131188913226|24505&4&3.665702558404997|24506&4&3.665702558404997|24507&4&4.290151259398439|24508&4&4.290151259398439|24509&4&4.923760495137874|24510&4&4.923760495137874|24511&4&5.5666325484050585|24512&4&14.472088913922711|24513&4&6.218870720943396|24514&4&6.218870720943396|24515&4&6.8805793429889635|24516&4&6.8805793429889635,2|24397&4&55.334682334569465|24398&4&55.334682334569465|24399&4&55.334682334569465|24400&4&55.334682334569465|24401&4&55.334682334569465|24402&4&55.334682334569465|24403&4&55.334682334569465|24404&4&55.334682334569465|24405&4&55.334682334569465|24406&4&55.334682334569465|24407&4&60.73325553404224|24408&4&60.73325553404224|24409&4&60.73325553404224|24410&4&60.73325553404224|24411&4&60.73325553404224|24412&4&60.73325553404224|24413&4&60.73325553404224|24414&4&60.73325553404224|24415&4&60.73325553404224|24416&4&60.73325553404224|24417&4&168.89263269603566|24418&4&122.1736820159884|24419&4&168.75100090552172|24420&4&168.16006409116437|24421&4&160.2137012208456|24422&4&163.7314959198121|24423&4&141.2351743362238|24424&4&168.71833409703024|24425&4&160.66593875245968|24426&4&169.48098551169642|24427&4&21.913628308920533|24428&4&21.913628308920533|24429&4&21.913628308920533|24430&4&21.913628308920533|24431&4&21.913628308920533|24432&4&21.913628308920533|24433&4&21.913628308920533|24434&4&21.913628308920533|24435&4&21.913628308920533|24436&4&21.913628308920533|24437&4&24.531089468041596|24438&4&24.531089468041596|24439&4&24.531089468041596|24440&4&24.531089468041596|24441&4&24.531089468041596|24442&4&24.531089468041596|24443&4&24.531089468041596|24444&4&24.531089468041596|24445&4&24.531089468041596|24446&4&24.531089468041596|24447&4&29.48014643694872|24448&4&29.48014643694872|24449&4&29.48014643694872|24450&4&29.48014643694872|24451&4&29.48014643694872|24452&4&29.48014643694872|24453&4&29.48014643694872|24454&4&29.48014643694872|24455&4&29.48014643694872|24456&4&29.48014643694872|24457&4&34.502059386606874|24458&4&34.502059386606874|24459&4&34.502059386606874|24460&4&34.502059386606874|24461&4&34.502059386606874|24462&4&34.502059386606874|24463&4&34.502059386606874|24464&4&34.502059386606874|24465&4&34.502059386606874|24466&4&34.502059386606874|24467&4&39.597642772272835|24468&4&39.597642772272835|24469&4&39.597642772272835|24470&4&39.597642772272835|24471&4&39.597642772272835|24472&4&39.597642772272835|24473&4&39.597642772272835|24474&4&39.597642772272835|24475&4&39.597642772272835|24476&4&39.597642772272835|24477&4&44.76771916788327|24478&4&44.76771916788327|24479&4&44.76771916788327|24480&4&44.76771916788327|24481&4&44.76771916788327|24482&4&44.76771916788327|24483&4&44.76771916788327|24484&4&44.76771916788327|24485&4&44.76771916788327|24486&4&44.76771916788327|24487&4&50.01311934202191|24488&4&50.01311934202191|24489&4&50.01311934202191|24490&4&50.01311934202191|24491&4&50.01311934202191|24492&4&50.01311934202191|24493&4&50.01311934202191|24494&4&50.01311934202191|24495&4&50.01311934202191|24496&4&50.01311934202191|24497&4&6.8805793429889635|24498&4&6.8805793429889635|24499&4&7.551863782887164|24500&4&7.551863782887164|24501&4&17.094214908099104|24502&4&17.08211327576379|24503&4&2.7248454660071375|24504&4&2.7248454660071375|24505&4&3.0503131188913226|24506&4&3.0503131188913226|24507&4&3.665702558404997|24508&4&3.665702558404997|24509&4&4.290151259398439|24510&4&4.290151259398439|24511&4&4.923760495137874|24512&4&4.923760495137874|24513&4&5.5666325484050585|24514&4&5.5666325484050585|24515&4&6.218870720943396|24516&4&6.218870720943396,2|24397&4&50.01311934202191|24398&4&50.01311934202191|24399&4&50.01311934202191|24400&4&50.01311934202191|24401&4&50.01311934202191|24402&4&50.01311934202191|24403&4&50.01311934202191|24404&4&50.01311934202191|24405&4&50.01311934202191|24406&4&50.01311934202191|24407&4&55.334682334569465|24408&4&55.334682334569465|24409&4&55.334682334569465|24410&4&55.334682334569465|24411&4&55.334682334569465|24412&4&55.334682334569465|24413&4&55.334682334569465|24414&4&55.334682334569465|24415&4&55.334682334569465|24416&4&55.334682334569465|24417&4&60.73325553404224|24418&4&60.73325553404224|24419&4&60.73325553404224|24420&4&60.73325553404224|24421&4&60.73325553404224|24422&4&60.73325553404224|24423&4&60.73325553404224|24424&4&60.73325553404224|24425&4&60.73325553404224|24426&4&60.73325553404224|24427&4&167.61795578675978|24428&4&169.3393825013243|24429&4&166.36748287648135|24430&4&154.890114537078|24431&4&167.03387108971083|24432&4&164.1581886601375|24433&4&168.01449480398026|24434&4&164.29567650729518|24435&4&169.42586532319214|24436&4&163.3924275843401|24437&4&21.913628308920533|24438&4&21.913628308920533|24439&4&21.913628308920533|24440&4&21.913628308920533|24441&4&21.913628308920533|24442&4&21.913628308920533|24443&4&21.913628308920533|24444&4&21.913628308920533|24445&4&21.913628308920533|24446&4&21.913628308920533|24447&4&24.531089468041596|24448&4&24.531089468041596|24449&4&24.531089468041596|24450&4&24.531089468041596|24451&4&24.531089468041596|24452&4&24.531089468041596|24453&4&24.531089468041596|24454&4&24.531089468041596|24455&4&24.531089468041596|24456&4&24.531089468041596|24457&4&29.48014643694872|24458&4&29.48014643694872|24459&4&29.48014643694872|24460&4&29.48014643694872|24461&4&29.48014643694872|24462&4&29.48014643694872|24463&4&29.48014643694872|24464&4&29.48014643694872|24465&4&29.48014643694872|24466&4&29.48014643694872|24467&4&34.502059386606874|24468&4&34.502059386606874|24469&4&34.502059386606874|24470&4&34.502059386606874|24471&4&34.502059386606874|24472&4&34.502059386606874|24473&4&34.502059386606874|24474&4&34.502059386606874|24475&4&34.502059386606874|24476&4&34.502059386606874|24477&4&39.597642772272835|24478&4&39.597642772272835|24479&4&39.597642772272835|24480&4&39.597642772272835|24481&4&39.597642772272835|24482&4&39.597642772272835|24483&4&39.597642772272835|24484&4&39.597642772272835|24485&4&39.597642772272835|24486&4&39.597642772272835|24487&4&44.76771916788327|24488&4&44.76771916788327|24489&4&44.76771916788327|24490&4&44.76771916788327|24491&4&44.76771916788327|24492&4&44.76771916788327|24493&4&44.76771916788327|24494&4&44.76771916788327|24495&4&44.76771916788327|24496&4&44.76771916788327|24497&4&6.218870720943396|24498&4&6.218870720943396|24499&4&6.8805793429889635|24500&4&6.8805793429889635|24501&4&7.551863782887164|24502&4&7.551863782887164|24503&4&16.896064832536325|24504&4&17.12805811855418|24505&4&2.7248454660071375|24506&4&2.7248454660071375|24507&4&3.0503131188913226|24508&4&3.0503131188913226|24509&4&3.665702558404997|24510&4&3.665702558404997|24511&4&4.290151259398439|24512&4&4.290151259398439|24513&4&4.923760495137874|24514&4&4.923760495137874|24515&4&5.5666325484050585|24516&4&5.5666325484050585,2|24397&4&44.76771916788327|24398&4&44.76771916788327|24399&4&44.76771916788327|24400&4&44.76771916788327|24401&4&44.76771916788327|24402&4&44.76771916788327|24403&4&44.76771916788327|24404&4&44.76771916788327|24405&4&44.76771916788327|24406&4&44.76771916788327|24407&4&50.01311934202191|24408&4&50.01311934202191|24409&4&50.01311934202191|24410&4&50.01311934202191|24411&4&50.01311934202191|24412&4&50.01311934202191|24413&4&50.01311934202191|24414&4&50.01311934202191|24415&4&50.01311934202191|24416&4&50.01311934202191|24417&4&55.334682334569465|24418&4&102.31168060020346|24419&4&55.334682334569465|24420&4&55.334682334569465|24421&4&55.334682334569465|24422&4&55.334682334569465|24423&4&55.334682334569465|24424&4&55.334682334569465|24425&4&55.334682334569465|24426&4&55.334682334569465|24427&4&60.73325553404224|24428&4&60.73325553404224|24429&4&60.73325553404224|24430&4&60.73325553404224|24431&4&60.73325553404224|24432&4&60.73325553404224|24433&4&60.73325553404224|24434&4&60.73325553404224|24435&4&60.73325553404224|24436&4&60.73325553404224|24437&4&164.28112192334441|24438&4&167.60956420299382|24439&4&174.95900405090117|24440&4&113.1866930212598|24441&4&162.93922778034377|24442&4&161.70053227664567|24443&4&164.16731935441487|24444&4&175.01911240565522|24445&4&166.62863577585827|24446&4&169.37762552788098|24447&4&21.913628308920533|24448&4&21.913628308920533|24449&4&21.913628308920533|24450&4&21.913628308920533|24451&4&21.913628308920533|24452&4&21.913628308920533|24453&4&21.913628308920533|24454&4&21.913628308920533|24455&4&21.913628308920533|24456&4&21.913628308920533|24457&4&24.531089468041596|24458&4&24.531089468041596|24459&4&24.531089468041596|24460&4&24.531089468041596|24461&4&24.531089468041596|24462&4&24.531089468041596|24463&4&24.531089468041596|24464&4&24.531089468041596|24465&4&24.531089468041596|24466&4&24.531089468041596|24467&4&29.48014643694872|24468&4&29.48014643694872|24469&4&29.48014643694872|24470&4&29.48014643694872|24471&4&29.48014643694872|24472&4&29.48014643694872|24473&4&29.48014643694872|24474&4&29.48014643694872|24475&4&29.48014643694872|24476&4&29.48014643694872|24477&4&34.502059386606874|24478&4&34.502059386606874|24479&4&34.502059386606874|24480&4&34.502059386606874|24481&4&34.502059386606874|24482&4&34.502059386606874|24483&4&34.502059386606874|24484&4&34.502059386606874|24485&4&34.502059386606874|24486&4&34.502059386606874|24487&4&39.597642772272835|24488&4&39.597642772272835|24489&4&39.597642772272835|24490&4&39.597642772272835|24491&4&39.597642772272835|24492&4&39.597642772272835|24493&4&39.597642772272835|24494&4&39.597642772272835|24495&4&39.597642772272835|24496&4&39.597642772272835|24497&4&5.5666325484050585|24498&4&5.5666325484050585|24499&4&6.218870720943396|24500&4&6.218870720943396|24501&4&6.8805793429889635|24502&4&6.8805793429889635|24503&4&7.551863782887164|24504&4&7.551863782887164|24505&4&17.01332538005513|24506&4&17.07761437763324|24507&4&2.7248454660071375|24508&4&2.7248454660071375|24509&4&3.0503131188913226|24510&4&3.0503131188913226|24511&4&3.665702558404997|24512&4&3.665702558404997|24513&4&4.290151259398439|24514&4&4.290151259398439|24515&4&4.923760495137874|24516&4&4.923760495137874,2|24397&4&39.597642772272835|24398&4&39.597642772272835|24399&4&39.597642772272835|24400&4&39.597642772272835|24401&4&39.597642772272835|24402&4&39.597642772272835|24403&4&39.597642772272835|24404&4&39.597642772272835|24405&4&39.597642772272835|24406&4&39.597642772272835|24407&4&44.76771916788327|24408&4&44.76771916788327|24409&4&44.76771916788327|24410&4&44.76771916788327|24411&4&44.76771916788327|24412&4&44.76771916788327|24413&4&44.76771916788327|24414&4&44.76771916788327|24415&4&44.76771916788327|24416&4&44.76771916788327|24417&4&50.01311934202191|24418&4&50.01311934202191|24419&4&50.01311934202191|24420&4&50.01311934202191|24421&4&50.01311934202191|24422&4&50.01311934202191|24423&4&50.01311934202191|24424&4&50.01311934202191|24425&4&50.01311934202191|24426&4&50.01311934202191|24427&4&55.334682334569465|24428&4&55.334682334569465|24429&4&55.334682334569465|24430&4&55.334682334569465|24431&4&55.334682334569465|24432&4&55.334682334569465|24433&4&55.334682334569465|24434&4&55.334682334569465|24435&4&55.334682334569465|24436&4&55.334682334569465|24437&4&60.73325553404224|24438&4&60.73325553404224|24439&4&60.73325553404224|24440&4&60.73325553404224|24441&4&60.73325553404224|24442&4&60.73325553404224|24443&4&60.73325553404224|24444&4&60.73325553404224|24445&4&60.73325553404224|24446&4&60.73325553404224|24447&4&168.6491269622987|24448&4&163.7864965177005|24449&4&166.5430807218328|24450&4&169.19272421327435|24451&4&169.37227259790546|24452&4&113.18785172623741|24453&4&169.43654979479726|24454&4&166.55508638310408|24455&4&164.16153524071092|24456&4&169.39333365795255|24457&4&21.913628308920533|24458&4&21.913628308920533|24459&4&21.913628308920533|24460&4&21.913628308920533|24461&4&21.913628308920533|24462&4&21.913628308920533|24463&4&21.913628308920533|24464&4&21.913628308920533|24465&4&21.913628308920533|24466&4&21.913628308920533|24467&4&24.531089468041596|24468&4&24.531089468041596|24469&4&24.531089468041596|24470&4&24.531089468041596|24471&4&24.531089468041596|24472&4&24.531089468041596|24473&4&24.531089468041596|24474&4&24.531089468041596|24475&4&24.531089468041596|24476&4&24.531089468041596|24477&4&29.48014643694872|24478&4&29.48014643694872|24479&4&29.48014643694872|24480&4&29.48014643694872|24481&4&29.48014643694872|24482&4&29.48014643694872|24483&4&29.48014643694872|24484&4&29.48014643694872|24485&4&29.48014643694872|24486&4&29.48014643694872|24487&4&34.502059386606874|24488&4&34.502059386606874|24489&4&34.502059386606874|24490&4&34.502059386606874|24491&4&34.502059386606874|24492&4&34.502059386606874|24493&4&34.502059386606874|24494&4&34.502059386606874|24495&4&34.502059386606874|24496&4&34.502059386606874|24497&4&4.923760495137874|24498&4&4.923760495137874|24499&4&5.5666325484050585|24500&4&5.5666325484050585|24501&4&6.218870720943396|24502&4&6.218870720943396|24503&4&6.8805793429889635|24504&4&6.8805793429889635|24505&4&7.551863782887164|24506&4&7.551863782887164|24507&4&17.077281892726006|24508&4&17.074194209756058|24509&4&2.7248454660071375|24510&4&2.7248454660071375|24511&4&3.0503131188913226|24512&4&3.0503131188913226|24513&4&3.665702558404997|24514&4&3.665702558404997|24515&4&4.290151259398439|24516&4&4.290151259398439,2|24397&4&34.502059386606874|24398&4&34.502059386606874|24399&4&34.502059386606874|24400&4&34.502059386606874|24401&4&34.502059386606874|24402&4&34.502059386606874|24403&4&34.502059386606874|24404&4&34.502059386606874|24405&4&34.502059386606874|24406&4&34.502059386606874|24407&4&39.597642772272835|24408&4&39.597642772272835|24409&4&39.597642772272835|24410&4&39.597642772272835|24411&4&39.597642772272835|24412&4&39.597642772272835|24413&4&39.597642772272835|24414&4&39.597642772272835|24415&4&39.597642772272835|24416&4&39.597642772272835|24417&4&44.76771916788327|24418&4&44.76771916788327|24419&4&44.76771916788327|24420&4&44.76771916788327|24421&4&44.76771916788327|24422&4&44.76771916788327|24423&4&44.76771916788327|24424&4&44.76771916788327|24425&4&44.76771916788327|24426&4&44.76771916788327|24427&4&50.01311934202191|24428&4&50.01311934202191|24429&4&50.01311934202191|24430&4&50.01311934202191|24431&4&50.01311934202191|24432&4&50.01311934202191|24433&4&50.01311934202191|24434&4&50.01311934202191|24435&4&50.01311934202191|24436&4&50.01311934202191|24437&4&55.334682334569465|24438&4&55.334682334569465|24439&4&55.334682334569465|24440&4&55.334682334569465|24441&4&55.334682334569465|24442&4&55.334682334569465|24443&4&55.334682334569465|24444&4&55.334682334569465|24445&4&55.334682334569465|24446&4&55.334682334569465|24447&4&60.73325553404224|24448&4&60.73325553404224|24449&4&60.73325553404224|24450&4&60.73325553404224|24451&4&60.73325553404224|24452&4&60.73325553404224|24453&4&60.73325553404224|24454&4&60.73325553404224|24455&4&60.73325553404224|24456&4&60.73325553404224|24457&4&168.99744931159404|24458&4&169.22903978764998|24459&4&164.29200812704323|24460&4&113.17415412902974|24461&4&164.39079739372374|24462&4&169.353221922486|24463&4&169.55655916486063|24464&4&164.11676804895987|24465&4&169.29780426831437|24466&4&169.56766165598503|24467&4&21.913628308920533|24468&4&21.913628308920533|24469&4&21.913628308920533|24470&4&21.913628308920533|24471&4&21.913628308920533|24472&4&21.913628308920533|24473&4&21.913628308920533|24474&4&21.913628308920533|24475&4&21.913628308920533|24476&4&21.913628308920533|24477&4&24.531089468041596|24478&4&24.531089468041596|24479&4&24.531089468041596|24480&4&24.531089468041596|24481&4&24.531089468041596|24482&4&24.531089468041596|24483&4&24.531089468041596|24484&4&24.531089468041596|24485&4&24.531089468041596|24486&4&24.531089468041596|24487&4&29.48014643694872|24488&4&29.48014643694872|24489&4&29.48014643694872|24490&4&29.48014643694872|24491&4&29.48014643694872|24492&4&29.48014643694872|24493&4&29.48014643694872|24494&4&29.48014643694872|24495&4&29.48014643694872|24496&4&29.48014643694872|24497&4&4.290151259398439|24498&4&4.290151259398439|24499&4&4.923760495137874|24500&4&4.923760495137874|24501&4&5.5666325484050585|24502&4&5.5666325484050585|24503&4&6.218870720943396|24504&4&6.218870720943396|24505&4&6.8805793429889635|24506&4&6.8805793429889635|24507&4&7.551863782887164|24508&4&7.551863782887164|24509&4&17.12280558590942|24510&4&17.067274294427307|24511&4&2.7248454660071375|24512&4&2.7248454660071375|24513&4&3.0503131188913226|24514&4&3.0503131188913226|24515&4&3.665702558404997|24516&4&3.665702558404997,2|24397&4&29.48014643694872|24398&4&29.48014643694872|24399&4&29.48014643694872|24400&4&29.48014643694872|24401&4&29.48014643694872|24402&4&29.48014643694872|24403&4&29.48014643694872|24404&4&29.48014643694872|24405&4&29.48014643694872|24406&4&29.48014643694872|24407&4&34.502059386606874|24408&4&34.502059386606874|24409&4&34.502059386606874|24410&4&34.502059386606874|24411&4&34.502059386606874|24412&4&34.502059386606874|24413&4&34.502059386606874|24414&4&34.502059386606874|24415&4&34.502059386606874|24416&4&34.502059386606874|24417&4&39.597642772272835|24418&4&39.597642772272835|24419&4&39.597642772272835|24420&4&39.597642772272835|24421&4&39.597642772272835|24422&4&39.597642772272835|24423&4&39.597642772272835|24424&4&39.597642772272835|24425&4&39.597642772272835|24426&4&39.597642772272835|24427&4&44.76771916788327|24428&4&44.76771916788327|24429&4&44.76771916788327|24430&4&44.76771916788327|24431&4&44.76771916788327|24432&4&44.76771916788327|24433&4&44.76771916788327|24434&4&44.76771916788327|24435&4&44.76771916788327|24436&4&44.76771916788327|24437&4&50.01311934202191|24438&4&50.01311934202191|24439&4&50.01311934202191|24440&4&103.96568203884127|24441&4&50.01311934202191|24442&4&50.01311934202191|24443&4&50.01311934202191|24444&4&50.01311934202191|24445&4&50.01311934202191|24446&4&50.01311934202191|24447&4&55.334682334569465|24448&4&55.334682334569465|24449&4&55.334682334569465|24450&4&55.334682334569465|24451&4&55.334682334569465|24452&4&106.3804528150053|24453&4&55.334682334569465|24454&4&55.334682334569465|24455&4&55.334682334569465|24456&4&55.334682334569465|24457&4&60.73325553404224|24458&4&60.73325553404224|24459&4&60.73325553404224|24460&4&60.73325553404224|24461&4&60.73325553404224|24462&4&60.73325553404224|24463&4&60.73325553404224|24464&4&60.73325553404224|24465&4&60.73325553404224|24466&4&60.73325553404224|24467&4&152.95670306845332|24468&4&66.20969475562579|24469&4&162.1591864591309|24470&4&168.3688233617093|24471&4&169.2670139495607|24472&4&169.13400199766937|24473&4&164.22003026303923|24474&4&160.2260059112399|24475&4&66.20969475562579|24476&4&156.35148717668176|24477&4&21.913628308920533|24478&4&21.913628308920533|24479&4&21.913628308920533|24480&4&21.913628308920533|24481&4&21.913628308920533|24482&4&21.913628308920533|24483&4&21.913628308920533|24484&4&21.913628308920533|24485&4&21.913628308920533|24486&4&21.913628308920533|24487&4&24.531089468041596|24488&4&24.531089468041596|24489&4&24.531089468041596|24490&4&24.531089468041596|24491&4&24.531089468041596|24492&4&24.531089468041596|24493&4&24.531089468041596|24494&4&24.531089468041596|24495&4&24.531089468041596|24496&4&24.531089468041596|24497&4&3.665702558404997|24498&4&3.665702558404997|24499&4&4.290151259398439|24500&4&9.529350430441147|24501&4&4.923760495137874|24502&4&4.923760495137874|24503&4&5.5666325484050585|24504&4&5.5666325484050585|24505&4&6.218870720943396|24506&4&6.218870720943396|24507&4&6.8805793429889635|24508&4&6.8805793429889635|24509&4&7.551863782887164|24510&4&7.551863782887164|24511&4&8.232830456795792|24512&4&8.232830456795792|24513&4&2.7248454660071375|24514&4&2.7248454660071375|24515&4&3.0503131188913226|24516&4&3.0503131188913226,2|24397&4&24.531089468041596|24398&4&24.531089468041596|24399&4&24.531089468041596|24400&4&24.531089468041596|24401&4&24.531089468041596|24402&4&24.531089468041596|24403&4&24.531089468041596|24404&4&24.531089468041596|24405&4&24.531089468041596|24406&4&24.531089468041596|24407&4&29.48014643694872|24408&4&29.48014643694872|24409&4&29.48014643694872|24410&4&29.48014643694872|24411&4&29.48014643694872|24412&4&29.48014643694872|24413&4&29.48014643694872|24414&4&29.48014643694872|24415&4&29.48014643694872|24416&4&29.48014643694872|24417&4&34.502059386606874|24418&4&34.502059386606874|24419&4&34.502059386606874|24420&4&34.502059386606874|24421&4&34.502059386606874|24422&4&34.502059386606874|24423&4&34.502059386606874|24424&4&34.502059386606874|24425&4&34.502059386606874|24426&4&34.502059386606874|24427&4&39.597642772272835|24428&4&39.597642772272835|24429&4&39.597642772272835|24430&4&39.597642772272835|24431&4&39.597642772272835|24432&4&39.597642772272835|24433&4&39.597642772272835|24434&4&39.597642772272835|24435&4&39.597642772272835|24436&4&39.597642772272835|24437&4&44.76771916788327|24438&4&44.76771916788327|24439&4&44.76771916788327|24440&4&44.76771916788327|24441&4&44.76771916788327|24442&4&44.76771916788327|24443&4&44.76771916788327|24444&4&44.76771916788327|24445&4&44.76771916788327|24446&4&44.76771916788327|24447&4&50.01311934202191|24448&4&50.01311934202191|24449&4&50.01311934202191|24450&4&50.01311934202191|24451&4&50.01311934202191|24452&4&50.01311934202191|24453&4&50.01311934202191|24454&4&50.01311934202191|24455&4&50.01311934202191|24456&4&50.01311934202191|24457&4&55.334682334569465|24458&4&55.334682334569465|24459&4&55.334682334569465|24460&4&55.334682334569465|24461&4&55.334682334569465|24462&4&55.334682334569465|24463&4&55.334682334569465|24464&4&55.334682334569465|24465&4&55.334682334569465|24466&4&55.334682334569465|24467&4&60.73325553404224|24468&4&60.73325553404224|24469&4&60.73325553404224|24470&4&60.73325553404224|24471&4&60.73325553404224|24472&4&60.73325553404224|24473&4&60.73325553404224|24474&4&60.73325553404224|24475&4&60.73325553404224|24476&4&60.73325553404224|24477&4&169.33481776550786|24478&4&146.39964266428782|24479&4&169.23320725497572|24480&4&169.80605554252713|24481&4&169.553988039434|24482&4&174.25616453209625|24483&4&149.8243870878364|24484&4&153.97010593673477|24485&4&152.10981617320562|24486&4&153.72891274235735|24487&4&21.913628308920533|24488&4&21.913628308920533|24489&4&21.913628308920533|24490&4&21.913628308920533|24491&4&21.913628308920533|24492&4&21.913628308920533|24493&4&21.913628308920533|24494&4&21.913628308920533|24495&4&21.913628308920533|24496&4&21.913628308920533|24497&4&3.0503131188913226|24498&4&3.0503131188913226|24499&4&3.665702558404997|24500&4&3.665702558404997|24501&4&4.290151259398439|24502&4&4.290151259398439|24503&4&4.923760495137874|24504&4&4.923760495137874|24505&4&5.5666325484050585|24506&4&5.5666325484050585|24507&4&6.218870720943396|24508&4&6.218870720943396|24509&4&6.8805793429889635|24510&4&6.8805793429889635|24511&4&16.366043743725598|24512&4&7.551863782887164|24513&4&17.120717836123504|24514&4&17.134213676574802|24515&4&2.7248454660071375|24516&4&2.7248454660071375,2|24397&4&21.913628308920533|24398&4&21.913628308920533|24399&4&21.913628308920533|24400&4&21.913628308920533|24401&4&21.913628308920533|24402&4&21.913628308920533|24403&4&21.913628308920533|24404&4&21.913628308920533|24405&4&21.913628308920533|24406&4&21.913628308920533|24407&4&24.531089468041596|24408&4&24.531089468041596|24409&4&24.531089468041596|24410&4&24.531089468041596|24411&4&24.531089468041596|24412&4&24.531089468041596|24413&4&24.531089468041596|24414&4&80.46764593231224|24415&4&24.531089468041596|24416&4&24.531089468041596|24417&4&29.48014643694872|24418&4&29.48014643694872|24419&4&29.48014643694872|24420&4&29.48014643694872|24421&4&29.48014643694872|24422&4&29.48014643694872|24423&4&29.48014643694872|24424&4&29.48014643694872|24425&4&29.48014643694872|24426&4&29.48014643694872|24427&4&34.502059386606874|24428&4&34.502059386606874|24429&4&34.502059386606874|24430&4&34.502059386606874|24431&4&34.502059386606874|24432&4&34.502059386606874|24433&4&34.502059386606874|24434&4&34.502059386606874|24435&4&34.502059386606874|24436&4&34.502059386606874|24437&4&39.597642772272835|24438&4&39.597642772272835|24439&4&39.597642772272835|24440&4&39.597642772272835|24441&4&39.597642772272835|24442&4&39.597642772272835|24443&4&39.597642772272835|24444&4&39.597642772272835|24445&4&39.597642772272835|24446&4&39.597642772272835|24447&4&44.76771916788327|24448&4&44.76771916788327|24449&4&44.76771916788327|24450&4&44.76771916788327|24451&4&44.76771916788327|24452&4&44.76771916788327|24453&4&44.76771916788327|24454&4&44.76771916788327|24455&4&44.76771916788327|24456&4&44.76771916788327|24457&4&50.01311934202191|24458&4&50.01311934202191|24459&4&50.01311934202191|24460&4&105.55494032429971|24461&4&50.01311934202191|24462&4&50.01311934202191|24463&4&50.01311934202191|24464&4&50.01311934202191|24465&4&50.01311934202191|24466&4&50.01311934202191|24467&4&55.334682334569465|24468&4&55.334682334569465|24469&4&55.334682334569465|24470&4&55.334682334569465|24471&4&55.334682334569465|24472&4&55.334682334569465|24473&4&55.334682334569465|24474&4&55.334682334569465|24475&4&55.334682334569465|24476&4&55.334682334569465|24477&4&60.73325553404224|24478&4&60.73325553404224|24479&4&60.73325553404224|24480&4&60.73325553404224|24481&4&60.73325553404224|24482&4&60.73325553404224|24483&4&60.73325553404224|24484&4&60.73325553404224|24485&4&60.73325553404224|24486&4&60.73325553404224|24487&4&166.66344443982948|24488&4&166.56943103923322|24489&4&164.2509765937832|24490&4&155.263644385773|24491&4&175.03010708075237|24492&4&169.12743943722228|24493&4&162.72540352711266|24494&4&66.20969475562579|24495&4&158.68633366021396|24496&4&164.3960186671349|24497&4&2.7248454660071375|24498&4&2.7248454660071375|24499&4&3.0503131188913226|24500&4&3.0503131188913226|24501&4&3.665702558404997|24502&4&3.665702558404997|24503&4&4.290151259398439|24504&4&4.290151259398439|24505&4&4.923760495137874|24506&4&4.923760495137874|24507&4&5.5666325484050585|24508&4&5.5666325484050585|24509&4&6.218870720943396|24510&4&6.218870720943396|24511&4&6.8805793429889635|24512&4&6.8805793429889635|24513&4&7.551863782887164|24514&4&7.551863782887164|24515&4&17.057385438864316|24516&4&17.0967753723462
3|4,130,1,1,1,1,1,1,1,1,1,1,1,1,1,1,1,1,1,1,1,1,1,1,1,1,1,1,1,1,1,1,1,1,1,1,1,1,1,1,1,1,1,1,1,1,1,1,1,1,1,1,1,1,1,1,1,1,1,1,1,1,1,1,1,1,1,1,1,1,1,1,1,1,1,1,1,1,1,1,1,1,1,1,1,1,1,1,1,1,1,1,1,1,1,1,1,1,1,1,1,1,0,0,0,0,0,0,0,0,0,0,0,0,0,0,0,0,0,0,0,0,2|24397&4&169.5401318226186|24398&4&159.63479243072544|24399&4&198.09140664353004|24400&4&235.40772387932492|24401&4&225.86974653801053|24402&4&159.51691898940072|24403&4&250.83645347343742|24404&4&179.15189320532207|24405&4&187.72164109497123|24406&4&240.9204581336026|24407&4&19.478780719040472|24408&4&19.478780719040472|24409&4&19.478780719040472|24410&4&19.478780719040472|24411&4&19.478780719040472|24412&4&19.478780719040472|24413&4&19.478780719040472|24414&4&19.478780719040472|24415&4&19.478780719040472|24416&4&19.478780719040472|24417&4&22.077980521237436|24418&4&22.077980521237436|24419&4&22.077980521237436|24420&4&22.077980521237436|24421&4&22.077980521237436|24422&4&22.077980521237436|24423&4&22.077980521237436|24424&4&22.077980521237436|24425&4&22.077980521237436|24426&4&22.077980521237436|24427&4&24.715072639051908|24428&4&24.715072639051908|24429&4&24.715072639051908|24430&4&24.715072639051908|24431&4&24.715072639051908|24432&4&24.715072639051908|24433&4&24.715072639051908|24434&4&24.715072639051908|24435&4&24.715072639051908|24436&4&24.715072639051908|24437&4&29.701247535225843|24438&4&29.701247535225843|24439&4&29.701247535225843|24440&4&29.701247535225843|24441&4&29.701247535225843|24442&4&29.701247535225843|24443&4&29.701247535225843|24444&4&29.701247535225843|24445&4&29.701247535225843|24446&4&29.701247535225843|24447&4&34.760824832006435|24448&4&34.760824832006435|24449&4&34.760824832006435|24450&4&34.760824832006435|24451&4&34.760824832006435|24452&4&34.760824832006435|24453&4&34.760824832006435|24454&4&34.760824832006435|24455&4&34.760824832006435|24456&4&34.760824832006435|24457&4&39.894625093064874|24458&4&39.894625093064874|24459&4&39.894625093064874|24460&4&39.894625093064874|24461&4&39.894625093064874|24462&4&39.894625093064874|24463&4&39.894625093064874|24464&4&39.894625093064874|24465&4&39.894625093064874|24466&4&39.894625093064874|24467&4&45.10347706164238|24468&4&45.10347706164238|24469&4&45.10347706164238|24470&4&45.10347706164238|24471&4&45.10347706164238|24472&4&45.10347706164238|24473&4&45.10347706164238|24474&4&45.10347706164238|24475&4&45.10347706164238|24476&4&45.10347706164238|24477&4&50.38821773708709|24478&4&50.38821773708709|24479&4&50.38821773708709|24480&4&50.38821773708709|24481&4&50.38821773708709|24482&4&74.25766977353575|24483&4&50.38821773708709|24484&4&50.38821773708709|24485&4&50.38821773708709|24486&4&50.38821773708709|24487&4&55.74969245207875|24488&4&55.74969245207875|24489&4&55.74969245207875|24490&4&55.74969245207875|24491&4&55.74969245207875|24492&4&55.74969245207875|24493&4&55.74969245207875|24494&4&185.75029426587835|24495&4&55.74969245207875|24496&4&55.74969245207875|24497&4&24.053271817636407|24498&4&25.763850366789697|24499&4&2.4220848586730113|24500&4&2.4220848586730113|24501&4&2.7452818070021903|24502&4&2.7452818070021903|24503&4&3.0731904672830073|24504&4&3.0731904672830073|24505&4&3.6931953275930347|24506&4&3.6931953275930347|24507&4&4.3223273938439295|24508&4&4.3223273938439295|24509&4&4.960688698851409|24510&4&4.960688698851409|24511&4&5.608382292518094|24512&4&5.608382292518094|24513&4&6.265512251350472|24514&4&6.265512251350472|24515&4&6.932183688061383|24516&4&6.932183688061383,2|24397&4&55.74969245207875|24398&4&55.74969245207875|24399&4&55.74969245207875|24400&4&55.74969245207875|24401&4&55.74969245207875|24402&4&55.74969245207875|24403&4&55.74969245207875|24404&4&55.74969245207875|24405&4&55.74969245207875|24406&4&55.74969245207875|24407&4&167.32906168873245|24408&4&230.23530062196625|24409&4&182.83715981204992|24410&4&175.27062171713908|24411&4&180.55938784717767|24412&4&230.6930166430808|24413&4&250.67620511650762|24414&4&105.68268517344019|24415&4&214.86526227153408|24416&4&186.30119589435446|24417&4&19.478780719040472|24418&4&19.478780719040472|24419&4&19.478780719040472|24420&4&19.478780719040472|24421&4&19.478780719040472|24422&4&19.478780719040472|24423&4&19.478780719040472|24424&4&19.478780719040472|24425&4&19.478780719040472|24426&4&19.478780719040472|24427&4&22.077980521237436|24428&4&22.077980521237436|24429&4&22.077980521237436|24430&4&22.077980521237436|24431&4&22.077980521237436|24432&4&22.077980521237436|24433&4&22.077980521237436|24434&4&22.077980521237436|24435&4&22.077980521237436|24436&4&22.077980521237436|24437&4&24.715072639051908|24438&4&24.715072639051908|24439&4&24.715072639051908|24440&4&24.715072639051908|24441&4&24.715072639051908|24442&4&24.715072639051908|24443&4&24.715072639051908|24444&4&24.715072639051908|24445&4&24.715072639051908|24446&4&24.715072639051908|24447&4&29.701247535225843|24448&4&29.701247535225843|24449&4&29.701247535225843|24450&4&29.701247535225843|24451&4&29.701247535225843|24452&4&29.701247535225843|24453&4&29.701247535225843|24454&4&29.701247535225843|24455&4&29.701247535225843|24456&4&29.701247535225843|24457&4&34.760824832006435|24458&4&34.760824832006435|24459&4&34.760824832006435|24460&4&34.760824832006435|24461&4&34.760824832006435|24462&4&34.760824832006435|24463&4&34.760824832006435|24464&4&34.760824832006435|24465&4&34.760824832006435|24466&4&34.760824832006435|24467&4&39.894625093064874|24468&4&124.94366283211848|24469&4&39.894625093064874|24470&4&39.894625093064874|24471&4&39.894625093064874|24472&4&39.894625093064874|24473&4&39.894625093064874|24474&4&39.894625093064874|24475&4&214.5109970400007|24476&4&39.894625093064874|24477&4&45.10347706164238|24478&4&45.10347706164238|24479&4&45.10347706164238|24480&4&45.10347706164238|24481&4&45.10347706164238|24482&4&45.10347706164238|24483&4&45.10347706164238|24484&4&45.10347706164238|24485&4&45.10347706164238|24486&4&45.10347706164238|24487&4&50.38821773708709|24488&4&50.38821773708709|24489&4&50.38821773708709|24490&4&50.38821773708709|24491&4&50.38821773708709|24492&4&50.38821773708709|24493&4&50.38821773708709|24494&4&50.38821773708709|24495&4&50.38821773708709|24496&4&50.38821773708709|24497&4&6.932183688061383|24498&4&6.932183688061383|24499&4&24.27106859986489|24500&4&11.086460212933506|24501&4&2.4220848586730113|24502&4&2.4220848586730113|24503&4&2.7452818070021903|24504&4&2.7452818070021903|24505&4&3.0731904672830073|24506&4&3.0731904672830073|24507&4&3.6931953275930347|24508&4&3.6931953275930347|24509&4&4.3223273938439295|24510&4&4.3223273938439295|24511&4&4.960688698851409|24512&4&18.029388302084342|24513&4&5.608382292518094|24514&4&5.608382292518094|24515&4&6.265512251350472|24516&4&6.265512251350472,2|24397&4&50.38821773708709|24398&4&50.38821773708709|24399&4&50.38821773708709|24400&4&50.38821773708709|24401&4&50.38821773708709|24402&4&50.38821773708709|24403&4&50.38821773708709|24404&4&50.38821773708709|24405&4&50.38821773708709|24406&4&50.38821773708709|24407&4&55.74969245207875|24408&4&55.74969245207875|24409&4&55.74969245207875|24410&4&55.74969245207875|24411&4&55.74969245207875|24412&4&55.74969245207875|24413&4&55.74969245207875|24414&4&55.74969245207875|24415&4&55.74969245207875|24416&4&55.74969245207875|24417&4&202.32432612723588|24418&4&162.9465498659162|24419&4&193.12233078534075|24420&4&190.27478212547464|24421&4&182.86729058700303|24422&4&230.5464653355843|24423&4&158.66664172772292|24424&4&166.96153825378795|24425&4&185.76524490867655|24426&4&220.50412075584526|24427&4&19.478780719040472|24428&4&19.478780719040472|24429&4&19.478780719040472|24430&4&19.478780719040472|24431&4&19.478780719040472|24432&4&19.478780719040472|24433&4&19.478780719040472|24434&4&19.478780719040472|24435&4&19.478780719040472|24436&4&19.478780719040472|24437&4&22.077980521237436|24438&4&22.077980521237436|24439&4&22.077980521237436|24440&4&22.077980521237436|24441&4&22.077980521237436|24442&4&22.077980521237436|24443&4&22.077980521237436|24444&4&22.077980521237436|24445&4&22.077980521237436|24446&4&22.077980521237436|24447&4&24.715072639051908|24448&4&24.715072639051908|24449&4&24.715072639051908|24450&4&24.715072639051908|24451&4&24.715072639051908|24452&4&24.715072639051908|24453&4&24.715072639051908|24454&4&24.715072639051908|24455&4&24.715072639051908|24456&4&24.715072639051908|24457&4&29.701247535225843|24458&4&29.701247535225843|24459&4&29.701247535225843|24460&4&29.701247535225843|24461&4&29.701247535225843|24462&4&29.701247535225843|24463&4&29.701247535225843|24464&4&29.701247535225843|24465&4&29.701247535225843|24466&4&29.701247535225843|24467&4&34.760824832006435|24468&4&36.4937488825591|24469&4&34.760824832006435|24470&4&34.760824832006435|24471&4&34.760824832006435|24472&4&34.760824832006435|24473&4&34.760824832006435|24474&4&34.760824832006435|24475&4&34.760824832006435|24476&4&34.760824832006435|24477&4&39.894625093064874|24478&4&39.894625093064874|24479&4&39.894625093064874|24480&4&39.894625093064874|24481&4&39.894625093064874|24482&4&39.894625093064874|24483&4&39.894625093064874|24484&4&39.894625093064874|24485&4&39.894625093064874|24486&4&39.894625093064874|24487&4&45.10347706164238|24488&4&45.10347706164238|24489&4&45.10347706164238|24490&4&45.10347706164238|24491&4&45.10347706164238|24492&4&45.10347706164238|24493&4&45.10347706164238|24494&4&45.10347706164238|24495&4&45.10347706164238|24496&4&45.10347706164238|24497&4&6.265512251350472|24498&4&6.265512251350472|24499&4&6.932183688061383|24500&4&6.932183688061383|24501&4&26.03141160377253|24502&4&20.718360229567043|24503&4&2.4220848586730113|24504&4&2.4220848586730113|24505&4&2.7452818070021903|24506&4&2.7452818070021903|24507&4&3.0731904672830073|24508&4&3.0731904672830073|24509&4&3.6931953275930347|24510&4&3.6931953275930347|24511&4&4.3223273938439295|24512&4&4.3223273938439295|24513&4&4.960688698851409|24514&4&4.960688698851409|24515&4&5.608382292518094|24516&4&5.608382292518094,2|24397&4&45.10347706164238|24398&4&45.10347706164238|24399&4&45.10347706164238|24400&4&45.10347706164238|24401&4&45.10347706164238|24402&4&45.10347706164238|24403&4&45.10347706164238|24404&4&45.10347706164238|24405&4&45.10347706164238|24406&4&45.10347706164238|24407&4&50.38821773708709|24408&4&50.38821773708709|24409&4&50.38821773708709|24410&4&50.38821773708709|24411&4&50.38821773708709|24412&4&50.38821773708709|24413&4&50.38821773708709|24414&4&50.38821773708709|24415&4&50.38821773708709|24416&4&50.38821773708709|24417&4&55.74969245207875|24418&4&55.74969245207875|24419&4&55.74969245207875|24420&4&55.74969245207875|24421&4&55.74969245207875|24422&4&55.74969245207875|24423&4&55.74969245207875|24424&4&55.74969245207875|24425&4&55.74969245207875|24426&4&55.74969245207875|24427&4&159.10396111138385|24428&4&224.60577768946715|24429&4&156.21502283363145|24430&4&205.44600879252175|24431&4&156.84809163619946|24432&4&215.54610926552647|24433&4&157.77968826761426|24434&4&204.60872532860333|24435&4&203.71935581816308|24436&4&231.03115095562384|24437&4&19.478780719040472|24438&4&19.478780719040472|24439&4&19.478780719040472|24440&4&19.478780719040472|24441&4&19.478780719040472|24442&4&19.478780719040472|24443&4&19.478780719040472|24444&4&19.478780719040472|24445&4&19.478780719040472|24446&4&19.478780719040472|24447&4&22.077980521237436|24448&4&22.077980521237436|24449&4&22.077980521237436|24450&4&22.077980521237436|24451&4&22.077980521237436|24452&4&22.077980521237436|24453&4&22.077980521237436|24454&4&22.077980521237436|24455&4&22.077980521237436|24456&4&22.077980521237436|24457&4&24.715072639051908|24458&4&24.715072639051908|24459&4&24.715072639051908|24460&4&24.715072639051908|24461&4&24.715072639051908|24462&4&24.715072639051908|24463&4&24.715072639051908|24464&4&24.715072639051908|24465&4&24.715072639051908|24466&4&24.715072639051908|24467&4&29.701247535225843|24468&4&29.701247535225843|24469&4&29.701247535225843|24470&4&29.701247535225843|24471&4&29.701247535225843|24472&4&29.701247535225843|24473&4&29.701247535225843|24474&4&29.701247535225843|24475&4&29.701247535225843|24476&4&29.701247535225843|24477&4&34.760824832006435|24478&4&34.760824832006435|24479&4&34.760824832006435|24480&4&34.760824832006435|24481&4&34.760824832006435|24482&4&34.760824832006435|24483&4&34.760824832006435|24484&4&34.760824832006435|24485&4&34.760824832006435|24486&4&34.760824832006435|24487&4&39.894625093064874|24488&4&39.894625093064874|24489&4&39.894625093064874|24490&4&39.894625093064874|24491&4&39.894625093064874|24492&4&39.894625093064874|24493&4&39.894625093064874|24494&4&39.894625093064874|24495&4&39.894625093064874|24496&4&39.894625093064874|24497&4&5.608382292518094|24498&4&5.608382292518094|24499&4&6.265512251350472|24500&4&6.265512251350472|24501&4&6.932183688061383|24502&4&6.932183688061383|24503&4&20.806655578298464|24504&4&16.049308047007965|24505&4&2.4220848586730113|24506&4&2.4220848586730113|24507&4&2.7452818070021903|24508&4&2.7452818070021903|24509&4&3.0731904672830073|24510&4&3.0731904672830073|24511&4&3.6931953275930347|24512&4&3.6931953275930347|24513&4&4.3223273938439295|24514&4&4.3223273938439295|24515&4&4.960688698851409|24516&4&4.960688698851409,2|24397&4&39.894625093064874|24398&4&39.894625093064874|24399&4&39.894625093064874|24400&4&39.894625093064874|24401&4&39.894625093064874|24402&4&39.894625093064874|24403&4&39.894625093064874|24404&4&39.894625093064874|24405&4&39.894625093064874|24406&4&39.894625093064874|24407&4&45.10347706164238|24408&4&45.10347706164238|24409&4&45.10347706164238|24410&4&45.10347706164238|24411&4&45.10347706164238|24412&4&45.10347706164238|24413&4&45.10347706164238|24414&4&45.10347706164238|24415&4&45.10347706164238|24416&4&45.10347706164238|24417&4&50.38821773708709|24418&4&94.89274240979299|24419&4&50.38821773708709|24420&4&50.38821773708709|24421&4&50.38821773708709|24422&4&50.38821773708709|24423&4&50.38821773708709|24424&4&50.38821773708709|24425&4&50.38821773708709|24426&4&50.38821773708709|24427&4&55.74969245207875|24428&4&55.74969245207875|24429&4&55.74969245207875|24430&4&55.74969245207875|24431&4&55.74969245207875|24432&4&55.74969245207875|24433&4&55.74969245207875|24434&4&55.74969245207875|24435&4&55.74969245207875|24436&4&55.74969245207875|24437&4&226.0134599317452|24438&4&195.3931809312702|24439&4&183.47117632479532|24440&4&105.69327962325346|24441&4&180.0764385646351|24442&4&162.75509767492383|24443&4&226.2817088537554|24444&4&169.06803607604098|24445&4&156.46319487018314|24446&4&245.9535071818931|24447&4&19.478780719040472|24448&4&19.478780719040472|24449&4&19.478780719040472|24450&4&19.478780719040472|24451&4&19.478780719040472|24452&4&19.478780719040472|24453&4&19.478780719040472|24454&4&19.478780719040472|24455&4&19.478780719040472|24456&4&19.478780719040472|24457&4&22.077980521237436|24458&4&22.077980521237436|24459&4&22.077980521237436|24460&4&22.077980521237436|24461&4&22.077980521237436|24462&4&22.077980521237436|24463&4&22.077980521237436|24464&4&22.077980521237436|24465&4&22.077980521237436|24466&4&22.077980521237436|24467&4&24.715072639051908|24468&4&24.715072639051908|24469&4&24.715072639051908|24470&4&24.715072639051908|24471&4&24.715072639051908|24472&4&24.715072639051908|24473&4&24.715072639051908|24474&4&24.715072639051908|24475&4&24.715072639051908|24476&4&24.715072639051908|24477&4&29.701247535225843|24478&4&29.701247535225843|24479&4&29.701247535225843|24480&4&29.701247535225843|24481&4&29.701247535225843|24482&4&29.701247535225843|24483&4&29.701247535225843|24484&4&29.701247535225843|24485&4&29.701247535225843|24486&4&29.701247535225843|24487&4&34.760824832006435|24488&4&34.760824832006435|24489&4&34.760824832006435|24490&4&34.760824832006435|24491&4&34.760824832006435|24492&4&34.760824832006435|24493&4&34.760824832006435|24494&4&34.760824832006435|24495&4&34.760824832006435|24496&4&34.760824832006435|24497&4&4.960688698851409|24498&4&4.960688698851409|24499&4&5.608382292518094|24500&4&5.608382292518094|24501&4&6.265512251350472|24502&4&6.265512251350472|24503&4&6.932183688061383|24504&4&6.932183688061383|24505&4&22.279054633561373|24506&4&24.374472607238246|24507&4&2.4220848586730113|24508&4&2.4220848586730113|24509&4&2.7452818070021903|24510&4&2.7452818070021903|24511&4&3.0731904672830073|24512&4&3.0731904672830073|24513&4&3.6931953275930347|24514&4&3.6931953275930347|24515&4&4.3223273938439295|24516&4&4.3223273938439295,2|24397&4&34.760824832006435|24398&4&34.760824832006435|24399&4&34.760824832006435|24400&4&34.760824832006435|24401&4&34.760824832006435|24402&4&34.760824832006435|24403&4&34.760824832006435|24404&4&34.760824832006435|24405&4&34.760824832006435|24406&4&34.760824832006435|24407&4&39.894625093064874|24408&4&39.894625093064874|24409&4&39.894625093064874|24410&4&39.894625093064874|24411&4&39.894625093064874|24412&4&39.894625093064874|24413&4&39.894625093064874|24414&4&39.894625093064874|24415&4&39.894625093064874|24416&4&39.894625093064874|24417&4&45.10347706164238|24418&4&45.10347706164238|24419&4&45.10347706164238|24420&4&45.10347706164238|24421&4&45.10347706164238|24422&4&45.10347706164238|24423&4&45.10347706164238|24424&4&45.10347706164238|24425&4&45.10347706164238|24426&4&45.10347706164238|24427&4&50.38821773708709|24428&4&50.38821773708709|24429&4&50.38821773708709|24430&4&50.38821773708709|24431&4&50.38821773708709|24432&4&50.38821773708709|24433&4&50.38821773708709|24434&4&50.38821773708709|24435&4&50.38821773708709|24436&4&50.38821773708709|24437&4&55.74969245207875|24438&4&55.74969245207875|24439&4&55.74969245207875|24440&4&55.74969245207875|24441&4&55.74969245207875|24442&4&55.74969245207875|24443&4&55.74969245207875|24444&4&55.74969245207875|24445&4&55.74969245207875|24446&4&55.74969245207875|24447&4&183.051668650895|24448&4&204.39959377668833|24449&4&156.6694010610413|24450&4&225.39928856049565|24451&4&231.38153037427227|24452&4&105.69437734375857|24453&4&213.39472010773594|24454&4&156.39324202915967|24455&4&197.67627833676397|24456&4&214.72171383678244|24457&4&19.478780719040472|24458&4&19.478780719040472|24459&4&19.478780719040472|24460&4&19.478780719040472|24461&4&19.478780719040472|24462&4&19.478780719040472|24463&4&19.478780719040472|24464&4&19.478780719040472|24465&4&19.478780719040472|24466&4&19.478780719040472|24467&4&22.077980521237436|24468&4&22.077980521237436|24469&4&22.077980521237436|24470&4&22.077980521237436|24471&4&22.077980521237436|24472&4&22.077980521237436|24473&4&22.077980521237436|24474&4&22.077980521237436|24475&4&22.077980521237436|24476&4&22.077980521237436|24477&4&24.715072639051908|24478&4&24.715072639051908|24479&4&24.715072639051908|24480&4&24.715072639051908|24481&4&24.715072639051908|24482&4&24.715072639051908|24483&4&24.715072639051908|24484&4&24.715072639051908|24485&4&24.715072639051908|24486&4&24.715072639051908|24487&4&29.701247535225843|24488&4&29.701247535225843|24489&4&29.701247535225843|24490&4&29.701247535225843|24491&4&29.701247535225843|24492&4&29.701247535225843|24493&4&29.701247535225843|24494&4&29.701247535225843|24495&4&29.701247535225843|24496&4&29.701247535225843|24497&4&4.3223273938439295|24498&4&4.3223273938439295|24499&4&4.960688698851409|24500&4&4.960688698851409|24501&4&5.608382292518094|24502&4&5.608382292518094|24503&4&6.265512251350472|24504&4&6.265512251350472|24505&4&6.932183688061383|24506&4&6.932183688061383|24507&4&25.944346206318773|24508&4&24.388062671006455|24509&4&2.4220848586730113|24510&4&2.4220848586730113|24511&4&2.7452818070021903|24512&4&2.7452818070021903|24513&4&3.0731904672830073|24514&4&3.0731904672830073|24515&4&3.6931953275930347|24516&4&3.6931953275930347,2|24397&4&29.701247535225843|24398&4&29.701247535225843|24399&4&29.701247535225843|24400&4&29.701247535225843|24401&4&29.701247535225843|24402&4&29.701247535225843|24403&4&29.701247535225843|24404&4&29.701247535225843|24405&4&29.701247535225843|24406&4&29.701247535225843|24407&4&34.760824832006435|24408&4&34.760824832006435|24409&4&34.760824832006435|24410&4&34.760824832006435|24411&4&34.760824832006435|24412&4&34.760824832006435|24413&4&34.760824832006435|24414&4&34.760824832006435|24415&4&34.760824832006435|24416&4&34.760824832006435|24417&4&39.894625093064874|24418&4&39.894625093064874|24419&4&39.894625093064874|24420&4&39.894625093064874|24421&4&39.894625093064874|24422&4&39.894625093064874|24423&4&39.894625093064874|24424&4&39.894625093064874|24425&4&39.894625093064874|24426&4&39.894625093064874|24427&4&45.10347706164238|24428&4&45.10347706164238|24429&4&45.10347706164238|24430&4&45.10347706164238|24431&4&45.10347706164238|24432&4&45.10347706164238|24433&4&45.10347706164238|24434&4&45.10347706164238|24435&4&45.10347706164238|24436&4&45.10347706164238|24437&4&50.38821773708709|24438&4&50.38821773708709|24439&4&50.38821773708709|24440&4&50.38821773708709|24441&4&50.38821773708709|24442&4&50.38821773708709|24443&4&50.38821773708709|24444&4&50.38821773708709|24445&4&50.38821773708709|24446&4&50.38821773708709|24447&4&55.74969245207875|24448&4&55.74969245207875|24449&4&55.74969245207875|24450&4&55.74969245207875|24451&4&55.74969245207875|24452&4&55.74969245207875|24453&4&55.74969245207875|24454&4&55.74969245207875|24455&4&55.74969245207875|24456&4&55.74969245207875|24457&4&208.96512195359253|24458&4&216.11036454183875|24459&4&154.24336197083255|24460&4&105.68140067271973|24461&4&235.65219626157582|24462&4&200.84743178979653|24463&4&246.1517533347096|24464&4&191.35117548643842|24465&4&221.03992447714768|24466&4&246.1025676908032|24467&4&19.478780719040472|24468&4&19.478780719040472|24469&4&19.478780719040472|24470&4&19.478780719040472|24471&4&19.478780719040472|24472&4&19.478780719040472|24473&4&19.478780719040472|24474&4&19.478780719040472|24475&4&19.478780719040472|24476&4&19.478780719040472|24477&4&22.077980521237436|24478&4&22.077980521237436|24479&4&22.077980521237436|24480&4&22.077980521237436|24481&4&22.077980521237436|24482&4&22.077980521237436|24483&4&22.077980521237436|24484&4&22.077980521237436|24485&4&22.077980521237436|24486&4&22.077980521237436|24487&4&24.715072639051908|24488&4&24.715072639051908|24489&4&24.715072639051908|24490&4&24.715072639051908|24491&4&24.715072639051908|24492&4&24.715072639051908|24493&4&24.715072639051908|24494&4&24.715072639051908|24495&4&24.715072639051908|24496&4&24.715072639051908|24497&4&3.6931953275930347|24498&4&3.6931953275930347|24499&4&4.3223273938439295|24500&4&4.3223273938439295|24501&4&4.960688698851409|24502&4&4.960688698851409|24503&4&5.608382292518094|24504&4&5.608382292518094|24505&4&6.265512251350472|24506&4&6.265512251350472|24507&4&6.932183688061383|24508&4&6.932183688061383|24509&4&25.993641552049993|24510&4&27.892473005072404|24511&4&2.4220848586730113|24512&4&2.4220848586730113|24513&4&2.7452818070021903|24514&4&2.7452818070021903|24515&4&3.0731904672830073|24516&4&3.0731904672830073,2|24397&4&24.715072639051908|24398&4&24.715072639051908|24399&4&24.715072639051908|24400&4&24.715072639051908|24401&4&24.715072639051908|24402&4&24.715072639051908|24403&4&24.715072639051908|24404&4&24.715072639051908|24405&4&24.715072639051908|24406&4&24.715072639051908|24407&4&29.701247535225843|24408&4&29.701247535225843|24409&4&29.701247535225843|24410&4&29.701247535225843|24411&4&29.701247535225843|24412&4&29.701247535225843|24413&4&29.701247535225843|24414&4&29.701247535225843|24415&4&29.701247535225843|24416&4&29.701247535225843|24417&4&34.760824832006435|24418&4&34.760824832006435|24419&4&34.760824832006435|24420&4&34.760824832006435|24421&4&34.760824832006435|24422&4&34.760824832006435|24423&4&34.760824832006435|24424&4&34.760824832006435|24425&4&34.760824832006435|24426&4&34.760824832006435|24427&4&39.894625093064874|24428&4&39.894625093064874|24429&4&39.894625093064874|24430&4&39.894625093064874|24431&4&39.894625093064874|24432&4&39.894625093064874|24433&4&39.894625093064874|24434&4&39.894625093064874|24435&4&39.894625093064874|24436&4&39.894625093064874|24437&4&45.10347706164238|24438&4&45.10347706164238|24439&4&45.10347706164238|24440&4&102.4630691369153|24441&4&45.10347706164238|24442&4&45.10347706164238|24443&4&45.10347706164238|24444&4&45.10347706164238|24445&4&45.10347706164238|24446&4&45.10347706164238|24447&4&50.38821773708709|24448&4&50.38821773708709|24449&4&50.38821773708709|24450&4&50.38821773708709|24451&4&50.38821773708709|24452&4&135.79827894671982|24453&4&50.38821773708709|24454&4&50.38821773708709|24455&4&50.38821773708709|24456&4&50.38821773708709|24457&4&55.74969245207875|24458&4&55.74969245207875|24459&4&55.74969245207875|24460&4&55.74969245207875|24461&4&55.74969245207875|24462&4&55.74969245207875|24463&4&55.74969245207875|24464&4&55.74969245207875|24465&4&55.74969245207875|24466&4&55.74969245207875|24467&4&225.81039400196892|24468&4&61.18875495054756|24469&4&191.05365073181108|24470&4&158.11630039745688|24471&4&178.28201613767632|24472&4&183.64902988320492|24473&4&235.92380868435745|24474&4&173.20769162852804|24475&4&61.18875495054756|24476&4&158.56765504854127|24477&4&19.478780719040472|24478&4&19.478780719040472|24479&4&19.478780719040472|24480&4&19.478780719040472|24481&4&19.478780719040472|24482&4&19.478780719040472|24483&4&19.478780719040472|24484&4&19.478780719040472|24485&4&19.478780719040472|24486&4&19.478780719040472|24487&4&22.077980521237436|24488&4&22.077980521237436|24489&4&22.077980521237436|24490&4&22.077980521237436|24491&4&22.077980521237436|24492&4&22.077980521237436|24493&4&22.077980521237436|24494&4&22.077980521237436|24495&4&22.077980521237436|24496&4&22.077980521237436|24497&4&3.0731904672830073|24498&4&3.0731904672830073|24499&4&3.6931953275930347|24500&4&20.341089499469582|24501&4&4.3223273938439295|24502&4&4.3223273938439295|24503&4&4.960688698851409|24504&4&4.960688698851409|24505&4&5.608382292518094|24506&4&5.608382292518094|24507&4&6.265512251350472|24508&4&6.265512251350472|24509&4&6.932183688061383|24510&4&6.932183688061383|24511&4&7.608502761258817|24512&4&7.608502761258817|24513&4&2.4220848586730113|24514&4&2.4220848586730113|24515&4&2.7452818070021903|24516&4&2.7452818070021903,2|24397&4&22.077980521237436|24398&4&22.077980521237436|24399&4&22.077980521237436|24400&4&22.077980521237436|24401&4&22.077980521237436|24402&4&22.077980521237436|24403&4&22.077980521237436|24404&4&22.077980521237436|24405&4&22.077980521237436|24406&4&22.077980521237436|24407&4&24.715072639051908|24408&4&24.715072639051908|24409&4&24.715072639051908|24410&4&24.715072639051908|24411&4&24.715072639051908|24412&4&24.715072639051908|24413&4&24.715072639051908|24414&4&24.715072639051908|24415&4&24.715072639051908|24416&4&24.715072639051908|24417&4&29.701247535225843|24418&4&29.701247535225843|24419&4&29.701247535225843|24420&4&29.701247535225843|24421&4&29.701247535225843|24422&4&29.701247535225843|24423&4&29.701247535225843|24424&4&29.701247535225843|24425&4&29.701247535225843|24426&4&29.701247535225843|24427&4&34.760824832006435|24428&4&34.760824832006435|24429&4&34.760824832006435|24430&4&34.760824832006435|24431&4&34.760824832006435|24432&4&34.760824832006435|24433&4&34.760824832006435|24434&4&34.760824832006435|24435&4&34.760824832006435|24436&4&34.760824832006435|24437&4&39.894625093064874|24438&4&39.894625093064874|24439&4&39.894625093064874|24440&4&39.894625093064874|24441&4&39.894625093064874|24442&4&39.894625093064874|24443&4&39.894625093064874|24444&4&39.894625093064874|24445&4&39.894625093064874|24446&4&39.894625093064874|24447&4&45.10347706164238|24448&4&45.10347706164238|24449&4&45.10347706164238|24450&4&45.10347706164238|24451&4&45.10347706164238|24452&4&45.10347706164238|24453&4&45.10347706164238|24454&4&45.10347706164238|24455&4&45.10347706164238|24456&4&45.10347706164238|24457&4&50.38821773708709|24458&4&50.38821773708709|24459&4&50.38821773708709|24460&4&50.38821773708709|24461&4&50.38821773708709|24462&4&50.38821773708709|24463&4&50.38821773708709|24464&4&50.38821773708709|24465&4&50.38821773708709|24466&4&50.38821773708709|24467&4&55.74969245207875|24468&4&55.74969245207875|24469&4&55.74969245207875|24470&4&55.74969245207875|24471&4&55.74969245207875|24472&4&55.74969245207875|24473&4&55.74969245207875|24474&4&55.74969245207875|24475&4&55.74969245207875|24476&4&55.74969245207875|24477&4&171.58313651783578|24478&4&176.95372933380492|24479&4&202.61027767482773|24480&4&198.79801688525734|24481&4&231.50526118412586|24482&4&163.70930698757536|24483&4&174.47642821144467|24484&4&230.33133310769887|24485&4&169.4094381965068|24486&4&230.80123931076366|24487&4&19.478780719040472|24488&4&19.478780719040472|24489&4&19.478780719040472|24490&4&19.478780719040472|24491&4&19.478780719040472|24492&4&19.478780719040472|24493&4&19.478780719040472|24494&4&19.478780719040472|24495&4&19.478780719040472|24496&4&19.478780719040472|24497&4&2.7452818070021903|24498&4&2.7452818070021903|24499&4&3.0731904672830073|24500&4&3.0731904672830073|24501&4&3.6931953275930347|24502&4&3.6931953275930347|24503&4&4.3223273938439295|24504&4&4.3223273938439295|24505&4&4.960688698851409|24506&4&4.960688698851409|24507&4&5.608382292518094|24508&4&5.608382292518094|24509&4&6.265512251350472|24510&4&6.265512251350472|24511&4&20.238379608707184|24512&4&6.932183688061383|24513&4&24.26119394888076|24514&4&16.663754343169877|24515&4&2.4220848586730113|24516&4&2.4220848586730113,2|24397&4&19.478780719040472|24398&4&19.478780719040472|24399&4&19.478780719040472|24400&4&19.478780719040472|24401&4&19.478780719040472|24402&4&19.478780719040472|24403&4&19.478780719040472|24404&4&19.478780719040472|24405&4&19.478780719040472|24406&4&19.478780719040472|24407&4&22.077980521237436|24408&4&22.077980521237436|24409&4&22.077980521237436|24410&4&22.077980521237436|24411&4&22.077980521237436|24412&4&22.077980521237436|24413&4&22.077980521237436|24414&4&106.25279849440639|24415&4&22.077980521237436|24416&4&22.077980521237436|24417&4&24.715072639051908|24418&4&24.715072639051908|24419&4&24.715072639051908|24420&4&24.715072639051908|24421&4&24.715072639051908|24422&4&24.715072639051908|24423&4&24.715072639051908|24424&4&24.715072639051908|24425&4&24.715072639051908|24426&4&24.715072639051908|24427&4&29.701247535225843|24428&4&29.701247535225843|24429&4&61.46558566806091|24430&4&29.701247535225843|24431&4&29.701247535225843|24432&4&29.701247535225843|24433&4&29.701247535225843|24434&4&29.701247535225843|24435&4&29.701247535225843|24436&4&29.701247535225843|24437&4&34.760824832006435|24438&4&34.760824832006435|24439&4&34.760824832006435|24440&4&34.760824832006435|24441&4&34.760824832006435|24442&4&34.760824832006435|24443&4&34.760824832006435|24444&4&34.760824832006435|24445&4&34.760824832006435|24446&4&34.760824832006435|24447&4&39.894625093064874|24448&4&39.894625093064874|24449&4&39.894625093064874|24450&4&39.894625093064874|24451&4&39.894625093064874|24452&4&39.894625093064874|24453&4&39.894625093064874|24454&4&39.894625093064874|24455&4&39.894625093064874|24456&4&39.894625093064874|24457&4&45.10347706164238|24458&4&45.10347706164238|24459&4&106.39205227702702|24460&4&97.86820699480629|24461&4&45.10347706164238|24462&4&45.10347706164238|24463&4&45.10347706164238|24464&4&45.10347706164238|24465&4&45.10347706164238|24466&4&45.10347706164238|24467&4&50.38821773708709|24468&4&50.38821773708709|24469&4&50.38821773708709|24470&4&50.38821773708709|24471&4&50.38821773708709|24472&4&50.38821773708709|24473&4&50.38821773708709|24474&4&50.38821773708709|24475&4&50.38821773708709|24476&4&50.38821773708709|24477&4&55.74969245207875|24478&4&55.74969245207875|24479&4&55.74969245207875|24480&4&55.74969245207875|24481&4&55.74969245207875|24482&4&55.74969245207875|24483&4&55.74969245207875|24484&4&55.74969245207875|24485&4&55.74969245207875|24486&4&55.74969245207875|24487&4&156.49622646797948|24488&4&156.4068268637992|24489&4&235.4143197929048|24490&4&180.62038212998812|24491&4&164.44451582768892|24492&4&192.3961604351657|24493&4&172.9394973301409|24494&4&61.18875495054756|24495&4&179.66378865420603|24496&4&231.6579810333736|24497&4&2.4220848586730113|24498&4&2.4220848586730113|24499&4&2.7452818070021903|24500&4&2.7452818070021903|24501&4&3.0731904672830073|24502&4&3.0731904672830073|24503&4&3.6931953275930347|24504&4&10.269104626275704|24505&4&4.3223273938439295|24506&4&4.3223273938439295|24507&4&4.960688698851409|24508&4&4.960688698851409|24509&4&5.608382292518094|24510&4&5.608382292518094|24511&4&6.265512251350472|24512&4&6.265512251350472|24513&4&6.932183688061383|24514&4&6.932183688061383|24515&4&20.927619795430097|24516&4&24.355614113767174
4|4,130,1,1,1,1,1,1,1,1,1,1,1,1,1,1,1,1,1,1,1,1,1,1,1,1,1,1,1,1,1,1,1,1,1,1,1,1,1,1,1,1,1,1,1,1,1,1,1,1,1,1,1,1,1,1,1,1,1,1,1,1,1,1,1,1,1,1,1,1,1,1,1,1,1,1,1,1,1,1,1,1,1,1,1,1,1,1,1,1,1,1,1,1,1,1,1,1,1,1,1,1,0,0,0,0,0,0,0,0,0,0,0,0,0,0,0,0,0,0,0,0,2|24397&4&158.7307926989864|24398&4&149.3106863904287|24399&4&185.82505386061106|24400&4&221.30219628527692|24401&4&212.23974036291696|24402&4&149.24875874626287|24403&4&235.9330936950685|24404&4&167.85329544245394|24405&4&175.97393714997835|24406&4&226.52504976661646|24407&4&17.04393312916041|24408&4&17.04393312916041|24409&4&17.04393312916041|24410&4&17.04393312916041|24411&4&17.04393312916041|24412&4&17.04393312916041|24413&4&17.04393312916041|24414&4&17.04393312916041|24415&4&17.04393312916041|24416&4&17.04393312916041|24417&4&19.624871574433275|24418&4&19.624871574433275|24419&4&19.624871574433275|24420&4&19.624871574433275|24421&4&19.624871574433275|24422&4&19.624871574433275|24423&4&19.624871574433275|24424&4&19.624871574433275|24425&4&19.624871574433275|24426&4&19.624871574433275|24427&4&22.243565375146716|24428&4&22.243565375146716|24429&4&22.243565375146716|24430&4&22.243565375146716|24431&4&22.243565375146716|24432&4&22.243565375146716|24433&4&22.243565375146716|24434&4&22.243565375146716|24435&4&22.243565375146716|24436&4&22.243565375146716|24437&4&24.900435683844805|24438&4&24.900435683844805|24439&4&24.900435683844805|24440&4&24.900435683844805|24441&4&24.900435683844805|24442&4&24.900435683844805|24443&4&24.900435683844805|24444&4&24.900435683844805|24445&4&24.900435683844805|24446&4&24.900435683844805|24447&4&29.924006891740042|24448&4&29.924006891740042|24449&4&29.924006891740042|24450&4&29.924006891740042|24451&4&29.924006891740042|24452&4&29.924006891740042|24453&4&29.924006891740042|24454&4&29.924006891740042|24455&4&29.924006891740042|24456&4&29.924006891740042|24457&4&35.021531018246485|24458&4&35.021531018246485|24459&4&35.021531018246485|24460&4&35.021531018246485|24461&4&35.021531018246485|24462&4&35.021531018246485|24463&4&35.021531018246485|24464&4&35.021531018246485|24465&4&35.021531018246485|24466&4&35.021531018246485|24467&4&40.19383478126285|24468&4&40.19383478126285|24469&4&40.19383478126285|24470&4&40.19383478126285|24471&4&40.19383478126285|24472&4&40.19383478126285|24473&4&40.19383478126285|24474&4&40.19383478126285|24475&4&40.19383478126285|24476&4&40.19383478126285|24477&4&45.441753139604714|24478&4&45.441753139604714|24479&4&45.441753139604714|24480&4&45.441753139604714|24481&4&45.441753139604714|24482&4&68.11773257423096|24483&4&45.441753139604714|24484&4&45.441753139604714|24485&4&45.441753139604714|24486&4&45.441753139604714|24487&4&50.76612937011525|24488&4&50.76612937011525|24489&4&50.76612937011525|24490&4&50.76612937011525|24491&4&50.76612937011525|24492&4&50.76612937011525|24493&4&50.76612937011525|24494&4&173.87934649523606|24495&4&50.76612937011525|24496&4&50.76612937011525|24497&4&25.247919571349765|24498&4&25.306455999418446|24499&4&2.119324251338885|24500&4&2.119324251338885|24501&4&2.440250495113058|24502&4&2.440250495113058|24503&4&2.7658714205547064|24504&4&2.7658714205547064|24505&4&3.0962393957876304|24506&4&3.0962393957876304|24507&4&3.7208942925499846|24508&4&3.7208942925499846|24509&4&4.354744849297759|24510&4&0.0|24511&4&4.9978938640927915|24512&4&4.9978938640927915|24513&4&5.65044515971198|24514&4&5.65044515971198|24515&4&6.312503593235602|24516&4&6.312503593235602,2|24397&4&50.76612937011525|24398&4&50.76612937011525|24399&4&50.76612937011525|24400&4&50.76612937011525|24401&4&50.76612937011525|24402&4&50.76612937011525|24403&4&50.76612937011525|24404&4&50.76612937011525|24405&4&50.76612937011525|24406&4&50.76612937011525|24407&4&156.61433640235845|24408&4&216.40557963097967|24409&4&171.3758713527074|24410&4&164.15866388310496|24411&4&169.18234376052445|24412&4&216.84309458637608|24413&4&235.78058051885583|24414&4&98.18986035597905|24415&4&201.77284072773543|24416&4&174.63768731037257|24417&4&17.04393312916041|24418&4&17.04393312916041|24419&4&17.04393312916041|24420&4&17.04393312916041|24421&4&17.04393312916041|24422&4&17.04393312916041|24423&4&17.04393312916041|24424&4&17.04393312916041|24425&4&17.04393312916041|24426&4&17.04393312916041|24427&4&19.624871574433275|24428&4&19.624871574433275|24429&4&19.624871574433275|24430&4&19.624871574433275|24431&4&19.624871574433275|24432&4&19.624871574433275|24433&4&19.624871574433275|24434&4&19.624871574433275|24435&4&19.624871574433275|24436&4&19.624871574433275|24437&4&22.243565375146716|24438&4&22.243565375146716|24439&4&22.243565375146716|24440&4&22.243565375146716|24441&4&22.243565375146716|24442&4&22.243565375146716|24443&4&22.243565375146716|24444&4&22.243565375146716|24445&4&22.243565375146716|24446&4&22.243565375146716|24447&4&24.900435683844805|24448&4&24.900435683844805|24449&4&24.900435683844805|24450&4&24.900435683844805|24451&4&24.900435683844805|24452&4&24.900435683844805|24453&4&24.900435683844805|24454&4&24.900435683844805|24455&4&24.900435683844805|24456&4&24.900435683844805|24457&4&29.924006891740042|24458&4&29.924006891740042|24459&4&29.924006891740042|24460&4&29.924006891740042|24461&4&29.924006891740042|24462&4&29.924006891740042|24463&4&29.924006891740042|24464&4&29.924006891740042|24465&4&29.924006891740042|24466&4&29.924006891740042|24467&4&35.021531018246485|24468&4&115.46420440196133|24469&4&35.021531018246485|24470&4&35.021531018246485|24471&4&35.021531018246485|24472&4&35.021531018246485|24473&4&35.021531018246485|24474&4&35.021531018246485|24475&4&200.53150519892313|24476&4&35.021531018246485|24477&4&40.19383478126285|24478&4&40.19383478126285|24479&4&40.19383478126285|24480&4&40.19383478126285|24481&4&40.19383478126285|24482&4&40.19383478126285|24483&4&40.19383478126285|24484&4&40.19383478126285|24485&4&40.19383478126285|24486&4&40.19383478126285|24487&4&45.441753139604714|24488&4&45.441753139604714|24489&4&45.441753139604714|24490&4&45.441753139604714|24491&4&45.441753139604714|24492&4&45.441753139604714|24493&4&45.441753139604714|24494&4&45.441753139604714|24495&4&45.441753139604714|24496&4&45.441753139604714|24497&4&6.312503593235602|24498&4&6.312503593235602|24499&4&22.78169367770726|24500&4&10.268912658970159|24501&4&2.119324251338885|24502&4&2.119324251338885|24503&4&2.440250495113058|24504&4&2.440250495113058|24505&4&2.7658714205547064|24506&4&2.7658714205547064|24507&4&3.0962393957876304|24508&4&3.0962393957876304|24509&4&3.7208942925499846|24510&4&0.0|24511&4&4.354744849297759|24512&4&22.85198044333435|24513&4&4.9978938640927915|24514&4&4.9978938640927915|24515&4&5.65044515971198|24516&4&5.65044515971198,2|24397&4&45.441753139604714|24398&4&45.441753139604714|24399&4&45.441753139604714|24400&4&45.441753139604714|24401&4&45.441753139604714|24402&4&45.441753139604714|24403&4&45.441753139604714|24404&4&45.441753139604714|24405&4&45.441753139604714|24406&4&45.441753139604714|24407&4&50.76612937011525|24408&4&50.76612937011525|24409&4&50.76612937011525|24410&4&50.76612937011525|24411&4&50.76612937011525|24412&4&50.76612937011525|24413&4&50.76612937011525|24414&4&50.76612937011525|24415&4&50.76612937011525|24416&4&50.76612937011525|24417&4&189.86009555484347|24418&4&152.69781034691863|24419&4&181.11859771590903|24420&4&178.41489482162157|24421&4&171.39756780567413|24422&4&216.68400439158296|24423&4&148.4545256511529|24424&4&156.26585656843338|24425&4&174.14955021434392|24426&4&207.12942206029666|24427&4&17.04393312916041|24428&4&17.04393312916041|24429&4&17.04393312916041|24430&4&17.04393312916041|24431&4&17.04393312916041|24432&4&17.04393312916041|24433&4&17.04393312916041|24434&4&17.04393312916041|24435&4&17.04393312916041|24436&4&17.04393312916041|24437&4&19.624871574433275|24438&4&19.624871574433275|24439&4&19.624871574433275|24440&4&19.624871574433275|24441&4&19.624871574433275|24442&4&19.624871574433275|24443&4&19.624871574433275|24444&4&19.624871574433275|24445&4&19.624871574433275|24446&4&19.624871574433275|24447&4&22.243565375146716|24448&4&22.243565375146716|24449&4&22.243565375146716|24450&4&22.243565375146716|24451&4&22.243565375146716|24452&4&22.243565375146716|24453&4&22.243565375146716|24454&4&22.243565375146716|24455&4&22.243565375146716|24456&4&22.243565375146716|24457&4&24.900435683844805|24458&4&24.900435683844805|24459&4&24.900435683844805|24460&4&24.900435683844805|24461&4&24.900435683844805|24462&4&24.900435683844805|24463&4&24.900435683844805|24464&4&24.900435683844805|24465&4&24.900435683844805|24466&4&24.900435683844805|24467&4&29.924006891740042|24468&4&31.57028473976508|24469&4&29.924006891740042|24470&4&29.924006891740042|24471&4&29.924006891740042|24472&4&29.924006891740042|24473&4&29.924006891740042|24474&4&29.924006891740042|24475&4&29.924006891740042|24476&4&29.924006891740042|24477&4&35.021531018246485|24478&4&35.021531018246485|24479&4&35.021531018246485|24480&4&35.021531018246485|24481&4&35.021531018246485|24482&4&35.021531018246485|24483&4&35.021531018246485|24484&4&35.021531018246485|24485&4&35.021531018246485|24486&4&35.021531018246485|24487&4&40.19383478126285|24488&4&40.19383478126285|24489&4&40.19383478126285|24490&4&40.19383478126285|24491&4&40.19383478126285|24492&4&40.19383478126285|24493&4&40.19383478126285|24494&4&40.19383478126285|24495&4&40.19383478126285|24496&4&40.19383478126285|24497&4&5.65044515971198|24498&4&5.65044515971198|24499&4&6.312503593235602|24500&4&6.312503593235602|24501&4&24.453640962414227|24502&4&20.879232048798166|24503&4&2.119324251338885|24504&4&2.119324251338885|24505&4&2.440250495113058|24506&4&2.440250495113058|24507&4&2.7658714205547064|24508&4&2.7658714205547064|24509&4&3.0962393957876304|24510&4&0.0|24511&4&3.7208942925499846|24512&4&3.7208942925499846|24513&4&4.354744849297759|24514&4&4.354744849297759|24515&4&4.9978938640927915|24516&4&4.9978938640927915,2|24397&4&40.19383478126285|24398&4&40.19383478126285|24399&4&40.19383478126285|24400&4&40.19383478126285|24401&4&40.19383478126285|24402&4&40.19383478126285|24403&4&40.19383478126285|24404&4&40.19383478126285|24405&4&40.19383478126285|24406&4&40.19383478126285|24407&4&45.441753139604714|24408&4&45.441753139604714|24409&4&45.441753139604714|24410&4&45.441753139604714|24411&4&45.441753139604714|24412&4&45.441753139604714|24413&4&45.441753139604714|24414&4&45.441753139604714|24415&4&45.441753139604714|24416&4&45.441753139604714|24417&4&50.76612937011525|24418&4&50.76612937011525|24419&4&50.76612937011525|24420&4&50.76612937011525|24421&4&50.76612937011525|24422&4&50.76612937011525|24423&4&50.76612937011525|24424&4&50.76612937011525|24425&4&50.76612937011525|24426&4&50.76612937011525|24427&4&148.80389416742113|24428&4&211.02630109409455|24429&4&146.06256279078156|24430&4&192.86075270826458|24431&4&146.66231218268808|24432&4&202.4327122762565|24433&4&147.5448817312483|24434&4&192.04175967692782|24435&4&191.18412060707783|24436&4&217.14538198059344|24437&4&17.04393312916041|24438&4&17.04393312916041|24439&4&17.04393312916041|24440&4&17.04393312916041|24441&4&17.04393312916041|24442&4&17.04393312916041|24443&4&17.04393312916041|24444&4&17.04393312916041|24445&4&17.04393312916041|24446&4&17.04393312916041|24447&4&19.624871574433275|24448&4&19.624871574433275|24449&4&19.624871574433275|24450&4&19.624871574433275|24451&4&19.624871574433275|24452&4&19.624871574433275|24453&4&19.624871574433275|24454&4&19.624871574433275|24455&4&19.624871574433275|24456&4&19.624871574433275|24457&4&22.243565375146716|24458&4&22.243565375146716|24459&4&22.243565375146716|24460&4&22.243565375146716|24461&4&22.243565375146716|24462&4&22.243565375146716|24463&4&22.243565375146716|24464&4&22.243565375146716|24465&4&22.243565375146716|24466&4&22.243565375146716|24467&4&24.900435683844805|24468&4&24.900435683844805|24469&4&24.900435683844805|24470&4&24.900435683844805|24471&4&24.900435683844805|24472&4&24.900435683844805|24473&4&24.900435683844805|24474&4&24.900435683844805|24475&4&24.900435683844805|24476&4&24.900435683844805|24477&4&29.924006891740042|24478&4&29.924006891740042|24479&4&29.924006891740042|24480&4&29.924006891740042|24481&4&29.924006891740042|24482&4&29.924006891740042|24483&4&29.924006891740042|24484&4&29.924006891740042|24485&4&29.924006891740042|24486&4&29.924006891740042|24487&4&35.021531018246485|24488&4&35.021531018246485|24489&4&35.021531018246485|24490&4&35.021531018246485|24491&4&35.021531018246485|24492&4&35.021531018246485|24493&4&35.021531018246485|24494&4&35.021531018246485|24495&4&35.021531018246485|24496&4&35.021531018246485|24497&4&4.9978938640927915|24498&4&4.9978938640927915|24499&4&5.65044515971198|24500&4&5.65044515971198|24501&4&6.312503593235602|24502&4&6.312503593235602|24503&4&19.49061811340277|24504&4&14.970557975461752|24505&4&2.119324251338885|24506&4&2.119324251338885|24507&4&2.440250495113058|24508&4&2.440250495113058|24509&4&2.7658714205547064|24510&4&0.0|24511&4&3.0962393957876304|24512&4&3.0962393957876304|24513&4&3.7208942925499846|24514&4&3.7208942925499846|24515&4&4.354744849297759|24516&4&4.354744849297759,2|24397&4&35.021531018246485|24398&4&35.021531018246485|24399&4&35.021531018246485|24400&4&35.021531018246485|24401&4&35.021531018246485|24402&4&35.021531018246485|24403&4&35.021531018246485|24404&4&35.021531018246485|24405&4&35.021531018246485|24406&4&35.021531018246485|24407&4&40.19383478126285|24408&4&40.19383478126285|24409&4&40.19383478126285|24410&4&40.19383478126285|24411&4&40.19383478126285|24412&4&40.19383478126285|24413&4&40.19383478126285|24414&4&40.19383478126285|24415&4&40.19383478126285|24416&4&40.19383478126285|24417&4&45.441753139604714|24418&4&87.47380421938252|24419&4&45.441753139604714|24420&4&45.441753139604714|24421&4&45.441753139604714|24422&4&45.441753139604714|24423&4&45.441753139604714|24424&4&45.441753139604714|24425&4&45.441753139604714|24426&4&45.441753139604714|24427&4&50.76612937011525|24428&4&50.76612937011525|24429&4&50.76612937011525|24430&4&50.76612937011525|24431&4&50.76612937011525|24432&4&50.76612937011525|24433&4&50.76612937011525|24434&4&50.76612937011525|24435&4&50.76612937011525|24436&4&50.76612937011525|24437&4&212.3762448757036|24438&4&183.2787642589118|24439&4&171.93448097052743|24440&4&98.19986622524715|24441&4&168.73945962952993|24442&4&152.28730557451073|24443&4&212.63143751066397|24444&4&158.2513474633239|24445&4&146.29775396450805|24446&4&231.30657882155614|24447&4&17.04393312916041|24448&4&17.04393312916041|24449&4&17.04393312916041|24450&4&17.04393312916041|24451&4&17.04393312916041|24452&4&17.04393312916041|24453&4&17.04393312916041|24454&4&17.04393312916041|24455&4&17.04393312916041|24456&4&17.04393312916041|24457&4&19.624871574433275|24458&4&19.624871574433275|24459&4&19.624871574433275|24460&4&19.624871574433275|24461&4&19.624871574433275|24462&4&19.624871574433275|24463&4&19.624871574433275|24464&4&19.624871574433275|24465&4&19.624871574433275|24466&4&19.624871574433275|24467&4&22.243565375146716|24468&4&22.243565375146716|24469&4&22.243565375146716|24470&4&22.243565375146716|24471&4&22.243565375146716|24472&4&22.243565375146716|24473&4&22.243565375146716|24474&4&22.243565375146716|24475&4&22.243565375146716|24476&4&22.243565375146716|24477&4&24.900435683844805|24478&4&24.900435683844805|24479&4&24.900435683844805|24480&4&24.900435683844805|24481&4&24.900435683844805|24482&4&24.900435683844805|24483&4&24.900435683844805|24484&4&24.900435683844805|24485&4&24.900435683844805|24486&4&24.900435683844805|24487&4&29.924006891740042|24488&4&29.924006891740042|24489&4&29.924006891740042|24490&4&29.924006891740042|24491&4&29.924006891740042|24492&4&29.924006891740042|24493&4&29.924006891740042|24494&4&29.924006891740042|24495&4&29.924006891740042|24496&4&29.924006891740042|24497&4&4.354744849297759|24498&4&4.354744849297759|24499&4&4.9978938640927915|24500&4&4.9978938640927915|24501&4&5.65044515971198|24502&4&5.65044515971198|24503&4&6.312503593235602|24504&4&6.312503593235602|24505&4&20.889104064533733|24506&4&22.87959041703282|24507&4&2.119324251338885|24508&4&2.119324251338885|24509&4&2.440250495113058|24510&4&0.0|24511&4&2.7658714205547064|24512&4&2.7658714205547064|24513&4&3.0962393957876304|24514&4&20.96110564673717|24515&4&3.7208942925499846|24516&4&3.7208942925499846,2|24397&4&29.924006891740042|24398&4&29.924006891740042|24399&4&29.924006891740042|24400&4&29.924006891740042|24401&4&29.924006891740042|24402&4&29.924006891740042|24403&4&29.924006891740042|24404&4&29.924006891740042|24405&4&29.924006891740042|24406&4&29.924006891740042|24407&4&35.021531018246485|24408&4&35.021531018246485|24409&4&35.021531018246485|24410&4&35.021531018246485|24411&4&35.021531018246485|24412&4&35.021531018246485|24413&4&35.021531018246485|24414&4&35.021531018246485|24415&4&35.021531018246485|24416&4&35.021531018246485|24417&4&40.19383478126285|24418&4&40.19383478126285|24419&4&40.19383478126285|24420&4&40.19383478126285|24421&4&40.19383478126285|24422&4&40.19383478126285|24423&4&40.19383478126285|24424&4&40.19383478126285|24425&4&40.19383478126285|24426&4&40.19383478126285|24427&4&45.441753139604714|24428&4&45.441753139604714|24429&4&45.441753139604714|24430&4&45.441753139604714|24431&4&45.441753139604714|24432&4&45.441753139604714|24433&4&45.441753139604714|24434&4&45.441753139604714|24435&4&45.441753139604714|24436&4&45.441753139604714|24437&4&50.76612937011525|24438&4&50.76612937011525|24439&4&50.76612937011525|24440&4&50.76612937011525|24441&4&50.76612937011525|24442&4&50.76612937011525|24443&4&50.76612937011525|24444&4&50.76612937011525|24445&4&50.76612937011525|24446&4&50.76612937011525|24447&4&171.55171061713264|24448&4&191.8444141312723|24449&4&146.49379062189416|24450&4&211.78064069729908|24451&4&217.463228265004|24452&4&98.20090296127975|24453&4&200.37556872893552|24454&4&146.23139767521525|24455&4&185.45629297980634|24456&4&201.63639302698655|24457&4&17.04393312916041|24458&4&17.04393312916041|24459&4&17.04393312916041|24460&4&17.04393312916041|24461&4&17.04393312916041|24462&4&17.04393312916041|24463&4&17.04393312916041|24464&4&17.04393312916041|24465&4&17.04393312916041|24466&4&17.04393312916041|24467&4&19.624871574433275|24468&4&19.624871574433275|24469&4&19.624871574433275|24470&4&19.624871574433275|24471&4&19.624871574433275|24472&4&19.624871574433275|24473&4&19.624871574433275|24474&4&19.624871574433275|24475&4&19.624871574433275|24476&4&19.624871574433275|24477&4&22.243565375146716|24478&4&22.243565375146716|24479&4&22.243565375146716|24480&4&22.243565375146716|24481&4&22.243565375146716|24482&4&22.243565375146716|24483&4&22.243565375146716|24484&4&22.243565375146716|24485&4&22.243565375146716|24486&4&22.243565375146716|24487&4&24.900435683844805|24488&4&24.900435683844805|24489&4&24.900435683844805|24490&4&24.900435683844805|24491&4&24.900435683844805|24492&4&24.900435683844805|24493&4&24.900435683844805|24494&4&24.900435683844805|24495&4&24.900435683844805|24496&4&24.900435683844805|24497&4&3.7208942925499846|24498&4&3.7208942925499846|24499&4&4.354744849297759|24500&4&4.354744849297759|24501&4&4.9978938640927915|24502&4&4.9978938640927915|24503&4&5.65044515971198|24504&4&5.65044515971198|24505&4&6.312503593235602|24506&4&6.312503593235602|24507&4&24.37097116737159|24508&4&22.892509528032313|24509&4&2.119324251338885|24510&4&0.0|24511&4&2.440250495113058|24512&4&2.440250495113058|24513&4&2.7658714205547064|24514&4&2.7658714205547064|24515&4&3.0962393957876304|24516&4&3.0962393957876304,2|24397&4&24.900435683844805|24398&4&24.900435683844805|24399&4&24.900435683844805|24400&4&24.900435683844805|24401&4&24.900435683844805|24402&4&24.900435683844805|24403&4&24.900435683844805|24404&4&24.900435683844805|24405&4&24.900435683844805|24406&4&24.900435683844805|24407&4&29.924006891740042|24408&4&29.924006891740042|24409&4&29.924006891740042|24410&4&29.924006891740042|24411&4&29.924006891740042|24412&4&29.924006891740042|24413&4&29.924006891740042|24414&4&29.924006891740042|24415&4&29.924006891740042|24416&4&29.924006891740042|24417&4&35.021531018246485|24418&4&35.021531018246485|24419&4&35.021531018246485|24420&4&35.021531018246485|24421&4&35.021531018246485|24422&4&35.021531018246485|24423&4&35.021531018246485|24424&4&35.021531018246485|24425&4&35.021531018246485|24426&4&35.021531018246485|24427&4&40.19383478126285|24428&4&40.19383478126285|24429&4&40.19383478126285|24430&4&40.19383478126285|24431&4&40.19383478126285|24432&4&40.19383478126285|24433&4&40.19383478126285|24434&4&40.19383478126285|24435&4&40.19383478126285|24436&4&40.19383478126285|24437&4&45.441753139604714|24438&4&45.441753139604714|24439&4&45.441753139604714|24440&4&45.441753139604714|24441&4&45.441753139604714|24442&4&45.441753139604714|24443&4&45.441753139604714|24444&4&45.441753139604714|24445&4&45.441753139604714|24446&4&45.441753139604714|24447&4&50.76612937011525|24448&4&50.76612937011525|24449&4&50.76612937011525|24450&4&50.76612937011525|24451&4&50.76612937011525|24452&4&50.76612937011525|24453&4&50.76612937011525|24454&4&50.76612937011525|24455&4&50.76612937011525|24456&4&50.76612937011525|24457&4&196.1686046306163|24458&4&202.95602193146578|24459&4&144.19471581462187|24460&4&98.18864721640973|24461&4&221.53285789959563|24462&4&188.45598109115716|24463&4&231.49445027113532|24464&4&179.447573236577|24465&4&207.6389533843311|24466&4&231.447817395254|24467&4&17.04393312916041|24468&4&17.04393312916041|24469&4&17.04393312916041|24470&4&17.04393312916041|24471&4&17.04393312916041|24472&4&17.04393312916041|24473&4&17.04393312916041|24474&4&17.04393312916041|24475&4&17.04393312916041|24476&4&17.04393312916041|24477&4&19.624871574433275|24478&4&19.624871574433275|24479&4&19.624871574433275|24480&4&19.624871574433275|24481&4&19.624871574433275|24482&4&19.624871574433275|24483&4&19.624871574433275|24484&4&19.624871574433275|24485&4&19.624871574433275|24486&4&19.624871574433275|24487&4&22.243565375146716|24488&4&22.243565375146716|24489&4&22.243565375146716|24490&4&22.243565375146716|24491&4&22.243565375146716|24492&4&22.243565375146716|24493&4&22.243565375146716|24494&4&22.243565375146716|24495&4&22.243565375146716|24496&4&22.243565375146716|24497&4&3.0962393957876304|24498&4&3.0962393957876304|24499&4&3.7208942925499846|24500&4&3.7208942925499846|24501&4&4.354744849297759|24502&4&4.354744849297759|24503&4&4.9978938640927915|24504&4&4.9978938640927915|24505&4&5.65044515971198|24506&4&5.65044515971198|24507&4&6.312503593235602|24508&4&6.312503593235602|24509&4&24.41768793658329|24510&4&0.0|24511&4&2.119324251338885|24512&4&2.119324251338885|24513&4&2.440250495113058|24514&4&2.440250495113058|24515&4&2.7658714205547064|24516&4&2.7658714205547064,2|24397&4&22.243565375146716|24398&4&22.243565375146716|24399&4&22.243565375146716|24400&4&22.243565375146716|24401&4&22.243565375146716|24402&4&22.243565375146716|24403&4&22.243565375146716|24404&4&22.243565375146716|24405&4&22.243565375146716|24406&4&22.243565375146716|24407&4&24.900435683844805|24408&4&24.900435683844805|24409&4&24.900435683844805|24410&4&24.900435683844805|24411&4&24.900435683844805|24412&4&24.900435683844805|24413&4&24.900435683844805|24414&4&24.900435683844805|24415&4&24.900435683844805|24416&4&24.900435683844805|24417&4&29.924006891740042|24418&4&29.924006891740042|24419&4&29.924006891740042|24420&4&29.924006891740042|24421&4&29.924006891740042|24422&4&29.924006891740042|24423&4&29.924006891740042|24424&4&29.924006891740042|24425&4&29.924006891740042|24426&4&29.924006891740042|24427&4&35.021531018246485|24428&4&35.021531018246485|24429&4&35.021531018246485|24430&4&35.021531018246485|24431&4&35.021531018246485|24432&4&35.021531018246485|24433&4&35.021531018246485|24434&4&35.021531018246485|24435&4&35.021531018246485|24436&4&35.021531018246485|24437&4&40.19383478126285|24438&4&40.19383478126285|24439&4&40.19383478126285|24440&4&94.55056584603005|24441&4&40.19383478126285|24442&4&40.19383478126285|24443&4&40.19383478126285|24444&4&40.19383478126285|24445&4&40.19383478126285|24446&4&40.19383478126285|24447&4&45.441753139604714|24448&4&45.441753139604714|24449&4&45.441753139604714|24450&4&45.441753139604714|24451&4&45.441753139604714|24452&4&126.45369686255472|24453&4&45.441753139604714|24454&4&45.441753139604714|24455&4&45.441753139604714|24456&4&45.441753139604714|24457&4&50.76612937011525|24458&4&50.76612937011525|24459&4&50.76612937011525|24460&4&50.76612937011525|24461&4&50.76612937011525|24462&4&50.76612937011525|24463&4&50.76612937011525|24464&4&50.76612937011525|24465&4&50.76612937011525|24466&4&50.76612937011525|24467&4&212.21165854527268|24468&4&56.16781514546935|24469&4&179.1698674722036|24470&4&147.86377743320446|24471&4&167.01901175452238|24472&4&172.11794884752183|24473&4&221.79124417555533|24474&4&162.2210324595972|24475&4&56.16781514546935|24476&4&247.60201255720912|24477&4&17.04393312916041|24478&4&17.04393312916041|24479&4&17.04393312916041|24480&4&17.04393312916041|24481&4&17.04393312916041|24482&4&17.04393312916041|24483&4&17.04393312916041|24484&4&17.04393312916041|24485&4&17.04393312916041|24486&4&17.04393312916041|24487&4&19.624871574433275|24488&4&19.624871574433275|24489&4&19.624871574433275|24490&4&19.624871574433275|24491&4&19.624871574433275|24492&4&19.624871574433275|24493&4&19.624871574433275|24494&4&19.624871574433275|24495&4&19.624871574433275|24496&4&19.624871574433275|24497&4&2.7658714205547064|24498&4&2.7658714205547064|24499&4&3.0962393957876304|24500&4&25.766605230340605|24501&4&3.7208942925499846|24502&4&3.7208942925499846|24503&4&4.354744849297759|24504&4&4.354744849297759|24505&4&4.9978938640927915|24506&4&4.9978938640927915|24507&4&5.65044515971198|24508&4&5.65044515971198|24509&4&6.312503593235602|24510&4&0.0|24511&4&6.984175065721843|24512&4&6.984175065721843|24513&4&2.119324251338885|24514&4&2.119324251338885|24515&4&2.440250495113058|24516&4&2.440250495113058,2|24397&4&19.624871574433275|24398&4&19.624871574433275|24399&4&19.624871574433275|24400&4&19.624871574433275|24401&4&19.624871574433275|24402&4&19.624871574433275|24403&4&19.624871574433275|24404&4&19.624871574433275|24405&4&19.624871574433275|24406&4&19.624871574433275|24407&4&22.243565375146716|24408&4&22.243565375146716|24409&4&22.243565375146716|24410&4&22.243565375146716|24411&4&22.243565375146716|24412&4&22.243565375146716|24413&4&22.243565375146716|24414&4&22.243565375146716|24415&4&22.243565375146716|24416&4&22.243565375146716|24417&4&24.900435683844805|24418&4&24.900435683844805|24419&4&24.900435683844805|24420&4&24.900435683844805|24421&4&24.900435683844805|24422&4&24.900435683844805|24423&4&24.900435683844805|24424&4&24.900435683844805|24425&4&24.900435683844805|24426&4&24.900435683844805|24427&4&29.924006891740042|24428&4&29.924006891740042|24429&4&29.924006891740042|24430&4&29.924006891740042|24431&4&29.924006891740042|24432&4&29.924006891740042|24433&4&29.924006891740042|24434&4&29.924006891740042|24435&4&29.924006891740042|24436&4&29.924006891740042|24437&4&35.021531018246485|24438&4&35.021531018246485|24439&4&35.021531018246485|24440&4&35.021531018246485|24441&4&35.021531018246485|24442&4&35.021531018246485|24443&4&35.021531018246485|24444&4&35.021531018246485|24445&4&35.021531018246485|24446&4&35.021531018246485|24447&4&40.19383478126285|24448&4&40.19383478126285|24449&4&40.19383478126285|24450&4&40.19383478126285|24451&4&40.19383478126285|24452&4&40.19383478126285|24453&4&40.19383478126285|24454&4&40.19383478126285|24455&4&40.19383478126285|24456&4&40.19383478126285|24457&4&45.441753139604714|24458&4&45.441753139604714|24459&4&45.441753139604714|24460&4&45.441753139604714|24461&4&45.441753139604714|24462&4&45.441753139604714|24463&4&45.441753139604714|24464&4&45.441753139604714|24465&4&45.441753139604714|24466&4&45.441753139604714|24467&4&50.76612937011525|24468&4&50.76612937011525|24469&4&50.76612937011525|24470&4&50.76612937011525|24471&4&50.76612937011525|24472&4&50.76612937011525|24473&4&50.76612937011525|24474&4&50.76612937011525|24475&4&50.76612937011525|24476&4&50.76612937011525|24477&4&160.65494102289165|24478&4&165.81434770611062|24479&4&190.13094705766144|24480&4&186.5077616474922|24481&4&217.5803651174695|24482&4&153.16244944305447|24483&4&163.45226314886233|24484&4&216.50407358545448|24485&4&158.6329399624366|24486&4&216.95108746135196|24487&4&17.04393312916041|24488&4&17.04393312916041|24489&4&17.04393312916041|24490&4&17.04393312916041|24491&4&17.04393312916041|24492&4&17.04393312916041|24493&4&17.04393312916041|24494&4&17.04393312916041|24495&4&17.04393312916041|24496&4&17.04393312916041|24497&4&2.440250495113058|24498&4&2.440250495113058|24499&4&2.7658714205547064|24500&4&2.7658714205547064|24501&4&3.0962393957876304|24502&4&3.0962393957876304|24503&4&3.7208942925499846|24504&4&3.7208942925499846|24505&4&4.354744849297759|24506&4&4.354744849297759|24507&4&4.9978938640927915|24508&4&4.9978938640927915|24509&4&5.65044515971198|24510&4&0.0|24511&4&18.92121022537963|24512&4&6.312503593235602|24513&4&22.771867932946982|24514&4&15.554266567920518|24515&4&2.119324251338885|24516&4&2.119324251338885,2|24397&4&17.04393312916041|24398&4&17.04393312916041|24399&4&17.04393312916041|24400&4&17.04393312916041|24401&4&17.04393312916041|24402&4&17.04393312916041|24403&4&17.04393312916041|24404&4&17.04393312916041|24405&4&17.04393312916041|24406&4&17.04393312916041|24407&4&19.624871574433275|24408&4&19.624871574433275|24409&4&19.624871574433275|24410&4&19.624871574433275|24411&4&19.624871574433275|24412&4&19.624871574433275|24413&4&19.624871574433275|24414&4&99.45110725778311|24415&4&19.624871574433275|24416&4&19.624871574433275|24417&4&22.243565375146716|24418&4&22.243565375146716|24419&4&22.243565375146716|24420&4&22.243565375146716|24421&4&22.243565375146716|24422&4&22.243565375146716|24423&4&22.243565375146716|24424&4&22.243565375146716|24425&4&22.243565375146716|24426&4&22.243565375146716|24427&4&24.900435683844805|24428&4&24.900435683844805|24429&4&55.07655691003812|24430&4&24.900435683844805|24431&4&24.900435683844805|24432&4&24.900435683844805|24433&4&24.900435683844805|24434&4&24.900435683844805|24435&4&24.900435683844805|24436&4&24.900435683844805|24437&4&29.924006891740042|24438&4&29.924006891740042|24439&4&29.924006891740042|24440&4&29.924006891740042|24441&4&29.924006891740042|24442&4&29.924006891740042|24443&4&29.924006891740042|24444&4&29.924006891740042|24445&4&29.924006891740042|24446&4&29.924006891740042|24447&4&35.021531018246485|24448&4&35.021531018246485|24449&4&35.021531018246485|24450&4&35.021531018246485|24451&4&35.021531018246485|24452&4&35.021531018246485|24453&4&35.021531018246485|24454&4&35.021531018246485|24455&4&35.021531018246485|24456&4&35.021531018246485|24457&4&40.19383478126285|24458&4&40.19383478126285|24459&4&98.41798123587826|24460&4&90.18147366531286|24461&4&40.19383478126285|24462&4&40.19383478126285|24463&4&40.19383478126285|24464&4&40.19383478126285|24465&4&40.19383478126285|24466&4&40.19383478126285|24467&4&45.441753139604714|24468&4&45.441753139604714|24469&4&45.441753139604714|24470&4&45.441753139604714|24471&4&45.441753139604714|24472&4&45.441753139604714|24473&4&45.441753139604714|24474&4&45.441753139604714|24475&4&45.441753139604714|24476&4&45.441753139604714|24477&4&50.76612937011525|24478&4&50.76612937011525|24479&4&50.76612937011525|24480&4&50.76612937011525|24481&4&50.76612937011525|24482&4&50.76612937011525|24483&4&50.76612937011525|24484&4&50.76612937011525|24485&4&50.76612937011525|24486&4&50.76612937011525|24487&4&146.3290084961295|24488&4&146.2442226883652|24489&4&221.3072667890488|24490&4&169.27536465787827|24491&4&153.85892457462546|24492&4&180.4277822593973|24493&4&161.95994135279844|24494&4&56.16781514546935|24495&4&168.3580931933681|24496&4&217.73826793611042|24497&4&2.119324251338885|24498&4&2.119324251338885|24499&4&2.440250495113058|24500&4&2.440250495113058|24501&4&2.7658714205547064|24502&4&2.7658714205547064|24503&4&3.0962393957876304|24504&4&9.343353229536167|24505&4&3.7208942925499846|24506&4&3.7208942925499846|24507&4&4.354744849297759|24508&4&4.354744849297759|24509&4&4.9978938640927915|24510&4&0.0|24511&4&5.65044515971198|24512&4&5.65044515971198|24513&4&6.312503593235602|24514&4&6.312503593235602|24515&4&19.605130818162003|24516&4&22.86162694574852
5|4,130,1,1,1,1,1,1,1,1,1,1,1,1,1,1,1,1,1,1,1,1,1,1,1,1,1,1,1,1,1,1,1,1,1,1,1,1,1,1,1,1,1,1,1,1,1,1,1,1,1,1,1,1,1,1,1,1,1,1,1,1,1,1,1,1,1,1,1,1,1,1,1,1,1,1,1,1,1,1,1,1,1,1,1,1,1,1,1,1,1,1,1,1,1,1,1,1,1,1,1,1,0,0,0,0,0,0,0,0,0,0,0,0,0,0,0,0,0,0,0,0,2|24397&4&147.92145357535412|24398&4&138.98658035013196|24399&4&173.5587010776921|24400&4&207.1966686912289|24401&4&198.60973418782336|24402&4&138.980598503125|24403&4&221.0297339166995|24404&4&156.55469767958581|24405&4&164.2262332049855|24406&4&212.12964139963032|24407&4&71.84978840753632|24408&4&14.609085539280352|24409&4&14.609085539280352|24410&4&14.609085539280352|24411&4&14.609085539280352|24412&4&14.609085539280352|24413&4&14.609085539280352|24414&4&14.609085539280352|24415&4&14.609085539280352|24416&4&14.609085539280352|24417&4&17.171762627629114|24418&4&17.171762627629114|24419&4&17.171762627629114|24420&4&17.171762627629114|24421&4&17.171762627629114|24422&4&17.171762627629114|24423&4&17.171762627629114|24424&4&17.171762627629114|24425&4&17.171762627629114|24426&4&17.171762627629114|24427&4&19.772058111241524|24428&4&19.772058111241524|24429&4&19.772058111241524|24430&4&19.772058111241524|24431&4&19.772058111241524|24432&4&19.772058111241524|24433&4&19.772058111241524|24434&4&19.772058111241524|24435&4&19.772058111241524|24436&4&19.772058111241524|24437&4&22.410392115460326|24438&4&22.410392115460326|24439&4&22.410392115460326|24440&4&22.410392115460326|24441&4&22.410392115460326|24442&4&22.410392115460326|24443&4&22.410392115460326|24444&4&22.410392115460326|24445&4&22.410392115460326|24446&4&22.410392115460326|24447&4&25.087188951473646|24448&4&25.087188951473646|24449&4&25.087188951473646|24450&4&25.087188951473646|24451&4&25.087188951473646|24452&4&25.087188951473646|24453&4&25.087188951473646|24454&4&25.087188951473646|24455&4&25.087188951473646|24456&4&25.087188951473646|24457&4&30.14843694342809|24458&4&30.14843694342809|24459&4&30.14843694342809|24460&4&30.14843694342809|24461&4&30.14843694342809|24462&4&30.14843694342809|24463&4&30.14843694342809|24464&4&30.14843694342809|24465&4&30.14843694342809|24466&4&30.14843694342809|24467&4&35.284192500883314|24468&4&35.284192500883314|24469&4&35.284192500883314|24470&4&35.284192500883314|24471&4&35.284192500883314|24472&4&35.284192500883314|24473&4&35.284192500883314|24474&4&35.284192500883314|24475&4&35.284192500883314|24476&4&35.284192500883314|24477&4&40.49528854212234|24478&4&40.49528854212234|24479&4&40.49528854212234|24480&4&40.49528854212234|24481&4&40.49528854212234|24482&4&61.977795374926146|24483&4&40.49528854212234|24484&4&40.49528854212234|24485&4&40.49528854212234|24486&4&40.49528854212234|24487&4&45.782566288151756|24488&4&45.782566288151756|24489&4&45.782566288151756|24490&4&45.782566288151756|24491&4&45.782566288151756|24492&4&45.782566288151756|24493&4&45.782566288151756|24494&4&162.00839872459375|24495&4&45.782566288151756|24496&4&45.782566288151756|24497&4&23.635400297998302|24498&4&23.686901060760057|24499&4&1.8165636440047588|24500&4&1.8165636440047588|24501&4&2.1352191832239256|24502&4&2.1352191832239256|24503&4&2.4585523738264055|24504&4&2.4585523738264055|24505&4&2.7866154562088674|24506&4&2.7866154562088674|24507&4&3.1194611912560393|24508&4&3.1194611912560393|24509&4&3.74880099974411|24511&4&4.387405435667489|24512&4&4.387405435667489|24513&4&5.035378068073488|24514&4&5.035378068073488|24515&4&5.692823498409822|24516&4&5.692823498409822,2|24397&4&45.782566288151756|24398&4&45.782566288151756|24399&4&45.782566288151756|24400&4&45.782566288151756|24401&4&45.782566288151756|24402&4&45.782566288151756|24403&4&45.782566288151756|24404&4&45.782566288151756|24405&4&45.782566288151756|24406&4&45.782566288151756|24407&4&145.89961111598438|24408&4&202.57585863999304|24409&4&159.91458289336487|24410&4&153.0467060490708|24411&4&157.8052996738712|24412&4&202.9931725296714|24413&4&220.884955921204|24414&4&90.6970355385179|24415&4&188.68041918393672|24416&4&162.97417872639065|24417&4&14.609085539280352|24418&4&14.609085539280352|24419&4&14.609085539280352|24420&4&14.609085539280352|24421&4&14.609085539280352|24422&4&14.609085539280352|24423&4&14.609085539280352|24424&4&14.609085539280352|24425&4&14.609085539280352|24426&4&14.609085539280352|24427&4&17.171762627629114|24428&4&17.171762627629114|24429&4&17.171762627629114|24430&4&17.171762627629114|24431&4&17.171762627629114|24432&4&17.171762627629114|24433&4&17.171762627629114|24434&4&17.171762627629114|24435&4&17.171762627629114|24436&4&17.171762627629114|24437&4&19.772058111241524|24438&4&19.772058111241524|24439&4&19.772058111241524|24440&4&19.772058111241524|24441&4&19.772058111241524|24442&4&19.772058111241524|24443&4&19.772058111241524|24444&4&19.772058111241524|24445&4&19.772058111241524|24446&4&19.772058111241524|24447&4&22.410392115460326|24448&4&22.410392115460326|24449&4&22.410392115460326|24450&4&22.410392115460326|24451&4&22.410392115460326|24452&4&22.410392115460326|24453&4&22.410392115460326|24454&4&22.410392115460326|24455&4&22.410392115460326|24456&4&22.410392115460326|24457&4&25.087188951473646|24458&4&25.087188951473646|24459&4&25.087188951473646|24460&4&25.087188951473646|24461&4&25.087188951473646|24462&4&25.087188951473646|24463&4&25.087188951473646|24464&4&25.087188951473646|24465&4&25.087188951473646|24466&4&25.087188951473646|24467&4&30.14843694342809|24468&4&105.98474597180416|24469&4&30.14843694342809|24470&4&30.14843694342809|24471&4&30.14843694342809|24472&4&30.14843694342809|24473&4&30.14843694342809|24474&4&30.14843694342809|24475&4&186.55201335784557|24476&4&30.14843694342809|24477&4&35.284192500883314|24478&4&35.284192500883314|24479&4&35.284192500883314|24480&4&35.284192500883314|24481&4&35.284192500883314|24482&4&35.284192500883314|24483&4&35.284192500883314|24484&4&35.284192500883314|24485&4&35.284192500883314|24486&4&35.284192500883314|24487&4&40.49528854212234|24488&4&40.49528854212234|24489&4&40.49528854212234|24490&4&40.49528854212234|24491&4&40.49528854212234|24492&4&40.49528854212234|24493&4&40.49528854212234|24494&4&40.49528854212234|24495&4&40.49528854212234|24496&4&40.49528854212234|24497&4&5.692823498409822|24498&4&5.692823498409822|24499&4&21.292318755549633|24500&4&9.451365105006813|24501&4&1.8165636440047588|24502&4&1.8165636440047588|24503&4&2.1352191832239256|24504&4&2.1352191832239256|24505&4&2.4585523738264055|24506&4&2.4585523738264055|24507&4&2.7866154562088674|24508&4&2.7866154562088674|24509&4&3.1194611912560393|24511&4&3.74880099974411|24512&4&21.254474997415553|24513&4&4.387405435667489|24514&4&4.387405435667489|24515&4&5.035378068073488|24516&4&5.035378068073488,2|24397&4&40.49528854212234|24398&4&40.49528854212234|24399&4&40.49528854212234|24400&4&40.49528854212234|24401&4&40.49528854212234|24402&4&40.49528854212234|24403&4&40.49528854212234|24404&4&40.49528854212234|24405&4&40.49528854212234|24406&4&40.49528854212234|24407&4&45.782566288151756|24408&4&45.782566288151756|24409&4&45.782566288151756|24410&4&45.782566288151756|24411&4&45.782566288151756|24412&4&45.782566288151756|24413&4&45.782566288151756|24414&4&45.782566288151756|24415&4&45.782566288151756|24416&4&45.782566288151756|24417&4&177.3958649824511|24418&4&142.44907082792108|24419&4&169.1148646464773|24420&4&166.55500751776844|24421&4&159.9278450243452|24422&4&202.82154344758163|24423&4&138.24240957458284|24424&4&145.57017488307883|24425&4&162.5338555200113|24426&4&193.754723364748|24427&4&14.609085539280352|24428&4&14.609085539280352|24429&4&14.609085539280352|24430&4&14.609085539280352|24431&4&14.609085539280352|24432&4&14.609085539280352|24433&4&14.609085539280352|24434&4&14.609085539280352|24435&4&14.609085539280352|24436&4&14.609085539280352|24437&4&17.171762627629114|24438&4&17.171762627629114|24439&4&17.171762627629114|24440&4&17.171762627629114|24441&4&17.171762627629114|24442&4&17.171762627629114|24443&4&17.171762627629114|24444&4&17.171762627629114|24445&4&17.171762627629114|24446&4&17.171762627629114|24447&4&19.772058111241524|24448&4&19.772058111241524|24449&4&19.772058111241524|24450&4&19.772058111241524|24451&4&19.772058111241524|24452&4&19.772058111241524|24453&4&19.772058111241524|24454&4&19.772058111241524|24455&4&19.772058111241524|24456&4&19.772058111241524|24457&4&22.410392115460326|24458&4&22.410392115460326|24459&4&22.410392115460326|24460&4&22.410392115460326|24461&4&22.410392115460326|24462&4&22.410392115460326|24463&4&22.410392115460326|24464&4&22.410392115460326|24465&4&22.410392115460326|24466&4&22.410392115460326|24467&4&25.087188951473646|24468&4&26.64682059697105|24469&4&25.087188951473646|24470&4&25.087188951473646|24471&4&25.087188951473646|24472&4&25.087188951473646|24473&4&25.087188951473646|24474&4&25.087188951473646|24475&4&25.087188951473646|24476&4&25.087188951473646|24477&4&30.14843694342809|24478&4&30.14843694342809|24479&4&30.14843694342809|24480&4&30.14843694342809|24481&4&30.14843694342809|24482&4&30.14843694342809|24483&4&30.14843694342809|24484&4&30.14843694342809|24485&4&30.14843694342809|24486&4&30.14843694342809|24487&4&35.284192500883314|24488&4&35.284192500883314|24489&4&35.284192500883314|24490&4&35.284192500883314|24491&4&35.284192500883314|24492&4&35.284192500883314|24493&4&35.284192500883314|24494&4&35.284192500883314|24495&4&35.284192500883314|24496&4&35.284192500883314|24497&4&5.035378068073488|24498&4&5.035378068073488|24499&4&5.692823498409822|24500&4&5.692823498409822|24501&4&22.875870321055924|24502&4&19.493496248341057|24503&4&1.8165636440047588|24504&4&1.8165636440047588|24505&4&2.1352191832239256|24506&4&2.1352191832239256|24507&4&2.4585523738264055|24508&4&2.4585523738264055|24509&4&2.7866154562088674|24511&4&3.1194611912560393|24512&4&3.1194611912560393|24513&4&3.74880099974411|24514&4&3.74880099974411|24515&4&4.387405435667489|24516&4&4.387405435667489,2|24397&4&35.284192500883314|24398&4&35.284192500883314|24399&4&35.284192500883314|24400&4&35.284192500883314|24401&4&35.284192500883314|24402&4&35.284192500883314|24403&4&35.284192500883314|24404&4&35.284192500883314|24405&4&35.284192500883314|24406&4&35.284192500883314|24407&4&40.49528854212234|24408&4&40.49528854212234|24409&4&40.49528854212234|24410&4&40.49528854212234|24411&4&40.49528854212234|24412&4&40.49528854212234|24413&4&40.49528854212234|24414&4&40.49528854212234|24415&4&40.49528854212234|24416&4&40.49528854212234|24417&4&45.782566288151756|24418&4&45.782566288151756|24419&4&45.782566288151756|24420&4&45.782566288151756|24421&4&45.782566288151756|24422&4&45.782566288151756|24423&4&45.782566288151756|24424&4&45.782566288151756|24425&4&45.782566288151756|24426&4&45.782566288151756|24427&4&138.5038272234584|24428&4&197.4468244987219|24429&4&135.91010274793163|24430&4&180.27549662400742|24431&4&136.4765327291767|24432&4&189.31931528698647|24433&4&137.3100751948823|24434&4&179.47479402525227|24435&4&178.64888539599258|24436&4&203.25961300556298|24437&4&14.609085539280352|24438&4&14.609085539280352|24439&4&14.609085539280352|24440&4&14.609085539280352|24441&4&14.609085539280352|24442&4&14.609085539280352|24443&4&14.609085539280352|24444&4&14.609085539280352|24445&4&14.609085539280352|24446&4&14.609085539280352|24447&4&17.171762627629114|24448&4&17.171762627629114|24449&4&17.171762627629114|24450&4&17.171762627629114|24451&4&17.171762627629114|24452&4&17.171762627629114|24453&4&17.171762627629114|24454&4&17.171762627629114|24455&4&17.171762627629114|24456&4&17.171762627629114|24457&4&19.772058111241524|24458&4&19.772058111241524|24459&4&19.772058111241524|24460&4&19.772058111241524|24461&4&19.772058111241524|24462&4&19.772058111241524|24463&4&19.772058111241524|24464&4&19.772058111241524|24465&4&19.772058111241524|24466&4&19.772058111241524|24467&4&22.410392115460326|24468&4&22.410392115460326|24469&4&22.410392115460326|24470&4&22.410392115460326|24471&4&22.410392115460326|24472&4&22.410392115460326|24473&4&22.410392115460326|24474&4&22.410392115460326|24475&4&22.410392115460326|24476&4&22.410392115460326|24477&4&25.087188951473646|24478&4&25.087188951473646|24479&4&25.087188951473646|24480&4&25.087188951473646|24481&4&25.087188951473646|24482&4&25.087188951473646|24483&4&25.087188951473646|24484&4&25.087188951473646|24485&4&25.087188951473646|24486&4&25.087188951473646|24487&4&30.14843694342809|24488&4&30.14843694342809|24489&4&30.14843694342809|24490&4&30.14843694342809|24491&4&30.14843694342809|24492&4&30.14843694342809|24493&4&30.14843694342809|24494&4&30.14843694342809|24495&4&30.14843694342809|24496&4&30.14843694342809|24497&4&4.387405435667489|24498&4&4.387405435667489|24499&4&5.035378068073488|24500&4&5.035378068073488|24501&4&5.692823498409822|24502&4&5.692823498409822|24503&4&18.174580648507078|24504&4&13.89180790391554|24505&4&1.8165636440047588|24506&4&1.8165636440047588|24507&4&2.1352191832239256|24508&4&2.1352191832239256|24509&4&2.4585523738264055|24511&4&2.7866154562088674|24512&4&2.7866154562088674|24513&4&3.1194611912560393|24514&4&3.1194611912560393|24515&4&3.74880099974411|24516&4&3.74880099974411,2|24397&4&30.14843694342809|24398&4&30.14843694342809|24399&4&30.14843694342809|24400&4&30.14843694342809|24401&4&30.14843694342809|24402&4&30.14843694342809|24403&4&30.14843694342809|24404&4&30.14843694342809|24405&4&30.14843694342809|24406&4&30.14843694342809|24407&4&35.284192500883314|24408&4&35.284192500883314|24409&4&35.284192500883314|24410&4&35.284192500883314|24411&4&35.284192500883314|24412&4&35.284192500883314|24413&4&35.284192500883314|24414&4&35.284192500883314|24415&4&35.284192500883314|24416&4&35.284192500883314|24417&4&40.49528854212234|24418&4&80.05486602897203|24419&4&40.49528854212234|24420&4&40.49528854212234|24421&4&40.49528854212234|24422&4&40.49528854212234|24423&4&40.49528854212234|24424&4&40.49528854212234|24425&4&40.49528854212234|24426&4&40.49528854212234|24427&4&45.782566288151756|24428&4&45.782566288151756|24429&4&45.782566288151756|24430&4&45.782566288151756|24431&4&45.782566288151756|24432&4&45.782566288151756|24433&4&45.782566288151756|24434&4&45.782566288151756|24435&4&45.782566288151756|24436&4&45.782566288151756|24437&4&198.73902981966202|24438&4&171.16434758655336|24439&4&160.3977856162595|24440&4&90.70645282724081|24441&4&157.40248069442475|24442&4&141.81951347409762|24443&4&198.98116616757252|24444&4&147.43465885060684|24445&4&136.13231305883292|24446&4&216.6596504612192|24447&4&14.609085539280352|24448&4&14.609085539280352|24449&4&14.609085539280352|24450&4&14.609085539280352|24451&4&14.609085539280352|24452&4&14.609085539280352|24453&4&14.609085539280352|24454&4&14.609085539280352|24455&4&14.609085539280352|24456&4&14.609085539280352|24457&4&17.171762627629114|24458&4&17.171762627629114|24459&4&17.171762627629114|24460&4&17.171762627629114|24461&4&17.171762627629114|24462&4&17.171762627629114|24463&4&17.171762627629114|24464&4&17.171762627629114|24465&4&17.171762627629114|24466&4&17.171762627629114|24467&4&71.34314390000499|24468&4&19.772058111241524|24469&4&19.772058111241524|24470&4&19.772058111241524|24471&4&19.772058111241524|24472&4&19.772058111241524|24473&4&19.772058111241524|24474&4&19.772058111241524|24475&4&19.772058111241524|24476&4&19.772058111241524|24477&4&22.410392115460326|24478&4&22.410392115460326|24479&4&22.410392115460326|24480&4&22.410392115460326|24481&4&22.410392115460326|24482&4&22.410392115460326|24483&4&22.410392115460326|24484&4&22.410392115460326|24485&4&22.410392115460326|24486&4&22.410392115460326|24487&4&25.087188951473646|24488&4&25.087188951473646|24489&4&25.087188951473646|24490&4&25.087188951473646|24491&4&25.087188951473646|24492&4&25.087188951473646|24493&4&25.087188951473646|24494&4&25.087188951473646|24495&4&25.087188951473646|24496&4&25.087188951473646|24497&4&3.74880099974411|24498&4&3.74880099974411|24499&4&4.387405435667489|24500&4&4.387405435667489|24501&4&5.035378068073488|24502&4&5.035378068073488|24503&4&5.692823498409822|24504&4&5.692823498409822|24505&4&19.4991534955061|24506&4&21.384708226827396|24507&4&1.8165636440047588|24508&4&1.8165636440047588|24509&4&2.1352191832239256|24511&4&2.4585523738264055|24512&4&2.4585523738264055|24513&4&2.7866154562088674|24514&4&19.75823839461093|24515&4&3.1194611912560393|24516&4&3.1194611912560393,2|24397&4&25.087188951473646|24398&4&25.087188951473646|24399&4&25.087188951473646|24400&4&25.087188951473646|24401&4&25.087188951473646|24402&4&25.087188951473646|24403&4&25.087188951473646|24404&4&25.087188951473646|24405&4&25.087188951473646|24406&4&25.087188951473646|24407&4&30.14843694342809|24408&4&30.14843694342809|24409&4&30.14843694342809|24410&4&30.14843694342809|24411&4&30.14843694342809|24412&4&30.14843694342809|24413&4&30.14843694342809|24414&4&30.14843694342809|24415&4&30.14843694342809|24416&4&30.14843694342809|24417&4&35.284192500883314|24418&4&35.284192500883314|24419&4&35.284192500883314|24420&4&35.284192500883314|24421&4&35.284192500883314|24422&4&35.284192500883314|24423&4&35.284192500883314|24424&4&35.284192500883314|24425&4&35.284192500883314|24426&4&35.284192500883314|24427&4&40.49528854212234|24428&4&40.49528854212234|24429&4&40.49528854212234|24430&4&40.49528854212234|24431&4&40.49528854212234|24432&4&40.49528854212234|24433&4&40.49528854212234|24434&4&40.49528854212234|24435&4&40.49528854212234|24436&4&40.49528854212234|24437&4&45.782566288151756|24438&4&45.782566288151756|24439&4&45.782566288151756|24440&4&45.782566288151756|24441&4&45.782566288151756|24442&4&45.782566288151756|24443&4&45.782566288151756|24444&4&45.782566288151756|24445&4&45.782566288151756|24446&4&45.782566288151756|24447&4&160.05175258337027|24448&4&179.28923448585613|24449&4&136.318180182747|24450&4&198.16199283410253|24451&4&203.54492615573568|24452&4&90.70742857880091|24453&4&187.35641735013505|24454&4&136.06955332127086|24455&4&173.23630762284873|24456&4&188.55107221719067|24457&4&14.609085539280352|24458&4&14.609085539280352|24459&4&14.609085539280352|24460&4&14.609085539280352|24461&4&14.609085539280352|24462&4&14.609085539280352|24463&4&14.609085539280352|24464&4&14.609085539280352|24465&4&14.609085539280352|24466&4&14.609085539280352|24467&4&17.171762627629114|24468&4&47.83628760750259|24469&4&17.171762627629114|24470&4&17.171762627629114|24471&4&52.11452800828861|24472&4&17.171762627629114|24473&4&17.171762627629114|24474&4&17.171762627629114|24475&4&17.171762627629114|24476&4&17.171762627629114|24477&4&19.772058111241524|24478&4&19.772058111241524|24479&4&19.772058111241524|24480&4&19.772058111241524|24481&4&19.772058111241524|24482&4&19.772058111241524|24483&4&19.772058111241524|24484&4&19.772058111241524|24485&4&19.772058111241524|24486&4&19.772058111241524|24487&4&22.410392115460326|24488&4&22.410392115460326|24489&4&22.410392115460326|24490&4&22.410392115460326|24491&4&22.410392115460326|24492&4&22.410392115460326|24493&4&22.410392115460326|24494&4&22.410392115460326|24495&4&22.410392115460326|24496&4&22.410392115460326|24497&4&3.1194611912560393|24498&4&3.1194611912560393|24499&4&3.74880099974411|24500&4&3.74880099974411|24501&4&4.387405435667489|24502&4&4.387405435667489|24503&4&5.035378068073488|24504&4&5.035378068073488|24505&4&5.692823498409822|24506&4&5.692823498409822|24507&4&22.79759612842441|24508&4&21.39695638505817|24509&4&1.8165636440047588|24511&4&2.1352191832239256|24512&4&2.1352191832239256|24513&4&2.4585523738264055|24514&4&2.4585523738264055|24515&4&2.7866154562088674|24516&4&2.7866154562088674,2|24397&4&22.410392115460326|24398&4&22.410392115460326|24399&4&22.410392115460326|24400&4&22.410392115460326|24401&4&22.410392115460326|24402&4&22.410392115460326|24403&4&22.410392115460326|24404&4&22.410392115460326|24405&4&22.410392115460326|24406&4&22.410392115460326|24407&4&25.087188951473646|24408&4&25.087188951473646|24409&4&25.087188951473646|24410&4&25.087188951473646|24411&4&25.087188951473646|24412&4&25.087188951473646|24413&4&25.087188951473646|24414&4&25.087188951473646|24415&4&25.087188951473646|24416&4&25.087188951473646|24417&4&30.14843694342809|24418&4&30.14843694342809|24419&4&30.14843694342809|24420&4&30.14843694342809|24421&4&30.14843694342809|24422&4&30.14843694342809|24423&4&30.14843694342809|24424&4&30.14843694342809|24425&4&30.14843694342809|24426&4&30.14843694342809|24427&4&35.284192500883314|24428&4&35.284192500883314|24429&4&35.284192500883314|24430&4&35.284192500883314|24431&4&35.284192500883314|24432&4&35.284192500883314|24433&4&35.284192500883314|24434&4&35.284192500883314|24435&4&35.284192500883314|24436&4&35.284192500883314|24437&4&40.49528854212234|24438&4&40.49528854212234|24439&4&40.49528854212234|24440&4&40.49528854212234|24441&4&40.49528854212234|24442&4&40.49528854212234|24443&4&40.49528854212234|24444&4&40.49528854212234|24445&4&40.49528854212234|24446&4&40.49528854212234|24447&4&45.782566288151756|24448&4&45.782566288151756|24449&4&45.782566288151756|24450&4&45.782566288151756|24451&4&45.782566288151756|24452&4&45.782566288151756|24453&4&45.782566288151756|24454&4&45.782566288151756|24455&4&45.782566288151756|24456&4&45.782566288151756|24457&4&183.37208730764002|24458&4&189.80167932109285|24459&4&134.1460696584112|24460&4&90.69589376009972|24461&4&207.41351953761543|24462&4&176.06453039251778|24463&4&216.83714720756103|24464&4&167.54397098671558|24465&4&194.23798229151456|24466&4&216.79306709970479|24467&4&14.609085539280352|24468&4&14.609085539280352|24469&4&14.609085539280352|24470&4&14.609085539280352|24471&4&14.609085539280352|24472&4&14.609085539280352|24473&4&14.609085539280352|24474&4&14.609085539280352|24475&4&14.609085539280352|24476&4&14.609085539280352|24477&4&17.171762627629114|24478&4&17.171762627629114|24479&4&17.171762627629114|24480&4&17.171762627629114|24481&4&17.171762627629114|24482&4&17.171762627629114|24483&4&17.171762627629114|24484&4&17.171762627629114|24485&4&17.171762627629114|24486&4&17.171762627629114|24487&4&19.772058111241524|24488&4&19.772058111241524|24489&4&19.772058111241524|24490&4&19.772058111241524|24491&4&19.772058111241524|24492&4&19.772058111241524|24493&4&19.772058111241524|24494&4&19.772058111241524|24495&4&19.772058111241524|24496&4&19.772058111241524|24497&4&2.7866154562088674|24498&4&2.7866154562088674|24499&4&3.1194611912560393|24500&4&3.1194611912560393|24501&4&3.74880099974411|24502&4&3.74880099974411|24503&4&4.387405435667489|24504&4&4.387405435667489|24505&4&5.035378068073488|24506&4&5.035378068073488|24507&4&5.692823498409822|24508&4&5.692823498409822|24509&4&22.84173432111659|24511&4&1.8165636440047588|24512&4&1.8165636440047588|24513&4&2.1352191832239256|24514&4&2.1352191832239256|24515&4&2.4585523738264055|24516&4&2.4585523738264055,2|24397&4&19.772058111241524|24398&4&19.772058111241524|24399&4&19.772058111241524|24400&4&19.772058111241524|24401&4&19.772058111241524|24402&4&19.772058111241524|24403&4&19.772058111241524|24404&4&19.772058111241524|24405&4&19.772058111241524|24406&4&19.772058111241524|24407&4&22.410392115460326|24408&4&22.410392115460326|24409&4&22.410392115460326|24410&4&22.410392115460326|24411&4&22.410392115460326|24412&4&22.410392115460326|24413&4&22.410392115460326|24414&4&22.410392115460326|24415&4&22.410392115460326|24416&4&22.410392115460326|24417&4&25.087188951473646|24418&4&25.087188951473646|24419&4&25.087188951473646|24420&4&25.087188951473646|24421&4&25.087188951473646|24422&4&25.087188951473646|24423&4&25.087188951473646|24424&4&25.087188951473646|24425&4&25.087188951473646|24426&4&25.087188951473646|24427&4&30.14843694342809|24428&4&30.14843694342809|24429&4&30.14843694342809|24430&4&30.14843694342809|24431&4&30.14843694342809|24432&4&30.14843694342809|24433&4&30.14843694342809|24434&4&30.14843694342809|24435&4&30.14843694342809|24436&4&30.14843694342809|24437&4&35.284192500883314|24438&4&35.284192500883314|24439&4&35.284192500883314|24440&4&86.63806255514483|24441&4&35.284192500883314|24442&4&35.284192500883314|24443&4&35.284192500883314|24444&4&35.284192500883314|24445&4&35.284192500883314|24446&4&35.284192500883314|24447&4&40.49528854212234|24448&4&40.49528854212234|24449&4&40.49528854212234|24450&4&40.49528854212234|24451&4&40.49528854212234|24452&4&117.10911477838962|24453&4&40.49528854212234|24454&4&40.49528854212234|24455&4&40.49528854212234|24456&4&40.49528854212234|24457&4&45.782566288151756|24458&4&45.782566288151756|24459&4&45.782566288151756|24460&4&45.782566288151756|24461&4&45.782566288151756|24462&4&45.782566288151756|24463&4&45.782566288151756|24464&4&45.782566288151756|24465&4&45.782566288151756|24466&4&45.782566288151756|24467&4&198.61292308857645|24468&4&51.14687534039112|24469&4&167.2860842125961|24470&4&137.611254468952|24471&4&155.7560073713684|24472&4&160.58686781183874|24473&4&207.65867966675322|24474&4&151.2343732906664|24475&4&51.14687534039112|24476&4&234.09947584854854|24477&4&14.609085539280352|24478&4&14.609085539280352|24479&4&14.609085539280352|24480&4&14.609085539280352|24481&4&14.609085539280352|24482&4&14.609085539280352|24483&4&14.609085539280352|24484&4&14.609085539280352|24485&4&14.609085539280352|24486&4&14.609085539280352|24487&4&17.171762627629114|24488&4&17.171762627629114|24489&4&17.171762627629114|24490&4&17.171762627629114|24491&4&17.171762627629114|24492&4&17.171762627629114|24493&4&17.171762627629114|24494&4&17.171762627629114|24495&4&17.171762627629114|24496&4&17.171762627629114|24497&4&2.4585523738264055|24498&4&2.4585523738264055|24499&4&2.7866154562088674|24500&4&24.268090365780516|24501&4&3.1194611912560393|24502&4&3.1194611912560393|24503&4&3.74880099974411|24504&4&3.74880099974411|24505&4&4.387405435667489|24506&4&4.387405435667489|24507&4&5.035378068073488|24508&4&5.035378068073488|24509&4&5.692823498409822|24511&4&6.359847370184868|24512&4&6.359847370184868|24513&4&1.8165636440047588|24514&4&1.8165636440047588|24515&4&2.1352191832239256|24516&4&2.1352191832239256,2|24397&4&17.171762627629114|24398&4&17.171762627629114|24399&4&17.171762627629114|24400&4&17.171762627629114|24401&4&17.171762627629114|24402&4&17.171762627629114|24403&4&17.171762627629114|24404&4&17.171762627629114|24405&4&17.171762627629114|24406&4&17.171762627629114|24407&4&19.772058111241524|24408&4&19.772058111241524|24409&4&19.772058111241524|24410&4&19.772058111241524|24411&4&19.772058111241524|24412&4&19.772058111241524|24413&4&19.772058111241524|24414&4&19.772058111241524|24415&4&19.772058111241524|24416&4&19.772058111241524|24417&4&22.410392115460326|24418&4&22.410392115460326|24419&4&22.410392115460326|24420&4&22.410392115460326|24421&4&22.410392115460326|24422&4&22.410392115460326|24423&4&22.410392115460326|24424&4&22.410392115460326|24425&4&22.410392115460326|24426&4&22.410392115460326|24427&4&25.087188951473646|24428&4&25.087188951473646|24429&4&25.087188951473646|24430&4&25.087188951473646|24431&4&25.087188951473646|24432&4&25.087188951473646|24433&4&25.087188951473646|24434&4&25.087188951473646|24435&4&25.087188951473646|24436&4&25.087188951473646|24437&4&30.14843694342809|24438&4&30.14843694342809|24439&4&30.14843694342809|24440&4&30.14843694342809|24441&4&30.14843694342809|24442&4&30.14843694342809|24443&4&30.14843694342809|24444&4&30.14843694342809|24445&4&30.14843694342809|24446&4&30.14843694342809|24447&4&35.284192500883314|24448&4&35.284192500883314|24449&4&35.284192500883314|24450&4&35.284192500883314|24451&4&35.284192500883314|24452&4&35.284192500883314|24453&4&35.284192500883314|24454&4&35.284192500883314|24455&4&35.284192500883314|24456&4&35.284192500883314|24457&4&40.49528854212234|24458&4&40.49528854212234|24459&4&40.49528854212234|24460&4&40.49528854212234|24461&4&40.49528854212234|24462&4&40.49528854212234|24463&4&40.49528854212234|24464&4&40.49528854212234|24465&4&40.49528854212234|24466&4&40.49528854212234|24467&4&45.782566288151756|24468&4&45.782566288151756|24469&4&45.782566288151756|24470&4&45.782566288151756|24471&4&45.782566288151756|24472&4&45.782566288151756|24473&4&45.782566288151756|24474&4&45.782566288151756|24475&4&45.782566288151756|24476&4&45.782566288151756|24477&4&149.7267455279475|24478&4&154.6749660784163|24479&4&177.6516164404952|24480&4&174.21750640972706|24481&4&203.6554690508132|24482&4&142.61559189853358|24483&4&152.42809808628|24484&4&202.67681406321003|24485&4&147.85644172836635|24486&4&203.10093561194026|24487&4&14.609085539280352|24488&4&14.609085539280352|24489&4&14.609085539280352|24490&4&14.609085539280352|24491&4&14.609085539280352|24492&4&14.609085539280352|24493&4&14.609085539280352|24494&4&14.609085539280352|24495&4&14.609085539280352|24496&4&14.609085539280352|24497&4&2.1352191832239256|24498&4&2.1352191832239256|24499&4&2.4585523738264055|24500&4&2.4585523738264055|24501&4&2.7866154562088674|24502&4&2.7866154562088674|24503&4&3.1194611912560393|24504&4&3.1194611912560393|24505&4&3.74880099974411|24506&4&3.74880099974411|24507&4&4.387405435667489|24508&4&4.387405435667489|24509&4&5.035378068073488|24511&4&17.60404084205208|24512&4&5.692823498409822|24513&4&21.28254191701321|24514&4&14.444778792671158|24515&4&1.8165636440047588|24516&4&1.8165636440047588,2|24397&4&14.609085539280352|24398&4&14.609085539280352|24399&4&14.609085539280352|24400&4&14.609085539280352|24401&4&14.609085539280352|24402&4&14.609085539280352|24403&4&14.609085539280352|24404&4&14.609085539280352|24405&4&14.609085539280352|24406&4&14.609085539280352|24407&4&17.171762627629114|24408&4&17.171762627629114|24409&4&17.171762627629114|24410&4&17.171762627629114|24411&4&63.44572328694748|24412&4&17.171762627629114|24413&4&17.171762627629114|24414&4&92.64941602115981|24415&4&17.171762627629114|24416&4&17.171762627629114|24417&4&19.772058111241524|24418&4&19.772058111241524|24419&4&19.772058111241524|24420&4&19.772058111241524|24421&4&19.772058111241524|24422&4&19.772058111241524|24423&4&19.772058111241524|24424&4&19.772058111241524|24425&4&19.772058111241524|24426&4&19.772058111241524|24427&4&22.410392115460326|24428&4&22.410392115460326|24429&4&50.99829643501189|24430&4&22.410392115460326|24431&4&22.410392115460326|24432&4&22.410392115460326|24433&4&22.410392115460326|24434&4&22.410392115460326|24435&4&22.410392115460326|24436&4&22.410392115460326|24437&4&25.087188951473646|24438&4&25.087188951473646|24439&4&25.087188951473646|24440&4&25.087188951473646|24441&4&25.087188951473646|24442&4&25.087188951473646|24443&4&25.087188951473646|24444&4&25.087188951473646|24445&4&25.087188951473646|24446&4&25.087188951473646|24447&4&30.14843694342809|24448&4&30.14843694342809|24449&4&30.14843694342809|24450&4&30.14843694342809|24451&4&30.14843694342809|24452&4&30.14843694342809|24453&4&30.14843694342809|24454&4&30.14843694342809|24455&4&30.14843694342809|24456&4&30.14843694342809|24457&4&35.284192500883314|24458&4&35.284192500883314|24459&4&90.44391019472948|24460&4&82.49474033581944|24461&4&35.284192500883314|24462&4&35.284192500883314|24463&4&35.284192500883314|24464&4&35.284192500883314|24465&4&35.284192500883314|24466&4&35.284192500883314|24467&4&40.49528854212234|24468&4&40.49528854212234|24469&4&40.49528854212234|24470&4&40.49528854212234|24471&4&40.49528854212234|24472&4&40.49528854212234|24473&4&40.49528854212234|24474&4&40.49528854212234|24475&4&40.49528854212234|24476&4&40.49528854212234|24477&4&45.782566288151756|24478&4&45.782566288151756|24479&4&45.782566288151756|24480&4&45.782566288151756|24481&4&45.782566288151756|24482&4&45.782566288151756|24483&4&45.782566288151756|24484&4&45.782566288151756|24485&4&45.782566288151756|24486&4&45.782566288151756|24487&4&136.1617905242795|24488&4&136.0816185129312|24489&4&207.20021378519277|24490&4&157.93034718576848|24491&4&143.273333321562|24492&4&168.45940408362884|24493&4&150.980385375456|24494&4&51.14687534039112|24495&4&157.05239773253012|24496&4&203.81855483884726|24497&4&1.8165636440047588|24498&4&1.8165636440047588|24499&4&2.1352191832239256|24500&4&2.1352191832239256|24501&4&2.4585523738264055|24502&4&2.4585523738264055|24503&4&2.7866154562088674|24504&4&8.70493382502327|24505&4&3.1194611912560393|24506&4&3.1194611912560393|24507&4&3.74880099974411|24508&4&3.74880099974411|24509&4&4.387405435667489|24511&4&5.035378068073488|24512&4&5.035378068073488|24513&4&5.692823498409822|24514&4&5.692823498409822|24515&4&18.28264184089391|24516&4&21.367639777729867
6|4,130,1,1,1,1,1,1,1,1,1,1,1,1,1,1,1,1,1,1,1,1,1,1,1,1,1,1,1,1,1,1,1,1,1,1,1,1,1,1,1,1,1,1,1,1,1,1,1,1,1,1,1,1,1,1,1,1,1,1,1,1,1,1,1,1,1,1,1,1,1,1,1,1,1,1,1,1,1,1,1,1,1,1,1,1,1,1,1,1,1,1,1,1,1,1,1,1,1,1,1,1,0,0,0,0,0,0,0,0,0,0,0,0,0,0,0,0,0,0,0,0,2|24397&4&137.11211445172185|24398&4&128.6624743098352|24399&4&161.2923482947731|24400&4&209.44432115027234|24401&4&206.67123721021085|24402&4&128.71243825998718|24403&4&206.12637413833056|24404&4&145.2560999167177|24405&4&152.47852925999263|24406&4&209.95194575597233|24407&4&178.41205216873297|24408&4&12.174237949400293|24409&4&12.174237949400293|24410&4&12.174237949400293|24411&4&12.174237949400293|24412&4&12.174237949400293|24413&4&12.174237949400293|24414&4&12.174237949400293|24415&4&12.174237949400293|24416&4&12.174237949400293|24417&4&14.718653680824954|24418&4&14.718653680824954|24419&4&14.718653680824954|24420&4&14.718653680824954|24421&4&14.718653680824954|24422&4&14.718653680824954|24423&4&14.718653680824954|24424&4&14.718653680824954|24425&4&14.718653680824954|24426&4&14.718653680824954|24427&4&17.300550847336332|24428&4&17.300550847336332|24429&4&17.300550847336332|24430&4&17.300550847336332|24431&4&17.300550847336332|24432&4&17.300550847336332|24433&4&17.300550847336332|24434&4&17.300550847336332|24435&4&17.300550847336332|24436&4&17.300550847336332|24437&4&19.920348547075847|24438&4&19.920348547075847|24439&4&19.920348547075847|24440&4&19.920348547075847|24441&4&19.920348547075847|24442&4&19.920348547075847|24443&4&19.920348547075847|24444&4&19.920348547075847|24445&4&19.920348547075847|24446&4&19.920348547075847|24447&4&22.57847005632628|24448&4&22.57847005632628|24449&4&22.57847005632628|24450&4&22.57847005632628|24451&4&22.57847005632628|24452&4&22.57847005632628|24453&4&22.57847005632628|24454&4&22.57847005632628|24455&4&22.57847005632628|24456&4&22.57847005632628|24457&4&25.275342868609698|24458&4&25.275342868609698|24459&4&25.275342868609698|24460&4&25.275342868609698|24461&4&25.275342868609698|24462&4&25.275342868609698|24463&4&25.275342868609698|24464&4&25.275342868609698|24465&4&25.275342868609698|24466&4&25.275342868609698|24467&4&30.374550220503785|24468&4&30.374550220503785|24469&4&30.374550220503785|24470&4&30.374550220503785|24471&4&30.374550220503785|24472&4&30.374550220503785|24473&4&30.374550220503785|24474&4&30.374550220503785|24475&4&30.374550220503785|24476&4&30.374550220503785|24477&4&35.54882394463996|24478&4&35.54882394463996|24479&4&35.54882394463996|24480&4&35.54882394463996|24481&4&35.54882394463996|24482&4&55.837858175621335|24483&4&35.54882394463996|24484&4&35.54882394463996|24485&4&35.54882394463996|24486&4&35.54882394463996|24487&4&40.79900320618825|24488&4&40.79900320618825|24489&4&40.79900320618825|24490&4&40.79900320618825|24491&4&40.79900320618825|24492&4&40.79900320618825|24493&4&40.79900320618825|24494&4&150.13745095395143|24495&4&40.79900320618825|24496&4&40.79900320618825|24497&4&22.022881024646846|24498&4&22.067346122101664|24499&4&1.5138030366706325|24500&4&1.5138030366706325|24501&4&1.8301878713347932|24502&4&1.8301878713347932|24503&4&2.1512333270981046|24504&4&2.1512333270981046|24505&4&2.4769915166301044|24506&4&2.4769915166301044|24507&4&2.8075150721304354|24508&4&2.8075150721304354|24509&4&3.1428571501904603|24511&4&3.776917007242187|24512&4&3.776917007242187|24513&4&4.420310976434996|24514&4&4.420310976434996|24515&4&5.073143403584041|24516&4&5.073143403584041,2|24397&4&40.79900320618825|24398&4&40.79900320618825|24399&4&40.79900320618825|24400&4&40.79900320618825|24401&4&40.79900320618825|24402&4&40.79900320618825|24403&4&40.79900320618825|24404&4&40.79900320618825|24405&4&40.79900320618825|24406&4&40.79900320618825|24407&4&135.18488582961038|24408&4&248.41830051092336|24409&4&148.45329443402238|24410&4&141.93474821503668|24411&4&146.42825558721796|24412&4&202.21072902577214|24413&4&218.50130628922614|24414&4&83.20421072105675|24415&4&175.58799764013807|24416&4&151.31067014240875|24417&4&98.62743576665747|24418&4&12.174237949400293|24419&4&12.174237949400293|24420&4&41.40295459585471|24421&4&12.174237949400293|24422&4&12.174237949400293|24423&4&12.174237949400293|24424&4&12.174237949400293|24425&4&12.174237949400293|24426&4&12.174237949400293|24427&4&14.718653680824954|24428&4&14.718653680824954|24429&4&14.718653680824954|24430&4&14.718653680824954|24431&4&14.718653680824954|24432&4&14.718653680824954|24433&4&81.6386841220286|24434&4&14.718653680824954|24435&4&14.718653680824954|24436&4&14.718653680824954|24437&4&17.300550847336332|24438&4&59.89457042186542|24439&4&17.300550847336332|24440&4&17.300550847336332|24441&4&17.300550847336332|24442&4&17.300550847336332|24443&4&17.300550847336332|24444&4&17.300550847336332|24445&4&17.300550847336332|24446&4&17.300550847336332|24447&4&19.920348547075847|24448&4&19.920348547075847|24449&4&19.920348547075847|24450&4&19.920348547075847|24451&4&19.920348547075847|24452&4&19.920348547075847|24453&4&19.920348547075847|24454&4&19.920348547075847|24455&4&19.920348547075847|24456&4&19.920348547075847|24457&4&22.57847005632628|24458&4&22.57847005632628|24459&4&22.57847005632628|24460&4&22.57847005632628|24461&4&22.57847005632628|24462&4&22.57847005632628|24463&4&22.57847005632628|24464&4&61.40966302506685|24465&4&22.57847005632628|24466&4&22.57847005632628|24467&4&25.275342868609698|24468&4&96.505287541647|24469&4&119.31536802510618|24470&4&25.275342868609698|24471&4&25.275342868609698|24472&4&87.33986045605118|24473&4&25.275342868609698|24474&4&25.275342868609698|24475&4&234.26975722841175|24476&4&25.275342868609698|24477&4&42.713798623230026|24478&4&30.374550220503785|24479&4&30.374550220503785|24480&4&30.374550220503785|24481&4&30.374550220503785|24482&4&30.374550220503785|24483&4&41.53988146078789|24484&4&30.374550220503785|24485&4&30.374550220503785|24486&4&30.374550220503785|24487&4&35.54882394463996|24488&4&35.54882394463996|24489&4&35.54882394463996|24490&4&35.54882394463996|24491&4&36.6482832540822|24492&4&35.54882394463996|24493&4&100.78129617553074|24494&4&35.54882394463996|24495&4&123.59548696113976|24496&4&35.54882394463996|24497&4&5.073143403584041|24498&4&5.073143403584041|24499&4&19.802943833392007|24500&4&8.633817551043467|24501&4&1.5138030366706325|24502&4&1.5138030366706325|24503&4&1.8301878713347932|24504&4&1.8301878713347932|24505&4&2.1512333270981046|24506&4&2.1512333270981046|24507&4&2.4769915166301044|24508&4&2.4769915166301044|24509&4&2.8075150721304354|24511&4&3.1428571501904603|24512&4&19.65696955149675|24513&4&3.776917007242187|24514&4&3.776917007242187|24515&4&4.420310976434996|24516&4&4.420310976434996,2|24397&4&35.54882394463996|24398&4&35.54882394463996|24399&4&35.54882394463996|24400&4&35.54882394463996|24401&4&35.54882394463996|24402&4&131.10277142402072|24403&4&35.54882394463996|24404&4&35.54882394463996|24405&4&35.54882394463996|24406&4&35.54882394463996|24407&4&40.79900320618825|24408&4&40.79900320618825|24409&4&40.79900320618825|24410&4&143.012693130106|24411&4&40.79900320618825|24412&4&40.79900320618825|24413&4&40.79900320618825|24414&4&40.79900320618825|24415&4&40.79900320618825|24416&4&40.79900320618825|24417&4&164.9316344100587|24418&4&174.54799554338132|24419&4&157.1111315770456|24420&4&154.6951202139154|24421&4&148.45812224301628|24422&4&212.7157935372453|24423&4&146.2159070368553|24424&4&134.8744931977243|24425&4&150.91816082567868|24426&4&180.38002466919937|24427&4&12.174237949400293|24428&4&12.174237949400293|24429&4&118.22254308143886|24430&4&12.174237949400293|24431&4&12.174237949400293|24432&4&61.46949197532712|24433&4&12.174237949400293|24434&4&12.174237949400293|24435&4&12.174237949400293|24436&4&12.174237949400293|24437&4&14.718653680824954|24438&4&14.718653680824954|24439&4&14.718653680824954|24440&4&14.718653680824954|24441&4&103.43629126105122|24442&4&14.718653680824954|24443&4&14.718653680824954|24444&4&14.718653680824954|24445&4&14.718653680824954|24446&4&14.718653680824954|24447&4&17.300550847336332|24448&4&17.300550847336332|24449&4&17.300550847336332|24450&4&17.300550847336332|24451&4&17.300550847336332|24452&4&17.300550847336332|24453&4&17.300550847336332|24454&4&17.300550847336332|24455&4&17.300550847336332|24456&4&17.300550847336332|24457&4&19.920348547075847|24458&4&64.15353065075068|24459&4&19.920348547075847|24460&4&19.920348547075847|24461&4&19.920348547075847|24462&4&19.920348547075847|24463&4&19.920348547075847|24464&4&19.920348547075847|24465&4&19.920348547075847|24466&4&19.920348547075847|24467&4&22.57847005632628|24468&4&24.051455499296054|24469&4&22.57847005632628|24470&4&31.268217453869426|24471&4&22.57847005632628|24472&4&22.57847005632628|24473&4&22.57847005632628|24474&4&117.52532817861312|24475&4&22.57847005632628|24476&4&22.57847005632628|24477&4&25.275342868609698|24478&4&25.275342868609698|24479&4&25.275342868609698|24480&4&25.275342868609698|24481&4&25.275342868609698|24482&4&25.275342868609698|24483&4&25.275342868609698|24484&4&25.275342868609698|24485&4&118.16880453566492|24486&4&25.275342868609698|24487&4&82.59638385859395|24488&4&30.374550220503785|24489&4&30.374550220503785|24490&4&104.69739243908498|24491&4&30.374550220503785|24492&4&30.374550220503785|24493&4&30.374550220503785|24494&4&30.374550220503785|24495&4&30.374550220503785|24496&4&30.374550220503785|24497&4&4.420310976434996|24498&4&4.420310976434996|24499&4&5.073143403584041|24500&4&5.073143403584041|24501&4&21.29809967969762|24502&4&18.10776044788395|24503&4&1.5138030366706325|24504&4&1.5138030366706325|24505&4&1.8301878713347932|24506&4&1.8301878713347932|24507&4&2.1512333270981046|24508&4&2.1512333270981046|24509&4&2.4769915166301044|24511&4&2.8075150721304354|24512&4&2.8075150721304354|24513&4&3.1428571501904603|24514&4&3.1428571501904603|24515&4&3.776917007242187|24516&4&3.776917007242187,2|24397&4&30.374550220503785|24398&4&30.374550220503785|24399&4&30.374550220503785|24400&4&30.374550220503785|24401&4&30.374550220503785|24402&4&30.374550220503785|24403&4&30.374550220503785|24404&4&30.374550220503785|24405&4&30.374550220503785|24406&4&30.374550220503785|24407&4&35.54882394463996|24408&4&35.54882394463996|24409&4&35.54882394463996|24410&4&35.54882394463996|24411&4&35.54882394463996|24412&4&35.54882394463996|24413&4&35.54882394463996|24414&4&35.54882394463996|24415&4&35.54882394463996|24416&4&35.54882394463996|24417&4&40.79900320618825|24418&4&40.79900320618825|24419&4&40.79900320618825|24420&4&40.79900320618825|24421&4&40.79900320618825|24422&4&40.79900320618825|24423&4&40.79900320618825|24424&4&40.79900320618825|24425&4&40.79900320618825|24426&4&40.79900320618825|24427&4&128.20376027949564|24428&4&183.86734790334924|24429&4&125.75764270508174|24430&4&167.69024053975022|24431&4&126.29075327566534|24432&4&176.20591829771647|24433&4&127.07526865851635|24434&4&166.90782837357676|24435&4&166.11365018490733|24436&4&189.37384403053255|24437&4&12.174237949400293|24438&4&12.174237949400293|24439&4&12.174237949400293|24440&4&12.174237949400293|24441&4&12.174237949400293|24442&4&12.174237949400293|24443&4&12.174237949400293|24444&4&12.174237949400293|24445&4&12.174237949400293|24446&4&12.174237949400293|24447&4&14.718653680824954|24448&4&14.718653680824954|24449&4&14.718653680824954|24450&4&14.718653680824954|24451&4&14.718653680824954|24452&4&14.718653680824954|24453&4&14.718653680824954|24454&4&14.718653680824954|24455&4&14.718653680824954|24456&4&14.718653680824954|24457&4&17.300550847336332|24458&4&17.300550847336332|24459&4&17.300550847336332|24460&4&17.300550847336332|24461&4&17.300550847336332|24462&4&17.300550847336332|24463&4&17.300550847336332|24464&4&17.300550847336332|24465&4&17.300550847336332|24466&4&17.300550847336332|24467&4&19.920348547075847|24468&4&19.920348547075847|24469&4&19.920348547075847|24470&4&19.920348547075847|24471&4&19.920348547075847|24472&4&19.920348547075847|24473&4&19.920348547075847|24474&4&19.920348547075847|24475&4&19.920348547075847|24476&4&19.920348547075847|24477&4&22.57847005632628|24478&4&22.57847005632628|24479&4&22.57847005632628|24480&4&22.57847005632628|24481&4&22.57847005632628|24482&4&22.57847005632628|24483&4&22.57847005632628|24484&4&22.57847005632628|24485&4&22.57847005632628|24486&4&22.57847005632628|24487&4&25.275342868609698|24488&4&25.275342868609698|24489&4&25.275342868609698|24490&4&25.275342868609698|24491&4&25.275342868609698|24492&4&25.275342868609698|24493&4&25.275342868609698|24494&4&25.275342868609698|24495&4&25.275342868609698|24496&4&25.275342868609698|24497&4&3.776917007242187|24498&4&3.776917007242187|24499&4&4.420310976434996|24500&4&4.420310976434996|24501&4&5.073143403584041|24502&4&5.073143403584041|24503&4&16.85854318361139|24504&4&12.813057832369328|24505&4&1.5138030366706325|24506&4&1.5138030366706325|24507&4&1.8301878713347932|24508&4&1.8301878713347932|24509&4&2.1512333270981046|24511&4&2.4769915166301044|24512&4&2.4769915166301044|24513&4&2.8075150721304354|24514&4&2.8075150721304354|24515&4&3.1428571501904603|24516&4&3.1428571501904603,2|24397&4&127.77113361245716|24398&4&90.38303686158616|24399&4&25.275342868609698|24400&4&25.275342868609698|24401&4&25.275342868609698|24402&4&25.275342868609698|24403&4&25.275342868609698|24404&4&86.95591809485128|24405&4&25.275342868609698|24406&4&25.275342868609698|24407&4&30.374550220503785|24408&4&30.374550220503785|24409&4&30.374550220503785|24410&4&30.374550220503785|24411&4&30.374550220503785|24412&4&30.374550220503785|24413&4&30.374550220503785|24414&4&30.374550220503785|24415&4&30.374550220503785|24416&4&73.45395203924988|24417&4&35.54882394463996|24418&4&72.63592783856154|24419&4&35.54882394463996|24420&4&35.54882394463996|24421&4&35.54882394463996|24422&4&35.54882394463996|24423&4&35.54882394463996|24424&4&151.72568394785415|24425&4&35.54882394463996|24426&4&35.54882394463996|24427&4&40.79900320618825|24428&4&40.79900320618825|24429&4&40.79900320618825|24430&4&40.79900320618825|24431&4&151.0557091148476|24432&4&40.79900320618825|24433&4&40.79900320618825|24434&4&40.79900320618825|24435&4&40.79900320618825|24436&4&40.79900320618825|24437&4&185.10181476362044|24438&4&159.04993091419496|24439&4&148.86109026199165|24440&4&83.2130394292345|24441&4&146.06550175931955|24442&4&131.3517213736845|24443&4&211.80519236051657|24444&4&136.61797023788975|24445&4&162.10788760131157|24446&4&202.01272210088229|24447&4&12.174237949400293|24448&4&12.174237949400293|24449&4&12.174237949400293|24450&4&12.174237949400293|24451&4&12.174237949400293|24452&4&12.174237949400293|24453&4&12.174237949400293|24454&4&12.174237949400293|24455&4&12.174237949400293|24456&4&12.174237949400293|24457&4&14.718653680824954|24458&4&14.718653680824954|24459&4&14.718653680824954|24460&4&14.718653680824954|24461&4&14.718653680824954|24462&4&34.32021638973845|24463&4&14.718653680824954|24464&4&14.718653680824954|24465&4&14.718653680824954|24466&4&14.718653680824954|24467&4&87.18611353220767|24468&4&17.300550847336332|24469&4&17.300550847336332|24470&4&17.300550847336332|24471&4&17.300550847336332|24472&4&17.300550847336332|24473&4&17.300550847336332|24474&4&17.300550847336332|24475&4&17.300550847336332|24476&4&17.300550847336332|24477&4&19.920348547075847|24478&4&19.920348547075847|24479&4&19.920348547075847|24480&4&19.920348547075847|24481&4&19.920348547075847|24482&4&93.9274653189555|24483&4&19.920348547075847|24484&4&19.920348547075847|24485&4&19.920348547075847|24486&4&19.920348547075847|24487&4&22.57847005632628|24488&4&22.57847005632628|24489&4&22.57847005632628|24490&4&22.57847005632628|24491&4&22.57847005632628|24492&4&22.57847005632628|24493&4&22.57847005632628|24494&4&22.57847005632628|24495&4&22.57847005632628|24496&4&22.57847005632628|24497&4&3.1428571501904603|24498&4&3.1428571501904603|24499&4&3.776917007242187|24500&4&3.776917007242187|24501&4&4.420310976434996|24502&4&4.420310976434996|24503&4&5.073143403584041|24504&4&5.073143403584041|24505&4&18.109202926478467|24506&4&19.889826036621972|24507&4&1.5138030366706325|24508&4&1.5138030366706325|24509&4&1.8301878713347932|24511&4&2.1512333270981046|24512&4&2.1512333270981046|24513&4&2.4769915166301044|24514&4&18.55537114248469|24515&4&2.8075150721304354|24516&4&2.8075150721304354,2|24397&4&22.57847005632628|24398&4&22.57847005632628|24399&4&22.57847005632628|24400&4&22.57847005632628|24401&4&22.57847005632628|24402&4&22.57847005632628|24403&4&22.57847005632628|24404&4&22.57847005632628|24405&4&22.57847005632628|24406&4&22.57847005632628|24407&4&25.275342868609698|24408&4&25.275342868609698|24409&4&25.275342868609698|24410&4&25.275342868609698|24411&4&25.275342868609698|24412&4&25.275342868609698|24413&4&25.275342868609698|24414&4&25.275342868609698|24415&4&25.275342868609698|24416&4&25.275342868609698|24417&4&30.374550220503785|24418&4&30.374550220503785|24419&4&30.374550220503785|24420&4&30.374550220503785|24421&4&30.374550220503785|24422&4&30.374550220503785|24423&4&30.374550220503785|24424&4&30.374550220503785|24425&4&30.374550220503785|24426&4&30.374550220503785|24427&4&35.54882394463996|24428&4&35.54882394463996|24429&4&35.54882394463996|24430&4&35.54882394463996|24431&4&35.54882394463996|24432&4&35.54882394463996|24433&4&35.54882394463996|24434&4&35.54882394463996|24435&4&35.54882394463996|24436&4&35.54882394463996|24437&4&40.79900320618825|24438&4&40.79900320618825|24439&4&40.79900320618825|24440&4&40.79900320618825|24441&4&40.79900320618825|24442&4&40.79900320618825|24443&4&40.79900320618825|24444&4&112.99594904246231|24445&4&40.79900320618825|24446&4&40.79900320618825|24447&4&148.5517945496079|24448&4&166.73405484044008|24449&4&234.2737600061116|24450&4&200.47487232499788|24451&4&189.62662404646738|24452&4&83.21395419632209|24453&4&174.33726597133466|24454&4&209.03038536411083|24455&4&161.01632226589112|24456&4&199.07645470904765|24457&4&12.174237949400293|24458&4&12.174237949400293|24459&4&12.174237949400293|24460&4&12.174237949400293|24461&4&12.174237949400293|24462&4&12.174237949400293|24463&4&12.174237949400293|24464&4&12.174237949400293|24465&4&12.174237949400293|24466&4&12.174237949400293|24467&4&14.718653680824954|24468&4&129.37783241188305|24469&4&14.718653680824954|24470&4&14.718653680824954|24471&4&111.29505268834622|24472&4&14.718653680824954|24473&4&14.718653680824954|24474&4&14.718653680824954|24475&4&14.718653680824954|24476&4&14.718653680824954|24477&4&17.300550847336332|24478&4&17.300550847336332|24479&4&17.300550847336332|24480&4&17.300550847336332|24481&4&17.300550847336332|24482&4&17.300550847336332|24483&4&17.300550847336332|24484&4&17.300550847336332|24485&4&17.300550847336332|24486&4&17.300550847336332|24487&4&19.920348547075847|24488&4&19.920348547075847|24489&4&19.920348547075847|24490&4&19.920348547075847|24491&4&19.920348547075847|24492&4&19.920348547075847|24493&4&19.920348547075847|24494&4&19.920348547075847|24495&4&19.920348547075847|24496&4&19.920348547075847|24497&4&2.8075150721304354|24498&4&2.8075150721304354|24499&4&3.1428571501904603|24500&4&3.1428571501904603|24501&4&3.776917007242187|24502&4&3.776917007242187|24503&4&4.420310976434996|24504&4&4.420310976434996|24505&4&5.073143403584041|24506&4&5.073143403584041|24507&4&21.224221089477226|24508&4&19.90140324208403|24509&4&1.5138030366706325|24511&4&1.8301878713347932|24512&4&1.8301878713347932|24513&4&2.1512333270981046|24514&4&2.1512333270981046|24515&4&2.4769915166301044|24516&4&2.4769915166301044,2|24397&4&19.920348547075847|24398&4&19.920348547075847|24399&4&19.920348547075847|24400&4&19.920348547075847|24401&4&19.920348547075847|24402&4&19.920348547075847|24403&4&27.584856847611675|24404&4&19.920348547075847|24405&4&19.920348547075847|24406&4&19.920348547075847|24407&4&22.57847005632628|24408&4&22.57847005632628|24409&4&22.57847005632628|24410&4&22.57847005632628|24411&4&22.57847005632628|24412&4&22.57847005632628|24413&4&22.57847005632628|24414&4&22.57847005632628|24415&4&22.57847005632628|24416&4&22.57847005632628|24417&4&25.275342868609698|24418&4&25.275342868609698|24419&4&25.275342868609698|24420&4&25.275342868609698|24421&4&25.275342868609698|24422&4&25.275342868609698|24423&4&25.275342868609698|24424&4&25.275342868609698|24425&4&25.275342868609698|24426&4&25.275342868609698|24427&4&30.374550220503785|24428&4&30.374550220503785|24429&4&30.374550220503785|24430&4&30.374550220503785|24431&4&30.374550220503785|24432&4&30.374550220503785|24433&4&30.374550220503785|24434&4&30.374550220503785|24435&4&67.70786663150093|24436&4&30.374550220503785|24437&4&35.54882394463996|24438&4&35.54882394463996|24439&4&35.54882394463996|24440&4&35.54882394463996|24441&4&35.54882394463996|24442&4&35.54882394463996|24443&4&35.54882394463996|24444&4&35.54882394463996|24445&4&35.54882394463996|24446&4&35.54882394463996|24447&4&40.79900320618825|24448&4&40.79900320618825|24449&4&40.79900320618825|24450&4&40.79900320618825|24451&4&40.79900320618825|24452&4&40.79900320618825|24453&4&51.69211097161389|24454&4&40.79900320618825|24455&4&68.56383994581518|24456&4&40.79900320618825|24457&4&170.5755699846638|24458&4&176.6473367107199|24459&4&124.09742350220051|24460&4&83.20314030378972|24461&4&193.29418117563523|24462&4&163.6730796938784|24463&4&202.17984414398674|24464&4&155.64036873685416|24465&4&180.837011198698|24466&4&202.13831680415555|24467&4&12.174237949400293|24468&4&12.174237949400293|24469&4&12.174237949400293|24470&4&12.174237949400293|24471&4&12.174237949400293|24472&4&12.174237949400293|24473&4&12.174237949400293|24474&4&12.174237949400293|24475&4&12.174237949400293|24476&4&12.174237949400293|24477&4&14.718653680824954|24478&4&14.718653680824954|24479&4&14.718653680824954|24480&4&14.718653680824954|24481&4&25.664615981057405|24482&4&14.718653680824954|24483&4&14.718653680824954|24484&4&14.718653680824954|24485&4&14.718653680824954|24486&4&14.718653680824954|24487&4&17.300550847336332|24488&4&17.300550847336332|24489&4&17.300550847336332|24490&4&17.300550847336332|24491&4&17.300550847336332|24492&4&17.300550847336332|24493&4&17.300550847336332|24494&4&17.300550847336332|24495&4&17.300550847336332|24496&4&17.300550847336332|24497&4&2.4769915166301044|24498&4&2.4769915166301044|24499&4&2.8075150721304354|24500&4&2.8075150721304354|24501&4&3.1428571501904603|24502&4&3.1428571501904603|24503&4&3.776917007242187|24504&4&3.776917007242187|24505&4&4.420310976434996|24506&4&4.420310976434996|24507&4&5.073143403584041|24508&4&5.073143403584041|24509&4&21.265780705649888|24511&4&1.5138030366706325|24512&4&1.5138030366706325|24513&4&1.8301878713347932|24514&4&1.8301878713347932|24515&4&2.1512333270981046|24516&4&2.1512333270981046,2|24397&4&17.300550847336332|24398&4&17.300550847336332|24399&4&17.300550847336332|24400&4&17.300550847336332|24401&4&17.300550847336332|24402&4&17.300550847336332|24403&4&17.300550847336332|24404&4&17.300550847336332|24405&4&17.300550847336332|24406&4&17.300550847336332|24407&4&19.920348547075847|24408&4&19.920348547075847|24409&4&19.920348547075847|24410&4&19.920348547075847|24411&4&19.920348547075847|24412&4&19.920348547075847|24413&4&19.920348547075847|24414&4&19.920348547075847|24415&4&19.920348547075847|24416&4&19.920348547075847|24417&4&22.57847005632628|24418&4&22.57847005632628|24419&4&22.57847005632628|24420&4&22.57847005632628|24421&4&22.57847005632628|24422&4&22.57847005632628|24423&4&22.57847005632628|24424&4&22.57847005632628|24425&4&22.57847005632628|24426&4&22.57847005632628|24427&4&25.275342868609698|24428&4&25.275342868609698|24429&4&25.275342868609698|24430&4&25.275342868609698|24431&4&25.275342868609698|24432&4&25.275342868609698|24433&4&25.275342868609698|24434&4&25.275342868609698|24435&4&25.275342868609698|24436&4&25.275342868609698|24437&4&30.374550220503785|24438&4&30.374550220503785|24439&4&30.374550220503785|24440&4&78.7255592642596|24441&4&30.374550220503785|24442&4&30.374550220503785|24443&4&30.374550220503785|24444&4&30.374550220503785|24445&4&30.374550220503785|24446&4&30.374550220503785|24447&4&35.54882394463996|24448&4&35.54882394463996|24449&4&35.54882394463996|24450&4&35.54882394463996|24451&4&35.54882394463996|24452&4&107.76453269422453|24453&4&35.54882394463996|24454&4&35.54882394463996|24455&4&35.54882394463996|24456&4&35.54882394463996|24457&4&40.79900320618825|24458&4&40.79900320618825|24459&4&40.79900320618825|24460&4&40.79900320618825|24461&4&40.79900320618825|24462&4&40.79900320618825|24463&4&40.79900320618825|24464&4&40.79900320618825|24465&4&40.79900320618825|24466&4&40.79900320618825|24467&4&185.01418763188025|24468&4&46.125935535312905|24469&4&155.4023009529886|24470&4&127.35873150469959|24471&4&144.49300298821447|24472&4&149.05578677615568|24473&4&193.5261151579511|24474&4&140.24771412173558|24475&4&46.125935535312905|24476&4&325.52775413841164|24477&4&12.174237949400293|24478&4&12.174237949400293|24479&4&12.174237949400293|24480&4&12.174237949400293|24481&4&12.174237949400293|24482&4&12.174237949400293|24483&4&12.174237949400293|24484&4&12.174237949400293|24485&4&12.174237949400293|24486&4&12.174237949400293|24487&4&14.718653680824954|24488&4&14.718653680824954|24489&4&14.718653680824954|24490&4&14.718653680824954|24491&4&14.718653680824954|24492&4&14.718653680824954|24493&4&14.718653680824954|24494&4&14.718653680824954|24495&4&14.718653680824954|24496&4&14.718653680824954|24497&4&2.1512333270981046|24498&4&2.1512333270981046|24499&4&2.4769915166301044|24500&4&22.769575501220423|24501&4&2.8075150721304354|24502&4&2.8075150721304354|24503&4&3.1428571501904603|24504&4&3.1428571501904603|24505&4&3.776917007242187|24506&4&3.776917007242187|24507&4&4.420310976434996|24508&4&4.420310976434996|24509&4&5.073143403584041|24511&4&5.735519674647894|24512&4&5.735519674647894|24513&4&1.5138030366706325|24514&4&1.5138030366706325|24515&4&1.8301878713347932|24516&4&1.8301878713347932,2|24397&4&14.718653680824954|24398&4&14.718653680824954|24399&4&14.718653680824954|24400&4&14.718653680824954|24401&4&14.718653680824954|24402&4&14.718653680824954|24403&4&14.718653680824954|24404&4&14.718653680824954|24405&4&64.38143025918077|24406&4&14.718653680824954|24407&4&17.300550847336332|24408&4&17.300550847336332|24409&4&17.300550847336332|24410&4&17.300550847336332|24411&4&17.300550847336332|24412&4&17.300550847336332|24413&4&17.300550847336332|24414&4&17.300550847336332|24415&4&17.300550847336332|24416&4&17.300550847336332|24417&4&19.920348547075847|24418&4&19.920348547075847|24419&4&19.920348547075847|24420&4&19.920348547075847|24421&4&19.920348547075847|24422&4&19.920348547075847|24423&4&19.920348547075847|24424&4&19.920348547075847|24425&4&19.920348547075847|24426&4&47.34041247257018|24427&4&22.57847005632628|24428&4&22.57847005632628|24429&4&22.57847005632628|24430&4&22.57847005632628|24431&4&22.57847005632628|24432&4&22.57847005632628|24433&4&22.57847005632628|24434&4&22.57847005632628|24435&4&22.57847005632628|24436&4&22.57847005632628|24437&4&25.275342868609698|24438&4&25.275342868609698|24439&4&25.275342868609698|24440&4&25.275342868609698|24441&4&25.275342868609698|24442&4&25.275342868609698|24443&4&25.275342868609698|24444&4&25.275342868609698|24445&4&25.275342868609698|24446&4&25.275342868609698|24447&4&30.374550220503785|24448&4&30.374550220503785|24449&4&30.374550220503785|24450&4&30.374550220503785|24451&4&30.374550220503785|24452&4&30.374550220503785|24453&4&30.374550220503785|24454&4&30.374550220503785|24455&4&30.374550220503785|24456&4&30.374550220503785|24457&4&35.54882394463996|24458&4&35.54882394463996|24459&4&35.54882394463996|24460&4&35.54882394463996|24461&4&35.54882394463996|24462&4&35.54882394463996|24463&4&35.54882394463996|24464&4&35.54882394463996|24465&4&35.54882394463996|24466&4&35.54882394463996|24467&4&40.79900320618825|24468&4&40.79900320618825|24469&4&40.79900320618825|24470&4&40.79900320618825|24471&4&40.79900320618825|24472&4&40.79900320618825|24473&4&40.79900320618825|24474&4&40.79900320618825|24475&4&40.79900320618825|24476&4&40.79900320618825|24477&4&138.79855003300332|24478&4&143.535584450722|24479&4&165.17228582332893|24480&4&161.92725117196193|24481&4&189.73057298415688|24482&4&132.0687343540127|24483&4&141.4039330236977|24484&4&188.84955454096564|24485&4&137.07994349429612|24486&4&325.687230197709|24487&4&12.174237949400293|24488&4&12.174237949400293|24489&4&12.174237949400293|24490&4&12.174237949400293|24491&4&12.174237949400293|24492&4&12.174237949400293|24493&4&12.174237949400293|24494&4&12.174237949400293|24495&4&12.174237949400293|24496&4&12.174237949400293|24497&4&1.8301878713347932|24498&4&1.8301878713347932|24499&4&2.1512333270981046|24500&4&2.1512333270981046|24501&4&2.4769915166301044|24502&4&2.4769915166301044|24503&4&2.8075150721304354|24504&4&2.8075150721304354|24505&4&3.1428571501904603|24506&4&3.1428571501904603|24507&4&3.776917007242187|24508&4&3.776917007242187|24509&4&4.420310976434996|24511&4&16.286871458724526|24512&4&5.073143403584041|24513&4&19.793215901079435|24514&4&13.335291017421799|24515&4&1.5138030366706325|24516&4&1.5138030366706325,2|24397&4&12.174237949400293|24398&4&12.174237949400293|24399&4&12.174237949400293|24400&4&12.174237949400293|24401&4&12.174237949400293|24402&4&12.174237949400293|24403&4&12.174237949400293|24404&4&12.174237949400293|24405&4&12.174237949400293|24406&4&12.174237949400293|24407&4&14.718653680824954|24408&4&14.718653680824954|24409&4&134.75547016161494|24410&4&14.718653680824954|24411&4&177.73452974497033|24412&4&14.718653680824954|24413&4&14.718653680824954|24414&4&85.84772478453654|24415&4&14.718653680824954|24416&4&14.718653680824954|24417&4&17.300550847336332|24418&4&17.300550847336332|24419&4&17.300550847336332|24420&4&17.300550847336332|24421&4&39.7274601134418|24422&4&17.300550847336332|24423&4&17.300550847336332|24424&4&17.300550847336332|24425&4&17.300550847336332|24426&4&17.300550847336332|24427&4&35.42912139164355|24428&4&19.920348547075847|24429&4&46.920035959985654|24430&4&19.920348547075847|24431&4&19.920348547075847|24432&4&19.920348547075847|24433&4&19.920348547075847|24434&4&19.920348547075847|24435&4&19.920348547075847|24436&4&19.920348547075847|24437&4&22.57847005632628|24438&4&22.57847005632628|24439&4&22.57847005632628|24440&4&37.21664347674884|24441&4&22.57847005632628|24442&4&22.57847005632628|24443&4&22.57847005632628|24444&4&22.57847005632628|24445&4&22.57847005632628|24446&4&22.57847005632628|24447&4&83.93320206907529|24448&4&25.275342868609698|24449&4&25.275342868609698|24450&4&25.275342868609698|24451&4&25.275342868609698|24452&4&25.275342868609698|24453&4&25.275342868609698|24454&4&25.275342868609698|24455&4&25.275342868609698|24456&4&25.275342868609698|24457&4&30.374550220503785|24458&4&30.374550220503785|24459&4&82.46983915358072|24460&4&74.80800700632602|24461&4&30.374550220503785|24462&4&30.374550220503785|24463&4&30.374550220503785|24464&4&30.374550220503785|24465&4&30.374550220503785|24466&4&30.374550220503785|24467&4&35.54882394463996|24468&4&35.54882394463996|24469&4&35.54882394463996|24470&4&35.54882394463996|24471&4&35.54882394463996|24472&4&35.54882394463996|24473&4&66.11462254145374|24474&4&35.54882394463996|24475&4&35.54882394463996|24476&4&35.54882394463996|24477&4&40.79900320618825|24478&4&89.67056852348713|24479&4&40.79900320618825|24480&4&40.79900320618825|24481&4&40.79900320618825|24482&4&40.79900320618825|24483&4&40.79900320618825|24484&4&57.245757600252695|24485&4&40.79900320618825|24486&4&40.79900320618825|24487&4&125.9945725524295|24488&4&125.91901433749717|24489&4&193.09316078133676|24490&4&146.58532971365867|24491&4&132.68774206849855|24492&4&254.77636582622355|24493&4&140.00082939811352|24494&4&46.125935535312905|24495&4&145.74670227169216|24496&4&211.50366214605918|24497&4&1.5138030366706325|24498&4&1.5138030366706325|24499&4&1.8301878713347932|24500&4&1.8301878713347932|24501&4&2.1512333270981046|24502&4&2.1512333270981046|24503&4&2.4769915166301044|24504&4&8.066514420510373|24505&4&2.8075150721304354|24506&4&2.8075150721304354|24507&4&3.1428571501904603|24508&4&3.1428571501904603|24509&4&3.776917007242187|24511&4&4.420310976434996|24512&4&4.420310976434996|24513&4&5.073143403584041|24514&4&5.073143403584041|24515&4&16.960152863625815|24516&4&19.873652609711215
7|4,130,1,1,1,1,1,1,1,1,1,1,1,1,1,1,1,1,1,1,1,1,1,1,1,1,1,1,1,1,1,1,1,1,1,1,1,1,1,1,1,1,1,1,1,1,1,1,1,1,1,1,1,1,1,1,1,1,1,1,1,1,1,1,1,1,1,1,1,1,1,1,1,1,1,1,1,1,1,1,1,1,1,1,1,1,1,1,1,1,1,1,1,1,1,1,1,1,1,1,1,1,0,0,0,0,0,0,0,0,0,0,0,0,0,0,0,0,0,0,0,0,2|24397&4&126.30277532808961|24398&4&118.33836826953844|24399&4&149.02599551185415|24400&4&194.52113455356974|24401&4&191.9566555752432|24402&4&118.44427801684934|24403&4&191.22301435996158|24404&4&133.95750215384953|24405&4&140.73082531499972|24406&4&194.9456517528198|24407&4&167.52221211071563|24408&4&9.739390359520234|24409&4&9.739390359520234|24410&4&9.739390359520234|24411&4&9.739390359520234|24412&4&9.739390359520234|24413&4&9.739390359520234|24414&4&9.739390359520234|24415&4&9.739390359520234|24416&4&9.739390359520234|24417&4&12.265544734020793|24418&4&12.265544734020793|24419&4&12.265544734020793|24420&4&12.265544734020793|24421&4&12.265544734020793|24422&4&12.265544734020793|24423&4&12.265544734020793|24424&4&12.265544734020793|24425&4&12.265544734020793|24426&4&12.265544734020793|24427&4&14.82904358343114|24428&4&14.82904358343114|24429&4&14.82904358343114|24430&4&14.82904358343114|24431&4&14.82904358343114|24432&4&14.82904358343114|24433&4&14.82904358343114|24434&4&14.82904358343114|24435&4&14.82904358343114|24436&4&14.82904358343114|24437&4&17.430304978691368|24438&4&17.430304978691368|24439&4&17.430304978691368|24440&4&17.430304978691368|24441&4&17.430304978691368|24442&4&17.430304978691368|24443&4&17.430304978691368|24444&4&17.430304978691368|24445&4&17.430304978691368|24446&4&17.430304978691368|24447&4&20.069751161178917|24448&4&20.069751161178917|24449&4&20.069751161178917|24450&4&20.069751161178917|24451&4&20.069751161178917|24452&4&20.069751161178917|24453&4&20.069751161178917|24454&4&20.069751161178917|24455&4&20.069751161178917|24456&4&20.069751161178917|24457&4&22.74780858174873|24458&4&22.74780858174873|24459&4&22.74780858174873|24460&4&22.74780858174873|24461&4&22.74780858174873|24462&4&22.74780858174873|24463&4&22.74780858174873|24464&4&22.74780858174873|24465&4&22.74780858174873|24466&4&22.74780858174873|24467&4&25.464907940124252|24468&4&25.464907940124252|24469&4&25.464907940124252|24470&4&25.464907940124252|24471&4&25.464907940124252|24472&4&25.464907940124252|24473&4&25.464907940124252|24474&4&25.464907940124252|24475&4&25.464907940124252|24476&4&25.464907940124252|24477&4&30.602359347157584|24478&4&30.602359347157584|24479&4&30.602359347157584|24480&4&30.602359347157584|24481&4&30.602359347157584|24482&4&49.697920976316524|24483&4&30.602359347157584|24484&4&30.602359347157584|24485&4&30.602359347157584|24486&4&30.602359347157584|24487&4&35.81544012422476|24488&4&35.81544012422476|24489&4&35.81544012422476|24490&4&35.81544012422476|24491&4&35.81544012422476|24492&4&35.81544012422476|24493&4&35.81544012422476|24494&4&138.26650318330914|24495&4&35.81544012422476|24496&4&35.81544012422476|24497&4&20.410361751295383|24498&4&20.44779118344328|24499&4&1.2110424293365063|24500&4&1.2110424293365063|24501&4&1.5251565594456609|24502&4&1.5251565594456609|24503&4&1.8439142803698036|24504&4&1.8439142803698036|24505&4&2.1673675770513414|24506&4&2.1673675770513414|24507&4&2.4955689530048315|24508&4&2.4955689530048315|24509&4&2.8285714351714146|24511&4&3.166428578816885|24512&4&3.166428578816885|24513&4&3.805243884796504|24514&4&3.805243884796504|24515&4&4.453463308758261|24516&4&4.453463308758261,2|24397&4&35.81544012422476|24398&4&35.81544012422476|24399&4&35.81544012422476|24400&4&35.81544012422476|24401&4&35.81544012422476|24402&4&35.81544012422476|24403&4&35.81544012422476|24404&4&35.81544012422476|24405&4&35.81544012422476|24406&4&35.81544012422476|24407&4&124.47016054323635|24408&4&231.60497137684087|24409&4&136.99200597467984|24410&4&130.8227903810025|24411&4&135.0512115005647|24412&4&187.70743304142715|24413&4&202.98008294329063|24414&4&75.7113859035956|24415&4&162.49557609633936|24416&4&139.64716155842686|24417&4&91.86992828591454|24418&4&9.739390359520234|24419&4&9.739390359520234|24420&4&37.50667117365193|24421&4&9.739390359520234|24422&4&9.739390359520234|24423&4&9.739390359520234|24424&4&9.739390359520234|24425&4&9.739390359520234|24426&4&9.739390359520234|24427&4&12.265544734020793|24428&4&12.265544734020793|24429&4&12.265544734020793|24430&4&12.265544734020793|24431&4&12.265544734020793|24432&4&12.265544734020793|24433&4&77.60941606247636|24434&4&12.265544734020793|24435&4&12.265544734020793|24436&4&12.265544734020793|24437&4&14.82904358343114|24438&4&55.29336217923377|24439&4&14.82904358343114|24440&4&14.82904358343114|24441&4&14.82904358343114|24442&4&14.82904358343114|24443&4&14.82904358343114|24444&4&14.82904358343114|24445&4&14.82904358343114|24446&4&14.82904358343114|24447&4&17.430304978691368|24448&4&17.430304978691368|24449&4&17.430304978691368|24450&4&17.430304978691368|24451&4&17.430304978691368|24452&4&17.430304978691368|24453&4&17.430304978691368|24454&4&17.430304978691368|24455&4&17.430304978691368|24456&4&17.430304978691368|24457&4&20.069751161178917|24458&4&20.069751161178917|24459&4&20.069751161178917|24460&4&20.069751161178917|24461&4&20.069751161178917|24462&4&20.069751161178917|24463&4&20.069751161178917|24464&4&56.95938448148246|24465&4&20.069751161178917|24466&4&20.069751161178917|24467&4&22.74780858174873|24468&4&89.37138889944725|24469&4&112.0858324804204|24470&4&22.74780858174873|24471&4&22.74780858174873|24472&4&81.70910028981814|24473&4&22.74780858174873|24474&4&22.74780858174873|24475&4&219.55096338970944|24476&4&22.74780858174873|24477&4&37.18719392271418|24478&4&25.464907940124252|24479&4&25.464907940124252|24480&4&25.464907940124252|24481&4&25.464907940124252|24482&4&25.464907940124252|24483&4&36.07197261839415|24484&4&25.464907940124252|24485&4&25.464907940124252|24486&4&25.464907940124252|24487&4&30.602359347157584|24488&4&30.602359347157584|24489&4&30.602359347157584|24490&4&30.602359347157584|24491&4&31.646845691127712|24492&4&30.602359347157584|24493&4&92.57320796650383|24494&4&30.602359347157584|24495&4&114.2466892128324|24496&4&30.602359347157584|24497&4&4.453463308758261|24498&4&4.453463308758261|24499&4&18.313568911234377|24500&4&7.816269997080122|24501&4&1.2110424293365063|24502&4&1.2110424293365063|24503&4&1.5251565594456609|24504&4&1.5251565594456609|24505&4&1.8439142803698036|24506&4&1.8439142803698036|24507&4&2.1673675770513414|24508&4&2.1673675770513414|24509&4&2.4955689530048315|24511&4&2.8285714351714146|24512&4&18.35112224011256|24513&4&3.166428578816885|24514&4&3.166428578816885|24515&4&3.805243884796504|24516&4&3.805243884796504,2|24397&4&30.602359347157584|24398&4&30.602359347157584|24399&4&30.602359347157584|24400&4&30.602359347157584|24401&4&30.602359347157584|24402&4&121.37860945256931|24403&4&30.602359347157584|24404&4&30.602359347157584|24405&4&30.602359347157584|24406&4&30.602359347157584|24407&4&35.81544012422476|24408&4&35.81544012422476|24409&4&35.81544012422476|24410&4&132.9184455519466|24411&4&35.81544012422476|24412&4&35.81544012422476|24413&4&35.81544012422476|24414&4&35.81544012422476|24415&4&35.81544012422476|24416&4&35.81544012422476|24417&4&152.46740383766632|24418&4&162.18187281266086|24419&4&145.10739850761385|24420&4&142.8352329100623|24421&4&136.98839946168735|24422&4&197.66549704156074|24423&4&135.0945102833431|24424&4&124.17881151236973|24425&4&139.30246613134608|24426&4&167.00532597365074|24427&4&9.739390359520234|24428&4&9.739390359520234|24429&4&120.03766591927715|24430&4&9.739390359520234|24431&4&9.739390359520234|24432&4&56.569881684150715|24433&4&9.739390359520234|24434&4&142.50259503884416|24435&4&9.739390359520234|24436&4&9.739390359520234|24437&4&12.265544734020793|24438&4&12.265544734020793|24439&4&12.265544734020793|24440&4&12.265544734020793|24441&4&96.54730043523574|24442&4&12.265544734020793|24443&4&12.265544734020793|24444&4&12.265544734020793|24445&4&12.265544734020793|24446&4&12.265544734020793|24447&4&14.82904358343114|24448&4&14.82904358343114|24449&4&14.82904358343114|24450&4&14.82904358343114|24451&4&14.82904358343114|24452&4&14.82904358343114|24453&4&14.82904358343114|24454&4&14.82904358343114|24455&4&14.82904358343114|24456&4&14.82904358343114|24457&4&17.430304978691368|24458&4&59.45182797718246|24459&4&17.430304978691368|24460&4&17.430304978691368|24461&4&17.430304978691368|24462&4&17.430304978691368|24463&4&17.430304978691368|24464&4&17.430304978691368|24465&4&17.430304978691368|24466&4&17.430304978691368|24467&4&20.069751161178917|24468&4&21.456090401621054|24469&4&20.069751161178917|24470&4&28.325011188844904|24471&4&20.069751161178917|24472&4&20.069751161178917|24473&4&20.069751161178917|24474&4&110.26926637735141|24475&4&20.069751161178917|24476&4&20.069751161178917|24477&4&22.74780858174873|24478&4&22.74780858174873|24479&4&22.74780858174873|24480&4&22.74780858174873|24481&4&22.74780858174873|24482&4&22.74780858174873|24483&4&22.74780858174873|24484&4&22.74780858174873|24485&4&110.99659716545119|24486&4&22.74780858174873|24487&4&75.07564989630991|24488&4&25.464907940124252|24489&4&25.464907940124252|24490&4&96.0716080477764|24491&4&25.464907940124252|24492&4&25.464907940124252|24493&4&25.464907940124252|24494&4&53.03812106990077|24495&4&25.464907940124252|24496&4&25.464907940124252|24497&4&3.805243884796504|24498&4&3.805243884796504|24499&4&4.453463308758261|24500&4&4.453463308758261|24501&4&19.72032903833932|24502&4&16.72202464742685|24503&4&1.2110424293365063|24504&4&1.2110424293365063|24505&4&1.5251565594456609|24506&4&1.5251565594456609|24507&4&1.8439142803698036|24508&4&1.8439142803698036|24509&4&2.1673675770513414|24511&4&10.194262212183869|24512&4&2.4955689530048315|24513&4&2.8285714351714146|24514&4&2.8285714351714146|24515&4&3.166428578816885|24516&4&3.166428578816885,2|24397&4&25.464907940124252|24398&4&25.464907940124252|24399&4&25.464907940124252|24400&4&25.464907940124252|24401&4&25.464907940124252|24402&4&25.464907940124252|24403&4&25.464907940124252|24404&4&25.464907940124252|24405&4&25.464907940124252|24406&4&25.464907940124252|24407&4&30.602359347157584|24408&4&30.602359347157584|24409&4&30.602359347157584|24410&4&30.602359347157584|24411&4&30.602359347157584|24412&4&30.602359347157584|24413&4&30.602359347157584|24414&4&30.602359347157584|24415&4&30.602359347157584|24416&4&30.602359347157584|24417&4&35.81544012422476|24418&4&35.81544012422476|24419&4&35.81544012422476|24420&4&35.81544012422476|24421&4&35.81544012422476|24422&4&35.81544012422476|24423&4&35.81544012422476|24424&4&35.81544012422476|24425&4&35.81544012422476|24426&4&35.81544012422476|24427&4&117.90369333553289|24428&4&170.28787130797662|24429&4&115.60518266223184|24430&4&155.10498445549305|24431&4&116.10497382215397|24432&4&163.09252130844646|24433&4&116.84046212215037|24434&4&154.3408627219012|24435&4&153.57841497382208|24436&4&234.5498571003192|24437&4&9.739390359520234|24438&4&9.739390359520234|24439&4&9.739390359520234|24440&4&9.739390359520234|24441&4&9.739390359520234|24442&4&9.739390359520234|24443&4&9.739390359520234|24444&4&9.739390359520234|24445&4&9.739390359520234|24446&4&9.739390359520234|24447&4&12.265544734020793|24448&4&12.265544734020793|24449&4&12.265544734020793|24450&4&12.265544734020793|24451&4&12.265544734020793|24452&4&12.265544734020793|24453&4&12.265544734020793|24454&4&12.265544734020793|24455&4&12.265544734020793|24456&4&12.265544734020793|24457&4&14.82904358343114|24458&4&14.82904358343114|24459&4&14.82904358343114|24460&4&14.82904358343114|24461&4&14.82904358343114|24462&4&14.82904358343114|24463&4&14.82904358343114|24464&4&14.82904358343114|24465&4&14.82904358343114|24466&4&14.82904358343114|24467&4&17.430304978691368|24468&4&17.430304978691368|24469&4&17.430304978691368|24470&4&17.430304978691368|24471&4&17.430304978691368|24472&4&17.430304978691368|24473&4&17.430304978691368|24474&4&17.430304978691368|24475&4&17.430304978691368|24476&4&17.430304978691368|24477&4&20.069751161178917|24478&4&20.069751161178917|24479&4&20.069751161178917|24480&4&20.069751161178917|24481&4&20.069751161178917|24482&4&20.069751161178917|24483&4&20.069751161178917|24484&4&20.069751161178917|24485&4&20.069751161178917|24486&4&20.069751161178917|24487&4&22.74780858174873|24488&4&22.74780858174873|24489&4&22.74780858174873|24490&4&22.74780858174873|24491&4&22.74780858174873|24492&4&22.74780858174873|24493&4&22.74780858174873|24494&4&22.74780858174873|24495&4&22.74780858174873|24496&4&22.74780858174873|24497&4&3.166428578816885|24498&4&3.166428578816885|24499&4&3.805243884796504|24500&4&3.805243884796504|24501&4&4.453463308758261|24502&4&4.453463308758261|24503&4&15.542505718715695|24504&4&11.734307760823116|24505&4&1.2110424293365063|24506&4&1.2110424293365063|24507&4&1.5251565594456609|24508&4&1.5251565594456609|24509&4&1.8439142803698036|24511&4&2.1673675770513414|24512&4&2.1673675770513414|24513&4&2.4955689530048315|24514&4&2.4955689530048315|24515&4&2.8285714351714146|24516&4&2.8285714351714146,2|24397&4&120.11880978840382|24398&4&84.60011787507636|24399&4&22.74780858174873|24400&4&22.74780858174873|24401&4&22.74780858174873|24402&4&22.74780858174873|24403&4&22.74780858174873|24404&4&81.34435504667823|24405&4&22.74780858174873|24406&4&22.74780858174873|24407&4&25.464907940124252|24408&4&25.464907940124252|24409&4&25.464907940124252|24410&4&25.464907940124252|24411&4&25.464907940124252|24412&4&25.464907940124252|24413&4&25.464907940124252|24414&4&25.464907940124252|24415&4&25.464907940124252|24416&4&66.39033966793305|24417&4&30.602359347157584|24418&4&65.21698964815107|24419&4&30.602359347157584|24420&4&30.602359347157584|24421&4&30.602359347157584|24422&4&30.602359347157584|24423&4&30.602359347157584|24424&4&140.97037635021107|24425&4&30.602359347157584|24426&4&30.602359347157584|24427&4&35.81544012422476|24428&4&35.81544012422476|24429&4&35.81544012422476|24430&4&35.81544012422476|24431&4&140.55931073745114|24432&4&35.81544012422476|24433&4&35.81544012422476|24434&4&35.81544012422476|24435&4&35.81544012422476|24436&4&35.81544012422476|24437&4&171.46459970757886|24438&4&146.93551424183653|24439&4&137.32439490772373|24440&4&75.71962603122816|24441&4&134.72852282421434|24442&4&120.88392927327139|24443&4&196.83120614062335|24444&4&125.80128162517269|24445&4&150.13539592322877|24446&4&187.36579374054537|24447&4&9.739390359520234|24448&4&9.739390359520234|24449&4&9.739390359520234|24450&4&9.739390359520234|24451&4&9.739390359520234|24452&4&9.739390359520234|24453&4&9.739390359520234|24454&4&9.739390359520234|24455&4&9.739390359520234|24456&4&9.739390359520234|24457&4&12.265544734020793|24458&4&12.265544734020793|24459&4&12.265544734020793|24460&4&12.265544734020793|24461&4&12.265544734020793|24462&4&30.88702930748861|24463&4&12.265544734020793|24464&4&12.265544734020793|24465&4&12.265544734020793|24466&4&12.265544734020793|24467&4&88.73823076589011|24468&4&14.82904358343114|24469&4&14.82904358343114|24470&4&14.82904358343114|24471&4&14.82904358343114|24472&4&14.82904358343114|24473&4&14.82904358343114|24474&4&14.82904358343114|24475&4&14.82904358343114|24476&4&14.82904358343114|24477&4&17.430304978691368|24478&4&17.430304978691368|24479&4&17.430304978691368|24480&4&17.430304978691368|24481&4&17.430304978691368|24482&4&87.73706591197704|24483&4&17.430304978691368|24484&4&17.430304978691368|24485&4&17.430304978691368|24486&4&17.430304978691368|24487&4&20.069751161178917|24488&4&20.069751161178917|24489&4&20.069751161178917|24490&4&20.069751161178917|24491&4&20.069751161178917|24492&4&20.069751161178917|24493&4&20.069751161178917|24494&4&20.069751161178917|24495&4&20.069751161178917|24496&4&20.069751161178917|24497&4&2.8285714351714146|24498&4&2.8285714351714146|24499&4&8.27873751143428|24500&4&3.166428578816885|24501&4&3.805243884796504|24502&4&3.805243884796504|24503&4&4.453463308758261|24504&4&4.453463308758261|24505&4&16.71925235745083|24506&4&18.39494384641655|24507&4&1.2110424293365063|24508&4&1.2110424293365063|24509&4&1.5251565594456609|24511&4&1.8439142803698036|24512&4&1.8439142803698036|24513&4&2.1673675770513414|24514&4&17.352503890358452|24515&4&2.4955689530048315|24516&4&2.4955689530048315,2|24397&4&20.069751161178917|24398&4&20.069751161178917|24399&4&20.069751161178917|24400&4&20.069751161178917|24401&4&20.069751161178917|24402&4&20.069751161178917|24403&4&20.069751161178917|24404&4&20.069751161178917|24405&4&20.069751161178917|24406&4&20.069751161178917|24407&4&22.74780858174873|24408&4&22.74780858174873|24409&4&22.74780858174873|24410&4&22.74780858174873|24411&4&22.74780858174873|24412&4&22.74780858174873|24413&4&22.74780858174873|24414&4&22.74780858174873|24415&4&22.74780858174873|24416&4&22.74780858174873|24417&4&25.464907940124252|24418&4&25.464907940124252|24419&4&25.464907940124252|24420&4&25.464907940124252|24421&4&25.464907940124252|24422&4&25.464907940124252|24423&4&25.464907940124252|24424&4&25.464907940124252|24425&4&25.464907940124252|24426&4&25.464907940124252|24427&4&30.602359347157584|24428&4&30.602359347157584|24429&4&30.602359347157584|24430&4&30.602359347157584|24431&4&30.602359347157584|24432&4&30.602359347157584|24433&4&30.602359347157584|24434&4&30.602359347157584|24435&4&30.602359347157584|24436&4&30.602359347157584|24437&4&35.81544012422476|24438&4&35.81544012422476|24439&4&35.81544012422476|24440&4&35.81544012422476|24441&4&35.81544012422476|24442&4&35.81544012422476|24443&4&35.81544012422476|24444&4&104.40253866868511|24445&4&35.81544012422476|24446&4&35.81544012422476|24447&4&137.05183651584548|24448&4&154.17887519502398|24449&4&218.69159005383884|24450&4&186.0596480940967|24451&4&175.70832193719906|24452&4&99.51510901349779|24453&4&161.3181145925342|24454&4&194.71240719032718|24455&4&148.79633690893348|24456&4&184.81059873416916|24457&4&9.739390359520234|24458&4&9.739390359520234|24459&4&9.739390359520234|24460&4&9.739390359520234|24461&4&9.739390359520234|24462&4&9.739390359520234|24463&4&9.739390359520234|24464&4&9.739390359520234|24465&4&9.739390359520234|24466&4&9.739390359520234|24467&4&12.265544734020793|24468&4&121.1151032160763|24469&4&12.265544734020793|24470&4&12.265544734020793|24471&4&110.99348913404698|24472&4&12.265544734020793|24473&4&12.265544734020793|24474&4&12.265544734020793|24475&4&12.265544734020793|24476&4&12.265544734020793|24477&4&14.82904358343114|24478&4&14.82904358343114|24479&4&14.82904358343114|24480&4&14.82904358343114|24481&4&14.82904358343114|24482&4&14.82904358343114|24483&4&14.82904358343114|24484&4&14.82904358343114|24485&4&14.82904358343114|24486&4&14.82904358343114|24487&4&17.430304978691368|24488&4&17.430304978691368|24489&4&17.430304978691368|24490&4&17.430304978691368|24491&4&17.430304978691368|24492&4&17.430304978691368|24493&4&17.430304978691368|24494&4&17.430304978691368|24495&4&17.430304978691368|24496&4&17.430304978691368|24497&4&2.4955689530048315|24498&4&2.4955689530048315|24499&4&2.8285714351714146|24500&4&2.8285714351714146|24501&4&3.166428578816885|24502&4&3.166428578816885|24503&4&3.805243884796504|24504&4&3.805243884796504|24505&4&4.453463308758261|24506&4&4.453463308758261|24507&4&19.650846050530042|24508&4&18.405850099109887|24509&4&1.2110424293365063|24511&4&1.5251565594456609|24512&4&1.5251565594456609|24513&4&1.8439142803698036|24514&4&1.8439142803698036|24515&4&2.1673675770513414|24516&4&2.1673675770513414,2|24397&4&17.430304978691368|24398&4&17.430304978691368|24399&4&17.430304978691368|24400&4&17.430304978691368|24401&4&17.430304978691368|24402&4&17.430304978691368|24403&4&24.711587864200403|24404&4&17.430304978691368|24405&4&17.430304978691368|24406&4&17.430304978691368|24407&4&20.069751161178917|24408&4&20.069751161178917|24409&4&20.069751161178917|24410&4&20.069751161178917|24411&4&20.069751161178917|24412&4&20.069751161178917|24413&4&20.069751161178917|24414&4&20.069751161178917|24415&4&20.069751161178917|24416&4&20.069751161178917|24417&4&22.74780858174873|24418&4&22.74780858174873|24419&4&22.74780858174873|24420&4&22.74780858174873|24421&4&22.74780858174873|24422&4&22.74780858174873|24423&4&22.74780858174873|24424&4&22.74780858174873|24425&4&43.036181400668454|24426&4&22.74780858174873|24427&4&25.464907940124252|24428&4&25.464907940124252|24429&4&25.464907940124252|24430&4&25.464907940124252|24431&4&25.464907940124252|24432&4&25.464907940124252|24433&4&25.464907940124252|24434&4&25.464907940124252|24435&4&148.5893466552052|24436&4&25.464907940124252|24437&4&30.602359347157584|24438&4&30.602359347157584|24439&4&30.602359347157584|24440&4&30.602359347157584|24441&4&30.602359347157584|24442&4&30.602359347157584|24443&4&30.602359347157584|24444&4&30.602359347157584|24445&4&30.602359347157584|24446&4&30.602359347157584|24447&4&35.81544012422476|24448&4&35.81544012422476|24449&4&35.81544012422476|24450&4&35.81544012422476|24451&4&35.81544012422476|24452&4&35.81544012422476|24453&4&46.16389250137912|24454&4&35.81544012422476|24455&4&62.19203502687034|24456&4&35.81544012422476|24457&4&157.77905266168756|24458&4&163.49299410034695|24459&4&114.04877734598983|24460&4&75.71038684747971|24461&4&179.17484281365503|24462&4&151.28162899523903|24463&4&187.52254108041245|24464&4&143.73676648699274|24465&4&167.4360401058814|24466&4&187.48356650860632|24467&4&9.739390359520234|24468&4&9.739390359520234|24469&4&9.739390359520234|24470&4&9.739390359520234|24471&4&9.739390359520234|24472&4&61.34617933022576|24473&4&9.739390359520234|24474&4&9.739390359520234|24475&4&9.739390359520234|24476&4&9.739390359520234|24477&4&12.265544734020793|24478&4&12.265544734020793|24479&4&12.265544734020793|24480&4&12.265544734020793|24481&4&22.664208919241624|24482&4&12.265544734020793|24483&4&12.265544734020793|24484&4&12.265544734020793|24485&4&12.265544734020793|24486&4&12.265544734020793|24487&4&14.82904358343114|24488&4&14.82904358343114|24489&4&14.82904358343114|24490&4&14.82904358343114|24491&4&14.82904358343114|24492&4&14.82904358343114|24493&4&14.82904358343114|24494&4&14.82904358343114|24495&4&14.82904358343114|24496&4&14.82904358343114|24497&4&2.1673675770513414|24498&4&2.1673675770513414|24499&4&2.4955689530048315|24500&4&2.4955689530048315|24501&4&2.8285714351714146|24502&4&2.8285714351714146|24503&4&3.166428578816885|24504&4&3.166428578816885|24505&4&3.805243884796504|24506&4&3.805243884796504|24507&4&4.453463308758261|24508&4&4.453463308758261|24509&4&19.689827090183186|24511&4&1.2110424293365063|24512&4&1.2110424293365063|24513&4&1.5251565594456609|24514&4&1.5251565594456609|24515&4&1.8439142803698036|24516&4&1.8439142803698036,2|24397&4&14.82904358343114|24398&4&14.82904358343114|24399&4&14.82904358343114|24400&4&14.82904358343114|24401&4&14.82904358343114|24402&4&14.82904358343114|24403&4&14.82904358343114|24404&4&14.82904358343114|24405&4&14.82904358343114|24406&4&14.82904358343114|24407&4&17.430304978691368|24408&4&17.430304978691368|24409&4&17.430304978691368|24410&4&17.430304978691368|24411&4&17.430304978691368|24412&4&17.430304978691368|24413&4&17.430304978691368|24414&4&17.430304978691368|24415&4&17.430304978691368|24416&4&17.430304978691368|24417&4&20.069751161178917|24418&4&20.069751161178917|24419&4&20.069751161178917|24420&4&20.069751161178917|24421&4&20.069751161178917|24422&4&20.069751161178917|24423&4&20.069751161178917|24424&4&20.069751161178917|24425&4&20.069751161178917|24426&4&20.069751161178917|24427&4&22.74780858174873|24428&4&22.74780858174873|24429&4&22.74780858174873|24430&4&22.74780858174873|24431&4&22.74780858174873|24432&4&22.74780858174873|24433&4&22.74780858174873|24434&4&22.74780858174873|24435&4&22.74780858174873|24436&4&22.74780858174873|24437&4&25.464907940124252|24438&4&25.464907940124252|24439&4&25.464907940124252|24440&4&70.81305597337439|24441&4&25.464907940124252|24442&4&25.464907940124252|24443&4&25.464907940124252|24444&4&25.464907940124252|24445&4&25.464907940124252|24446&4&25.464907940124252|24447&4&30.602359347157584|24448&4&30.602359347157584|24449&4&30.602359347157584|24450&4&30.602359347157584|24451&4&30.602359347157584|24452&4&98.41995061005943|24453&4&30.602359347157584|24454&4&30.602359347157584|24455&4&30.602359347157584|24456&4&30.602359347157584|24457&4&35.81544012422476|24458&4&35.81544012422476|24459&4&35.81544012422476|24460&4&35.81544012422476|24461&4&35.81544012422476|24462&4&35.81544012422476|24463&4&35.81544012422476|24464&4&35.81544012422476|24465&4&35.81544012422476|24466&4&35.81544012422476|24467&4&171.41545217518402|24468&4&41.10499573023468|24469&4&143.5185176933811|24470&4&117.10620854044717|24471&4&133.2299986050605|24472&4&137.52470574047257|24473&4&179.39355064914898|24474&4&129.26105495280476|24475&4&41.10499573023468|24476&4&304.89728149757|24477&4&9.739390359520234|24478&4&9.739390359520234|24479&4&9.739390359520234|24480&4&9.739390359520234|24481&4&9.739390359520234|24482&4&9.739390359520234|24483&4&9.739390359520234|24484&4&9.739390359520234|24485&4&9.739390359520234|24486&4&9.739390359520234|24487&4&12.265544734020793|24488&4&12.265544734020793|24489&4&12.265544734020793|24490&4&12.265544734020793|24491&4&12.265544734020793|24492&4&12.265544734020793|24493&4&12.265544734020793|24494&4&12.265544734020793|24495&4&12.265544734020793|24496&4&12.265544734020793|24497&4&1.8439142803698036|24498&4&1.8439142803698036|24499&4&2.1673675770513414|24500&4&21.271060636660334|24501&4&2.4955689530048315|24502&4&2.4955689530048315|24503&4&2.8285714351714146|24504&4&2.8285714351714146|24505&4&3.166428578816885|24506&4&3.166428578816885|24507&4&3.805243884796504|24508&4&3.805243884796504|24509&4&4.453463308758261|24511&4&5.11119197911092|24512&4&5.11119197911092|24513&4&1.2110424293365063|24514&4&1.2110424293365063|24515&4&1.5251565594456609|24516&4&1.5251565594456609,2|24397&4&12.265544734020793|24398&4&12.265544734020793|24399&4&12.265544734020793|24400&4&12.265544734020793|24401&4&12.265544734020793|24402&4&12.265544734020793|24403&4&12.265544734020793|24404&4&12.265544734020793|24405&4&59.44518248345882|24406&4&12.265544734020793|24407&4&14.82904358343114|24408&4&14.82904358343114|24409&4&14.82904358343114|24410&4&14.82904358343114|24411&4&14.82904358343114|24412&4&14.82904358343114|24413&4&14.82904358343114|24414&4&14.82904358343114|24415&4&14.82904358343114|24416&4&14.82904358343114|24417&4&17.430304978691368|24418&4&17.430304978691368|24419&4&17.430304978691368|24420&4&17.430304978691368|24421&4&17.430304978691368|24422&4&17.430304978691368|24423&4&17.430304978691368|24424&4&17.430304978691368|24425&4&17.430304978691368|24426&4&43.479365707910986|24427&4&20.069751161178917|24428&4&20.069751161178917|24429&4&20.069751161178917|24430&4&20.069751161178917|24431&4&20.069751161178917|24432&4&20.069751161178917|24433&4&20.069751161178917|24434&4&20.069751161178917|24435&4&20.069751161178917|24436&4&20.069751161178917|24437&4&22.74780858174873|24438&4&22.74780858174873|24439&4&22.74780858174873|24440&4&22.74780858174873|24441&4&22.74780858174873|24442&4&22.74780858174873|24443&4&22.74780858174873|24444&4&22.74780858174873|24445&4&22.74780858174873|24446&4&22.74780858174873|24447&4&25.464907940124252|24448&4&25.464907940124252|24449&4&25.464907940124252|24450&4&25.464907940124252|24451&4&25.464907940124252|24452&4&25.464907940124252|24453&4&25.464907940124252|24454&4&25.464907940124252|24455&4&25.464907940124252|24456&4&25.464907940124252|24457&4&30.602359347157584|24458&4&30.602359347157584|24459&4&30.602359347157584|24460&4&30.602359347157584|24461&4&30.602359347157584|24462&4&30.602359347157584|24463&4&30.602359347157584|24464&4&30.602359347157584|24465&4&30.602359347157584|24466&4&30.602359347157584|24467&4&35.81544012422476|24468&4&35.81544012422476|24469&4&35.81544012422476|24470&4&35.81544012422476|24471&4&35.81544012422476|24472&4&35.81544012422476|24473&4&35.81544012422476|24474&4&35.81544012422476|24475&4&35.81544012422476|24476&4&35.81544012422476|24477&4&127.87035453805916|24478&4&132.3962028230277|24479&4&152.69295520616265|24480&4&149.63699593419676|24481&4&175.80567691750056|24482&4&121.52187680949177|24483&4&130.37976796111536|24484&4&175.0222950187212|24485&4&126.30344526022586|24486&4&305.0152560265383|24487&4&9.739390359520234|24488&4&9.739390359520234|24489&4&9.739390359520234|24490&4&9.739390359520234|24491&4&9.739390359520234|24492&4&9.739390359520234|24493&4&9.739390359520234|24494&4&9.739390359520234|24495&4&9.739390359520234|24496&4&9.739390359520234|24497&4&1.5251565594456609|24498&4&1.5251565594456609|24499&4&1.8439142803698036|24500&4&1.8439142803698036|24501&4&2.1673675770513414|24502&4&2.1673675770513414|24503&4&2.4955689530048315|24504&4&2.4955689530048315|24505&4&2.8285714351714146|24506&4&2.8285714351714146|24507&4&3.166428578816885|24508&4&3.166428578816885|24509&4&3.805243884796504|24511&4&14.969702075396977|24512&4&4.453463308758261|24513&4&18.30388988514566|24514&4&12.225803242172441|24515&4&1.2110424293365063|24516&4&1.2110424293365063,2|24397&4&9.739390359520234|24398&4&9.739390359520234|24399&4&9.739390359520234|24400&4&9.739390359520234|24401&4&9.739390359520234|24402&4&9.739390359520234|24403&4&9.739390359520234|24404&4&9.739390359520234|24405&4&9.739390359520234|24406&4&9.739390359520234|24407&4&12.265544734020793|24408&4&12.265544734020793|24409&4&126.30052039077127|24410&4&12.265544734020793|24411&4&167.0149420933106|24412&4&12.265544734020793|24413&4&12.265544734020793|24414&4&79.04603354791324|24415&4&12.265544734020793|24416&4&12.265544734020793|24417&4&14.82904358343114|24418&4&14.82904358343114|24419&4&14.82904358343114|24420&4&14.82904358343114|24421&4&91.35267958233295|24422&4&14.82904358343114|24423&4&14.82904358343114|24424&4&14.82904358343114|24425&4&14.82904358343114|24426&4&14.82904358343114|24427&4&129.69252440893504|24428&4&17.430304978691368|24429&4&42.84177548495942|24430&4&17.430304978691368|24431&4&17.430304978691368|24432&4&17.430304978691368|24433&4&17.430304978691368|24434&4&17.430304978691368|24435&4&17.430304978691368|24436&4&17.430304978691368|24437&4&20.069751161178917|24438&4&20.069751161178917|24439&4&20.069751161178917|24440&4&33.97601591058035|24441&4&20.069751161178917|24442&4&20.069751161178917|24443&4&20.069751161178917|24444&4&20.069751161178917|24445&4&20.069751161178917|24446&4&20.069751161178917|24447&4&78.47277482219104|24448&4&22.74780858174873|24449&4&22.74780858174873|24450&4&22.74780858174873|24451&4&22.74780858174873|24452&4&22.74780858174873|24453&4&22.74780858174873|24454&4&22.74780858174873|24455&4&22.74780858174873|24456&4&22.74780858174873|24457&4&25.464907940124252|24458&4&25.464907940124252|24459&4&74.49576811243196|24460&4&67.1212736768326|24461&4&25.464907940124252|24462&4&25.464907940124252|24463&4&25.464907940124252|24464&4&25.464907940124252|24465&4&25.464907940124252|24466&4&25.464907940124252|24467&4&30.602359347157584|24468&4&30.602359347157584|24469&4&30.602359347157584|24470&4&30.602359347157584|24471&4&30.602359347157584|24472&4&30.602359347157584|24473&4&59.63986801413067|24474&4&30.602359347157584|24475&4&30.602359347157584|24476&4&30.602359347157584|24477&4&35.81544012422476|24478&4&82.2434271756587|24479&4&35.81544012422476|24480&4&35.81544012422476|24481&4&35.81544012422476|24482&4&35.81544012422476|24483&4&35.81544012422476|24484&4&51.43985679858598|24485&4&35.81544012422476|24486&4&35.81544012422476|24487&4&115.82735458057951|24488&4&115.75641016206316|24489&4&178.98610777748075|24490&4&135.24031224154885|24491&4&122.10215081543511|24492&4&237.89372065453693|24493&4&129.02127342077108|24494&4&41.10499573023468|24495&4&134.44100681085422|24496&4&196.50370802857228|24497&4&1.2110424293365063|24498&4&1.2110424293365063|24499&4&1.5251565594456609|24500&4&1.5251565594456609|24501&4&1.8439142803698036|24502&4&1.8439142803698036|24503&4&2.1673675770513414|24504&4&7.428095015997477|24505&4&2.4955689530048315|24506&4&2.4955689530048315|24507&4&2.8285714351714146|24508&4&2.8285714351714146|24509&4&3.166428578816885|24511&4&3.805243884796504|24512&4&3.805243884796504|24513&4&4.453463308758261|24514&4&4.453463308758261|24515&4&15.637663886357723|24516&4&18.37966544169256
8|4,130,1,1,1,1,1,1,1,1,1,1,1,1,1,1,1,1,1,1,1,1,1,1,1,1,1,1,1,1,1,1,1,1,1,1,1,1,1,1,1,1,1,1,1,1,1,1,1,1,1,1,1,1,1,1,1,1,1,1,1,1,1,1,1,1,1,1,1,1,1,1,1,1,1,1,1,1,1,1,1,1,1,1,1,1,1,1,1,1,1,1,1,1,1,1,1,1,1,1,1,1,0,0,0,0,0,0,0,0,0,0,0,0,0,0,0,0,0,0,0,0,2|24397&4&115.49343620445735|24398&4&108.01426222924171|24399&4&219.76738323150468|24400&4&179.5979479568672|24401&4&177.2420739402756|24402&4&108.1761177737115|24403&4&176.31965458159266|24404&4&122.65890439098142|24405&4&128.98312137000687|24406&4&179.93935774966727|24407&4&156.63237205269832|24408&4&7.304542769640175|24409&4&7.304542769640175|24410&4&7.304542769640175|24411&4&7.304542769640175|24412&4&7.304542769640175|24413&4&7.304542769640175|24414&4&7.304542769640175|24415&4&7.304542769640175|24416&4&7.304542769640175|24417&4&9.812435787216632|24418&4&9.812435787216632|24419&4&9.812435787216632|24420&4&9.812435787216632|24421&4&9.812435787216632|24422&4&9.812435787216632|24423&4&9.812435787216632|24424&4&9.812435787216632|24425&4&9.812435787216632|24426&4&9.812435787216632|24427&4&12.357536319525948|24428&4&125.89827811302779|24429&4&12.357536319525948|24430&4&12.357536319525948|24431&4&12.357536319525948|24432&4&12.357536319525948|24433&4&12.357536319525948|24434&4&12.357536319525948|24435&4&12.357536319525948|24436&4&12.357536319525948|24437&4&14.940261410306888|24438&4&14.940261410306888|24439&4&14.940261410306888|24440&4&14.940261410306888|24441&4&14.940261410306888|24442&4&63.9980029141786|24443&4&14.940261410306888|24444&4&14.940261410306888|24445&4&14.940261410306888|24446&4&14.940261410306888|24447&4&17.561032266031553|24448&4&17.561032266031553|24449&4&17.561032266031553|24450&4&17.561032266031553|24451&4&17.561032266031553|24452&4&17.561032266031553|24453&4&17.561032266031553|24454&4&17.561032266031553|24455&4&17.561032266031553|24456&4&28.279857471418232|24457&4&20.22027429488776|24458&4&20.22027429488776|24459&4&20.22027429488776|24460&4&22.996001838687054|24461&4&20.22027429488776|24462&4&20.22027429488776|24463&4&20.22027429488776|24464&4&20.22027429488776|24465&4&20.22027429488776|24466&4&76.23929840494947|24467&4&22.91841714611183|24468&4&22.91841714611183|24469&4&22.91841714611183|24470&4&22.91841714611183|24471&4&22.91841714611183|24472&4&22.91841714611183|24473&4&22.91841714611183|24474&4&22.91841714611183|24475&4&22.91841714611183|24476&4&22.91841714611183|24477&4&25.655894749675205|24478&4&25.655894749675205|24479&4&77.68156207233656|24480&4&25.655894749675205|24481&4&25.655894749675205|24482&4&149.53273612824958|24483&4&25.655894749675205|24484&4&25.655894749675205|24485&4&25.655894749675205|24486&4&25.655894749675205|24487&4&30.83187704226126|24488&4&30.83187704226126|24489&4&30.83187704226126|24490&4&30.83187704226126|24491&4&159.55194942358847|24492&4&30.83187704226126|24493&4&30.83187704226126|24494&4&126.39555541266684|24495&4&30.83187704226126|24496&4&30.83187704226126|24497&4&18.797842477943924|24498&4&18.828236244784886|24499&4&0.90828182200238|24500&4&0.90828182200238|24501&4&1.2201252475565285|24502&4&1.2201252475565285|24503&4&1.5365952336415027|24504&4&6.269141527911824|24505&4&1.8577436374725784|24506&4&1.8577436374725784|24507&4&2.1836228338792276|24508&4&2.1836228338792276|24509&4&2.514285720152369|24511&4&2.8497857209351967|24512&4&2.8497857209351967|24513&4&3.190176793158012|24514&4&3.190176793158012|24515&4&3.83378321393248|24516&4&3.83378321393248,2|24397&4&30.83187704226126|24398&4&30.83187704226126|24399&4&30.83187704226126|24400&4&30.83187704226126|24401&4&30.83187704226126|24402&4&30.83187704226126|24403&4&30.83187704226126|24404&4&30.83187704226126|24405&4&30.83187704226126|24406&4&30.83187704226126|24407&4&113.75543525686234|24408&4&214.79164224275843|24409&4&125.53071751533734|24410&4&213.4060525376746|24411&4&123.67416741391148|24412&4&173.20413705708222|24413&4&187.45885959735514|24414&4&68.21856108613446|24415&4&149.40315455254068|24416&4&127.98365297444496|24417&4&85.11242080517162|24418&4&7.304542769640175|24419&4&7.304542769640175|24420&4&33.61038775144915|24421&4&7.304542769640175|24422&4&7.304542769640175|24423&4&7.304542769640175|24424&4&7.304542769640175|24425&4&7.304542769640175|24426&4&7.304542769640175|24427&4&9.812435787216632|24428&4&9.812435787216632|24429&4&9.812435787216632|24430&4&9.812435787216632|24431&4&9.812435787216632|24432&4&9.812435787216632|24433&4&71.7218134731464|24434&4&9.812435787216632|24435&4&9.812435787216632|24436&4&9.812435787216632|24437&4&12.357536319525948|24438&4&50.692153936602125|24439&4&12.357536319525948|24440&4&12.357536319525948|24441&4&12.357536319525948|24442&4&12.357536319525948|24443&4&12.357536319525948|24444&4&12.357536319525948|24445&4&12.357536319525948|24446&4&12.357536319525948|24447&4&14.940261410306888|24448&4&14.940261410306888|24449&4&14.940261410306888|24450&4&14.940261410306888|24451&4&14.940261410306888|24452&4&14.940261410306888|24453&4&14.940261410306888|24454&4&14.940261410306888|24455&4&14.940261410306888|24456&4&14.940261410306888|24457&4&17.561032266031553|24458&4&17.561032266031553|24459&4&17.561032266031553|24460&4&17.561032266031553|24461&4&17.561032266031553|24462&4&17.561032266031553|24463&4&17.561032266031553|24464&4&52.50910593789806|24465&4&17.561032266031553|24466&4&17.561032266031553|24467&4&20.22027429488776|24468&4&82.23749025724752|24469&4&104.8562969357346|24470&4&20.22027429488776|24471&4&20.22027429488776|24472&4&76.0783401235851|24473&4&20.22027429488776|24474&4&20.22027429488776|24475&4&204.8321695510071|24476&4&20.22027429488776|24477&4&58.92494654148075|24478&4&22.91841714611183|24479&4&22.91841714611183|24480&4&22.91841714611183|24481&4&22.91841714611183|24482&4&22.91841714611183|24483&4&77.58260785170273|24484&4&22.91841714611183|24485&4&22.91841714611183|24486&4&22.91841714611183|24487&4&25.655894749675205|24488&4&25.655894749675205|24489&4&25.655894749675205|24490&4&25.655894749675205|24491&4&26.64540812817322|24492&4&25.655894749675205|24493&4&84.36511975747692|24494&4&25.655894749675205|24495&4&104.89789146452503|24496&4&25.655894749675205|24497&4&3.83378321393248|24498&4&3.83378321393248|24499&4&16.824193989076747|24500&4&6.998722443116775|24501&4&0.90828182200238|24502&4&0.90828182200238|24503&4&1.2201252475565285|24504&4&1.2201252475565285|24505&4&1.5365952336415027|24506&4&1.5365952336415027|24507&4&1.8577436374725784|24508&4&1.8577436374725784|24509&4&2.1836228338792276|24511&4&2.514285720152369|24512&4&17.04527492872836|24513&4&2.8497857209351967|24514&4&2.8497857209351967|24515&4&3.190176793158012|24516&4&3.190176793158012,2|24397&4&25.655894749675205|24398&4&25.655894749675205|24399&4&25.655894749675205|24400&4&25.655894749675205|24401&4&25.655894749675205|24402&4&111.6544474811179|24403&4&25.655894749675205|24404&4&86.07074210739134|24405&4&25.655894749675205|24406&4&25.655894749675205|24407&4&30.83187704226126|24408&4&30.83187704226126|24409&4&30.83187704226126|24410&4&122.82419797378722|24411&4&30.83187704226126|24412&4&112.19300720803702|24413&4&163.68976430631136|24414&4&30.83187704226126|24415&4&30.83187704226126|24416&4&30.83187704226126|24417&4&140.00317326527394|24418&4&149.81575008194042|24419&4&133.10366543818213|24420&4&130.9753456062092|24421&4&125.51867668035842|24422&4&182.61520054587615|24423&4&123.97311352983095|24424&4&113.48312982701518|24425&4&127.68677143701348|24426&4&153.6306272781021|24427&4&7.304542769640175|24428&4&7.304542769640175|24429&4&111.82278378857914|24430&4&7.304542769640175|24431&4&7.304542769640175|24432&4&123.73094288677868|24433&4&7.304542769640175|24434&4&133.4295872149979|24435&4&7.304542769640175|24436&4&7.304542769640175|24437&4&9.812435787216632|24438&4&9.812435787216632|24439&4&9.812435787216632|24440&4&9.812435787216632|24441&4&195.91990470740814|24442&4&9.812435787216632|24443&4&9.812435787216632|24444&4&9.812435787216632|24445&4&9.812435787216632|24446&4&9.812435787216632|24447&4&12.357536319525948|24448&4&12.357536319525948|24449&4&12.357536319525948|24450&4&12.357536319525948|24451&4&12.357536319525948|24452&4&12.357536319525948|24453&4&12.357536319525948|24454&4&12.357536319525948|24455&4&12.357536319525948|24456&4&12.357536319525948|24457&4&14.940261410306888|24458&4&55.76741668707568|24459&4&14.940261410306888|24460&4&14.940261410306888|24461&4&14.940261410306888|24462&4&14.940261410306888|24463&4&14.940261410306888|24464&4&14.940261410306888|24465&4&14.940261410306888|24466&4&14.940261410306888|24467&4&17.561032266031553|24468&4&18.860725303946058|24469&4&112.24179034468543|24470&4&25.381804923820383|24471&4&17.561032266031553|24472&4&17.561032266031553|24473&4&17.561032266031553|24474&4&103.01320457608972|24475&4&17.561032266031553|24476&4&17.561032266031553|24477&4&20.22027429488776|24478&4&20.22027429488776|24479&4&20.22027429488776|24480&4&20.22027429488776|24481&4&20.22027429488776|24482&4&20.22027429488776|24483&4&20.22027429488776|24484&4&20.22027429488776|24485&4&103.82438979523747|24486&4&20.22027429488776|24487&4&69.91806742039299|24488&4&22.91841714611183|24489&4&22.91841714611183|24490&4&89.80897514283492|24491&4&22.91841714611183|24492&4&22.91841714611183|24493&4&22.91841714611183|24494&4&109.91283504143713|24495&4&22.91841714611183|24496&4&58.22799630504084|24497&4&3.190176793158012|24498&4&3.190176793158012|24499&4&3.83378321393248|24500&4&3.83378321393248|24501&4&18.142558396981016|24502&4&15.33628884696974|24503&4&0.90828182200238|24504&4&0.90828182200238|24505&4&1.2201252475565285|24506&4&1.2201252475565285|24507&4&1.5365952336415027|24508&4&1.5365952336415027|24509&4&1.8577436374725784|24511&4&9.497381430099313|24512&4&8.98772147509034|24513&4&2.514285720152369|24514&4&2.514285720152369|24515&4&2.8497857209351967|24516&4&2.8497857209351967,2|24397&4&22.91841714611183|24398&4&22.91841714611183|24399&4&22.91841714611183|24400&4&22.91841714611183|24401&4&22.91841714611183|24402&4&22.91841714611183|24403&4&22.91841714611183|24404&4&22.91841714611183|24405&4&22.91841714611183|24406&4&22.91841714611183|24407&4&25.655894749675205|24408&4&61.297967850442454|24409&4&25.655894749675205|24410&4&25.655894749675205|24411&4&25.655894749675205|24412&4&25.655894749675205|24413&4&25.655894749675205|24414&4&25.655894749675205|24415&4&25.655894749675205|24416&4&25.655894749675205|24417&4&30.83187704226126|24418&4&30.83187704226126|24419&4&30.83187704226126|24420&4&30.83187704226126|24421&4&30.83187704226126|24422&4&30.83187704226126|24423&4&30.83187704226126|24424&4&30.83187704226126|24425&4&30.83187704226126|24426&4&92.30503508554872|24427&4&107.60362639157016|24428&4&156.708394712604|24429&4&105.45272261938194|24430&4&142.51972837123589|24431&4&105.9191943686426|24432&4&149.97912431917644|24433&4&106.6056555857844|24434&4&141.7738970702257|24435&4&141.04317976273686|24436&4&236.46224134826005|24437&4&7.304542769640175|24438&4&7.304542769640175|24439&4&7.304542769640175|24440&4&7.304542769640175|24441&4&7.304542769640175|24442&4&7.304542769640175|24443&4&7.304542769640175|24444&4&7.304542769640175|24445&4&7.304542769640175|24446&4&7.304542769640175|24447&4&9.812435787216632|24448&4&9.812435787216632|24449&4&9.812435787216632|24450&4&9.812435787216632|24451&4&9.812435787216632|24452&4&9.812435787216632|24453&4&9.812435787216632|24454&4&9.812435787216632|24455&4&9.812435787216632|24456&4&9.812435787216632|24457&4&12.357536319525948|24458&4&12.357536319525948|24459&4&12.357536319525948|24460&4&12.357536319525948|24461&4&12.357536319525948|24462&4&12.357536319525948|24463&4&12.357536319525948|24464&4&12.357536319525948|24465&4&12.357536319525948|24466&4&12.357536319525948|24467&4&14.940261410306888|24468&4&14.940261410306888|24469&4&14.940261410306888|24470&4&14.940261410306888|24471&4&14.940261410306888|24472&4&14.940261410306888|24473&4&14.940261410306888|24474&4&14.940261410306888|24475&4&14.940261410306888|24476&4&14.940261410306888|24477&4&17.561032266031553|24478&4&17.561032266031553|24479&4&17.561032266031553|24480&4&17.561032266031553|24481&4&17.561032266031553|24482&4&17.561032266031553|24483&4&17.561032266031553|24484&4&17.561032266031553|24485&4&17.561032266031553|24486&4&17.561032266031553|24487&4&20.22027429488776|24488&4&20.22027429488776|24489&4&20.22027429488776|24490&4&20.22027429488776|24491&4&20.22027429488776|24492&4&20.22027429488776|24493&4&20.22027429488776|24494&4&20.22027429488776|24495&4&20.22027429488776|24496&4&20.22027429488776|24497&4&2.8497857209351967|24498&4&2.8497857209351967|24499&4&3.190176793158012|24500&4&3.190176793158012|24501&4&3.83378321393248|24502&4&3.83378321393248|24503&4&14.226468253820002|24504&4&10.655557689276904|24505&4&0.90828182200238|24506&4&0.90828182200238|24507&4&1.2201252475565285|24508&4&1.2201252475565285|24509&4&1.5365952336415027|24511&4&1.8577436374725784|24512&4&1.8577436374725784|24513&4&2.1836228338792276|24514&4&2.1836228338792276|24515&4&2.514285720152369|24516&4&2.514285720152369,2|24397&4&112.46648596435048|24398&4&78.81719888856658|24399&4&20.22027429488776|24400&4&20.22027429488776|24401&4&20.22027429488776|24402&4&20.22027429488776|24403&4&20.22027429488776|24404&4&75.73279199850519|24405&4&20.22027429488776|24406&4&20.22027429488776|24407&4&22.91841714611183|24408&4&22.91841714611183|24409&4&22.91841714611183|24410&4&22.91841714611183|24411&4&22.91841714611183|24412&4&22.91841714611183|24413&4&22.91841714611183|24414&4&22.91841714611183|24415&4&22.91841714611183|24416&4&61.68987878298332|24417&4&25.655894749675205|24418&4&57.798051457740584|24419&4&25.655894749675205|24420&4&25.655894749675205|24421&4&25.655894749675205|24422&4&25.655894749675205|24423&4&25.655894749675205|24424&4&130.215068752568|24425&4&25.655894749675205|24426&4&25.655894749675205|24427&4&30.83187704226126|24428&4&30.83187704226126|24429&4&30.83187704226126|24430&4&30.83187704226126|24431&4&130.06291236005467|24432&4&30.83187704226126|24433&4&30.83187704226126|24434&4&30.83187704226126|24435&4&30.83187704226126|24436&4&30.83187704226126|24437&4&157.82738465153727|24438&4&134.8210975694781|24439&4&125.78769955345582|24440&4&68.22621263322185|24441&4&123.39154388910914|24442&4&110.4161371728583|24443&4&181.85721992073013|24444&4&114.98459301245563|24445&4&138.16290424514597|24446&4&182.07759359153502|24447&4&7.304542769640175|24448&4&7.304542769640175|24449&4&7.304542769640175|24450&4&7.304542769640175|24451&4&7.304542769640175|24452&4&7.304542769640175|24453&4&7.304542769640175|24454&4&7.304542769640175|24455&4&7.304542769640175|24456&4&7.304542769640175|24457&4&9.812435787216632|24458&4&9.812435787216632|24459&4&9.812435787216632|24460&4&9.812435787216632|24461&4&9.812435787216632|24462&4&27.453842225238777|24463&4&9.812435787216632|24464&4&9.812435787216632|24465&4&9.812435787216632|24466&4&9.812435787216632|24467&4&215.31576450249088|24468&4&12.357536319525948|24469&4&12.357536319525948|24470&4&12.357536319525948|24471&4&12.357536319525948|24472&4&12.357536319525948|24473&4&12.357536319525948|24474&4&12.357536319525948|24475&4&12.357536319525948|24476&4&12.357536319525948|24477&4&14.940261410306888|24478&4&14.940261410306888|24479&4&14.940261410306888|24480&4&14.940261410306888|24481&4&14.940261410306888|24482&4&81.54666650499858|24483&4&14.940261410306888|24484&4&14.940261410306888|24485&4&14.940261410306888|24486&4&14.940261410306888|24487&4&17.561032266031553|24488&4&17.561032266031553|24489&4&17.561032266031553|24490&4&17.561032266031553|24491&4&17.561032266031553|24492&4&17.561032266031553|24493&4&17.561032266031553|24494&4&17.561032266031553|24495&4&17.561032266031553|24496&4&17.561032266031553|24497&4&2.514285720152369|24498&4&2.514285720152369|24499&4&7.706479206921722|24500&4&2.8497857209351967|24501&4&3.190176793158012|24502&4&3.190176793158012|24503&4&3.83378321393248|24504&4&3.83378321393248|24505&4&15.329301788423194|24506&4&16.900061656211125|24507&4&0.90828182200238|24508&4&0.90828182200238|24509&4&1.2201252475565285|24511&4&1.5365952336415027|24512&4&1.5365952336415027|24513&4&1.8577436374725784|24514&4&16.14963663823221|24515&4&2.1836228338792276|24516&4&2.1836228338792276,2|24397&4&17.561032266031553|24398&4&61.84085191184959|24399&4&17.561032266031553|24400&4&17.561032266031553|24401&4&17.561032266031553|24402&4&66.33788601659953|24403&4&85.40376378957922|24404&4&17.561032266031553|24405&4&17.561032266031553|24406&4&17.561032266031553|24407&4&20.22027429488776|24408&4&20.22027429488776|24409&4&20.22027429488776|24410&4&20.22027429488776|24411&4&20.22027429488776|24412&4&20.22027429488776|24413&4&20.22027429488776|24414&4&20.22027429488776|24415&4&20.22027429488776|24416&4&136.5317107630792|24417&4&22.91841714611183|24418&4&22.91841714611183|24419&4&22.91841714611183|24420&4&22.91841714611183|24421&4&22.91841714611183|24422&4&22.91841714611183|24423&4&22.91841714611183|24424&4&22.91841714611183|24425&4&22.91841714611183|24426&4&22.91841714611183|24427&4&25.655894749675205|24428&4&25.655894749675205|24429&4&25.655894749675205|24430&4&25.655894749675205|24431&4&25.655894749675205|24432&4&25.655894749675205|24433&4&25.655894749675205|24434&4&25.655894749675205|24435&4&25.655894749675205|24436&4&25.655894749675205|24437&4&30.83187704226126|24438&4&30.83187704226126|24439&4&30.83187704226126|24440&4&30.83187704226126|24441&4&30.83187704226126|24442&4&30.83187704226126|24443&4&30.83187704226126|24444&4&95.80912829490791|24445&4&30.83187704226126|24446&4&30.83187704226126|24447&4&125.55187848208311|24448&4&141.62369554960787|24449&4&203.10942010156612|24450&4&179.60621709562895|24451&4&161.79001982793076|24452&4&135.29469022648829|24453&4&179.0371505099698|24454&4&180.39442901654354|24455&4&136.5763515519759|24456&4&170.5447427592906|24457&4&7.304542769640175|24458&4&7.304542769640175|24459&4&7.304542769640175|24460&4&7.304542769640175|24461&4&7.304542769640175|24462&4&7.304542769640175|24463&4&7.304542769640175|24464&4&7.304542769640175|24465&4&7.304542769640175|24466&4&7.304542769640175|24467&4&9.812435787216632|24468&4&173.18975404120567|24469&4&9.812435787216632|24470&4&9.812435787216632|24471&4&191.19662736720892|24472&4&9.812435787216632|24473&4&9.812435787216632|24474&4&9.812435787216632|24475&4&35.55597561138359|24476&4&9.812435787216632|24477&4&12.357536319525948|24478&4&12.357536319525948|24479&4&12.357536319525948|24480&4&12.357536319525948|24481&4&84.91972414387017|24482&4&12.357536319525948|24483&4&12.357536319525948|24484&4&12.357536319525948|24485&4&12.357536319525948|24486&4&12.357536319525948|24487&4&89.74918776576702|24488&4&14.940261410306888|24489&4&14.940261410306888|24490&4&14.940261410306888|24491&4&14.940261410306888|24492&4&14.940261410306888|24493&4&14.940261410306888|24494&4&14.940261410306888|24495&4&14.940261410306888|24496&4&14.940261410306888|24497&4&2.1836228338792276|24498&4&2.1836228338792276|24499&4&2.514285720152369|24500&4&2.514285720152369|24501&4&2.8497857209351967|24502&4&2.8497857209351967|24503&4&3.190176793158012|24504&4&3.190176793158012|24505&4&3.83378321393248|24506&4&3.83378321393248|24507&4&18.077471011582862|24508&4&16.910296956135745|24509&4&0.90828182200238|24511&4&1.2201252475565285|24512&4&1.2201252475565285|24513&4&1.5365952336415027|24514&4&1.5365952336415027|24515&4&1.8577436374725784|24516&4&1.8577436374725784,2|24397&4&14.940261410306888|24398&4&14.940261410306888|24399&4&14.940261410306888|24400&4&81.50713793578585|24401&4&14.940261410306888|24402&4&14.940261410306888|24403&4&21.838318880789135|24404&4&14.940261410306888|24405&4&14.940261410306888|24406&4&14.940261410306888|24407&4&31.600391902654927|24408&4&17.561032266031553|24409&4&120.4083141487186|24410&4&17.561032266031553|24411&4&91.36357318362599|24412&4&17.561032266031553|24413&4&17.561032266031553|24414&4&104.96842358590345|24415&4&18.724190813678483|24416&4&17.561032266031553|24417&4&20.22027429488776|24418&4&20.22027429488776|24419&4&20.22027429488776|24420&4&20.22027429488776|24421&4&20.22027429488776|24422&4&20.22027429488776|24423&4&55.35367434606198|24424&4&46.935017258986846|24425&4&118.28293727178661|24426&4&20.22027429488776|24427&4&22.91841714611183|24428&4&22.91841714611183|24429&4&22.91841714611183|24430&4&69.07716741987414|24431&4&22.91841714611183|24432&4&22.91841714611183|24433&4&22.91841714611183|24434&4&22.91841714611183|24435&4&235.87027459248353|24436&4&22.91841714611183|24437&4&25.655894749675205|24438&4&25.655894749675205|24439&4&25.655894749675205|24440&4&25.655894749675205|24441&4&25.655894749675205|24442&4&25.655894749675205|24443&4&25.655894749675205|24444&4&25.655894749675205|24445&4&25.655894749675205|24446&4&25.655894749675205|24447&4&30.83187704226126|24448&4&30.83187704226126|24449&4&30.83187704226126|24450&4&30.83187704226126|24451&4&124.32276613109377|24452&4&30.83187704226126|24453&4&40.63567403114433|24454&4&30.83187704226126|24455&4&134.46676204906794|24456&4&30.83187704226126|24457&4&147.71719246300336|24458&4&150.33865148997398|24459&4&104.00013118977915|24460&4&68.21763339116971|24461&4&205.74542400979507|24462&4&138.89017829659966|24463&4&172.8652380168382|24464&4&131.8331642371313|24465&4&236.21478696618016|24466&4&172.8288162130571|24467&4&7.304542769640175|24468&4&7.304542769640175|24469&4&7.304542769640175|24470&4&153.2521252559021|24471&4&7.304542769640175|24472&4&154.59918695144202|24473&4&7.304542769640175|24474&4&7.304542769640175|24475&4&7.304542769640175|24476&4&120.21543708989866|24477&4&9.812435787216632|24478&4&9.812435787216632|24479&4&9.812435787216632|24480&4&9.812435787216632|24481&4&19.663801857425838|24482&4&9.812435787216632|24483&4&9.812435787216632|24484&4&158.5082045013064|24485&4&117.45504923294041|24486&4&9.812435787216632|24487&4&12.357536319525948|24488&4&113.15631097466051|24489&4&53.12097848157619|24490&4&18.16741510597474|24491&4&12.357536319525948|24492&4&12.357536319525948|24493&4&32.3185662503399|24494&4&12.357536319525948|24495&4&12.357536319525948|24496&4&12.357536319525948|24497&4&1.8577436374725784|24498&4&1.8577436374725784|24499&4&2.1836228338792276|24500&4&2.1836228338792276|24501&4&2.514285720152369|24502&4&2.514285720152369|24503&4&2.8497857209351967|24504&4&2.8497857209351967|24505&4&3.190176793158012|24506&4&3.190176793158012|24507&4&3.83378321393248|24508&4&3.83378321393248|24509&4&18.113873474716485|24511&4&0.90828182200238|24512&4&0.90828182200238|24513&4&1.2201252475565285|24514&4&1.2201252475565285|24515&4&1.5365952336415027|24516&4&1.5365952336415027,2|24397&4&12.357536319525948|24398&4&12.357536319525948|24399&4&12.357536319525948|24400&4&12.357536319525948|24401&4&12.357536319525948|24402&4&12.357536319525948|24403&4&12.357536319525948|24404&4&12.357536319525948|24405&4&12.357536319525948|24406&4&12.357536319525948|24407&4&14.940261410306888|24408&4&14.940261410306888|24409&4&14.940261410306888|24410&4&14.940261410306888|24411&4&14.940261410306888|24412&4&14.940261410306888|24413&4&14.940261410306888|24414&4&14.940261410306888|24415&4&14.940261410306888|24416&4&14.940261410306888|24417&4&17.561032266031553|24418&4&17.561032266031553|24419&4&17.561032266031553|24420&4&17.561032266031553|24421&4&17.561032266031553|24422&4&17.561032266031553|24423&4&17.561032266031553|24424&4&17.561032266031553|24425&4&17.561032266031553|24426&4&17.561032266031553|24427&4&20.22027429488776|24428&4&20.22027429488776|24429&4&20.22027429488776|24430&4&20.22027429488776|24431&4&20.22027429488776|24432&4&20.22027429488776|24433&4&20.22027429488776|24434&4&20.22027429488776|24435&4&20.22027429488776|24436&4&20.22027429488776|24437&4&22.91841714611183|24438&4&22.91841714611183|24439&4&22.91841714611183|24440&4&65.26370416885626|24441&4&22.91841714611183|24442&4&22.91841714611183|24443&4&22.91841714611183|24444&4&22.91841714611183|24445&4&22.91841714611183|24446&4&22.91841714611183|24447&4&25.655894749675205|24448&4&25.655894749675205|24449&4&25.655894749675205|24450&4&25.655894749675205|24451&4&25.655894749675205|24452&4&89.07536852589432|24453&4&25.655894749675205|24454&4&25.655894749675205|24455&4&25.655894749675205|24456&4&25.655894749675205|24457&4&30.83187704226126|24458&4&30.83187704226126|24459&4&30.83187704226126|24460&4&30.83187704226126|24461&4&30.83187704226126|24462&4&30.83187704226126|24463&4&30.83187704226126|24464&4&30.83187704226126|24465&4&30.83187704226126|24466&4&30.83187704226126|24467&4&157.81671671848778|24468&4&36.08405592515646|24469&4&131.63473443377362|24470&4&106.85368557619475|24471&4&121.96699422190653|24472&4&125.9936247047895|24473&4&165.26098614034686|24474&4&118.27439578387394|24475&4&36.08405592515646|24476&4&284.2668088567284|24477&4&7.304542769640175|24478&4&7.304542769640175|24479&4&7.304542769640175|24480&4&7.304542769640175|24481&4&7.304542769640175|24482&4&7.304542769640175|24483&4&7.304542769640175|24484&4&7.304542769640175|24485&4&7.304542769640175|24486&4&7.304542769640175|24487&4&9.812435787216632|24488&4&9.812435787216632|24489&4&9.812435787216632|24490&4&9.812435787216632|24491&4&9.812435787216632|24492&4&9.812435787216632|24493&4&9.812435787216632|24494&4&9.812435787216632|24495&4&9.812435787216632|24496&4&9.812435787216632|24497&4&1.5365952336415027|24498&4&1.5365952336415027|24499&4&1.8577436374725784|24500&4&19.772545772100244|24501&4&2.1836228338792276|24502&4&2.1836228338792276|24503&4&2.514285720152369|24504&4&2.514285720152369|24505&4&2.8497857209351967|24506&4&2.8497857209351967|24507&4&3.190176793158012|24508&4&3.190176793158012|24509&4&3.83378321393248|24511&4&4.486864283573945|24512&4&4.486864283573945|24513&4&0.90828182200238|24514&4&0.90828182200238|24515&4&1.2201252475565285|24516&4&1.2201252475565285,2|24397&4&9.812435787216632|24398&4&9.812435787216632|24399&4&9.812435787216632|24400&4&9.812435787216632|24401&4&9.812435787216632|24402&4&9.812435787216632|24403&4&9.812435787216632|24404&4&9.812435787216632|24405&4&54.50893470773687|24406&4&9.812435787216632|24407&4&12.357536319525948|24408&4&12.357536319525948|24409&4&12.357536319525948|24410&4&12.357536319525948|24411&4&12.357536319525948|24412&4&12.357536319525948|24413&4&12.357536319525948|24414&4&12.357536319525948|24415&4&12.357536319525948|24416&4&12.357536319525948|24417&4&14.940261410306888|24418&4&14.940261410306888|24419&4&14.940261410306888|24420&4&14.940261410306888|24421&4&14.940261410306888|24422&4&14.940261410306888|24423&4&14.940261410306888|24424&4&14.940261410306888|24425&4&14.940261410306888|24426&4&39.618318943251786|24427&4&17.561032266031553|24428&4&17.561032266031553|24429&4&17.561032266031553|24430&4&17.561032266031553|24431&4&17.561032266031553|24432&4&17.561032266031553|24433&4&17.561032266031553|24434&4&17.561032266031553|24435&4&17.561032266031553|24436&4&17.561032266031553|24437&4&20.22027429488776|24438&4&20.22027429488776|24439&4&20.22027429488776|24440&4&20.22027429488776|24441&4&20.22027429488776|24442&4&20.22027429488776|24443&4&20.22027429488776|24444&4&20.22027429488776|24445&4&20.22027429488776|24446&4&20.22027429488776|24447&4&22.91841714611183|24448&4&22.91841714611183|24449&4&22.91841714611183|24450&4&22.91841714611183|24451&4&22.91841714611183|24452&4&22.91841714611183|24453&4&22.91841714611183|24454&4&22.91841714611183|24455&4&22.91841714611183|24456&4&22.91841714611183|24457&4&25.655894749675205|24458&4&25.655894749675205|24459&4&25.655894749675205|24460&4&25.655894749675205|24461&4&25.655894749675205|24462&4&25.655894749675205|24463&4&25.655894749675205|24464&4&25.655894749675205|24465&4&25.655894749675205|24466&4&25.655894749675205|24467&4&30.83187704226126|24468&4&30.83187704226126|24469&4&30.83187704226126|24470&4&30.83187704226126|24471&4&30.83187704226126|24472&4&30.83187704226126|24473&4&30.83187704226126|24474&4&30.83187704226126|24475&4&30.83187704226126|24476&4&30.83187704226126|24477&4&116.94215904311503|24478&4&121.2568211953334|24479&4&140.21362458899642|24480&4&137.34674069643162|24481&4&161.88078085084425|24482&4&110.97501926497088|24483&4&119.35560289853302|24484&4&161.1950354964768|24485&4&115.52694702615563|24486&4&284.34328185536754|24487&4&7.304542769640175|24488&4&7.304542769640175|24489&4&7.304542769640175|24490&4&7.304542769640175|24491&4&7.304542769640175|24492&4&7.304542769640175|24493&4&7.304542769640175|24494&4&7.304542769640175|24495&4&7.304542769640175|24496&4&7.304542769640175|24497&4&1.2201252475565285|24498&4&1.2201252475565285|24499&4&1.5365952336415027|24500&4&1.5365952336415027|24501&4&1.8577436374725784|24502&4&1.8577436374725784|24503&4&2.1836228338792276|24504&4&2.1836228338792276|24505&4&2.514285720152369|24506&4&2.514285720152369|24507&4&2.8497857209351967|24508&4&2.8497857209351967|24509&4&3.190176793158012|24511&4&13.652532692069425|24512&4&3.83378321393248|24513&4&16.814563869211884|24514&4&11.11631546692308|24515&4&0.90828182200238|24516&4&0.90828182200238,2|24397&4&7.304542769640175|24398&4&7.304542769640175|24399&4&7.304542769640175|24400&4&7.304542769640175|24401&4&7.304542769640175|24402&4&7.304542769640175|24403&4&7.304542769640175|24404&4&7.304542769640175|24405&4&7.304542769640175|24406&4&7.304542769640175|24407&4&9.812435787216632|24408&4&9.812435787216632|24409&4&117.8455706199276|24410&4&9.812435787216632|24411&4&156.2953544416509|24412&4&9.812435787216632|24413&4&9.812435787216632|24414&4&72.24434231128996|24415&4&9.812435787216632|24416&4&9.812435787216632|24417&4&55.55758465149215|24418&4&12.357536319525948|24419&4&89.76406142400118|24420&4&12.357536319525948|24421&4&175.4194845865144|24422&4&12.357536319525948|24423&4&12.357536319525948|24424&4&12.357536319525948|24425&4&12.357536319525948|24426&4&12.357536319525948|24427&4&133.1220700248321|24428&4&14.940261410306888|24429&4&38.76351500993319|24430&4&14.940261410306888|24431&4&14.940261410306888|24432&4&14.940261410306888|24433&4&14.940261410306888|24434&4&14.940261410306888|24435&4&14.940261410306888|24436&4&14.940261410306888|24437&4&17.561032266031553|24438&4&57.03019239751355|24439&4&17.561032266031553|24440&4&30.73538834441186|24441&4&17.561032266031553|24442&4&17.561032266031553|24443&4&17.561032266031553|24444&4&17.561032266031553|24445&4&17.561032266031553|24446&4&17.561032266031553|24447&4&73.01234757530679|24448&4&20.22027429488776|24449&4&20.22027429488776|24450&4&20.22027429488776|24451&4&20.22027429488776|24452&4&20.22027429488776|24453&4&20.22027429488776|24454&4&20.22027429488776|24455&4&20.22027429488776|24456&4&20.22027429488776|24457&4&22.91841714611183|24458&4&22.91841714611183|24459&4&68.88484855765032|24460&4&61.79769183370628|24461&4&22.91841714611183|24462&4&22.91841714611183|24463&4&22.91841714611183|24464&4&22.91841714611183|24465&4&22.91841714611183|24466&4&22.91841714611183|24467&4&25.655894749675205|24468&4&25.655894749675205|24469&4&25.655894749675205|24470&4&25.655894749675205|24471&4&25.655894749675205|24472&4&25.655894749675205|24473&4&53.165113486807606|24474&4&133.84581783557954|24475&4&25.655894749675205|24476&4&25.655894749675205|24477&4&30.83187704226126|24478&4&74.81628582783026|24479&4&30.83187704226126|24480&4&30.83187704226126|24481&4&30.83187704226126|24482&4&30.83187704226126|24483&4&30.83187704226126|24484&4&45.633955996919255|24485&4&30.83187704226126|24486&4&30.83187704226126|24487&4&105.66013660872952|24488&4&105.59380598662915|24489&4&164.87905477362474|24490&4&123.89529476943906|24491&4&111.51655956237167|24492&4&221.01107548285034|24493&4&118.04171744342861|24494&4&36.08405592515646|24495&4&123.13531135001625|24496&4&181.50375391108537|24497&4&0.90828182200238|24498&4&0.90828182200238|24499&4&1.2201252475565285|24500&4&1.2201252475565285|24501&4&1.5365952336415027|24502&4&1.5365952336415027|24503&4&1.8577436374725784|24504&4&6.789675611484581|24505&4&2.1836228338792276|24506&4&2.1836228338792276|24507&4&2.514285720152369|24508&4&2.514285720152369|24509&4&2.8497857209351967|24511&4&3.190176793158012|24512&4&3.190176793158012|24513&4&3.83378321393248|24514&4&3.83378321393248|24515&4&14.315174909089627|24516&4&16.885678273673904
9|4,130,1,1,1,1,1,1,1,1,1,1,1,1,1,1,1,1,1,1,1,1,1,1,1,1,1,1,1,1,1,1,1,1,1,1,1,1,1,1,1,1,1,1,1,1,1,1,1,1,1,1,1,1,1,1,1,1,1,1,1,1,1,1,1,1,1,1,1,1,1,1,1,1,1,1,1,1,1,1,1,1,1,1,1,1,1,1,1,1,1,1,1,1,1,1,1,1,1,1,1,1,0,0,0,0,0,0,0,0,0,0,0,0,0,0,0,0,0,0,0,0,2|24397&4&166.5092560692098|24398&4&97.69015618894494|24399&4&227.10772946115463|24400&4&164.67476136016458|24401&4&180.11871125465626|24402&4&97.90795753057364|24403&4&161.41629480322368|24404&4&111.36030662811328|24405&4&117.23541742501399|24406&4&164.9330637465147|24407&4&145.74253199468097|24408&4&4.869695179760116|24409&4&4.869695179760116|24410&4&4.869695179760116|24411&4&4.869695179760116|24412&4&4.869695179760116|24413&4&4.869695179760116|24414&4&4.869695179760116|24415&4&4.869695179760116|24416&4&4.869695179760116|24417&4&7.359326840412472|24418&4&7.359326840412472|24419&4&7.359326840412472|24420&4&7.359326840412472|24421&4&7.359326840412472|24422&4&7.359326840412472|24423&4&7.359326840412472|24424&4&7.359326840412472|24425&4&7.359326840412472|24426&4&7.359326840412472|24427&4&9.886029055620757|24428&4&121.62310858492636|24429&4&9.886029055620757|24430&4&9.886029055620757|24431&4&9.886029055620757|24432&4&9.886029055620757|24433&4&9.886029055620757|24434&4&57.78981828221822|24435&4&9.886029055620757|24436&4&9.886029055620757|24437&4&12.45021784192241|24438&4&12.45021784192241|24439&4&12.45021784192241|24440&4&12.45021784192241|24441&4&12.45021784192241|24442&4&98.3670644808301|24443&4&12.45021784192241|24444&4&12.45021784192241|24445&4&12.45021784192241|24446&4&12.45021784192241|24447&4&15.052313370884189|24448&4&15.052313370884189|24449&4&15.052313370884189|24450&4&15.052313370884189|24451&4&15.052313370884189|24452&4&15.052313370884189|24453&4&15.052313370884189|24454&4&58.11698423908973|24455&4&15.052313370884189|24456&4&25.235197316001532|24457&4&17.69274000802679|24458&4&17.69274000802679|24459&4&17.69274000802679|24460&4&195.66578021875443|24461&4&17.69274000802679|24462&4&17.69274000802679|24463&4&17.69274000802679|24464&4&17.69274000802679|24465&4&17.69274000802679|24466&4&108.10750139621973|24467&4&20.3719263520994|24468&4&20.3719263520994|24469&4&20.3719263520994|24470&4&20.3719263520994|24471&4&20.3719263520994|24472&4&20.3719263520994|24473&4&20.3719263520994|24474&4&20.3719263520994|24475&4&20.3719263520994|24476&4&20.3719263520994|24477&4&23.09030527470769|24478&4&23.09030527470769|24479&4&134.76862360427577|24480&4&23.09030527470769|24481&4&23.09030527470769|24482&4&184.8777818085297|24483&4&23.09030527470769|24484&4&23.09030527470769|24485&4&23.09030527470769|24486&4&23.09030527470769|24487&4&25.848313960297766|24488&4&25.848313960297766|24489&4&25.848313960297766|24490&4&25.848313960297766|24491&4&148.13238272255862|24492&4&25.848313960297766|24493&4&25.848313960297766|24494&4&114.5246076420245|24495&4&90.35526171081517|24496&4&25.848313960297766|24497&4&17.185323204592464|24498&4&17.208681306126497|24499&4&0.6055212146682536|24500&4&0.6055212146682536|24501&4&0.9150939356673962|24502&4&0.9150939356673962|24503&4&1.2292761869132018|24504&4&12.891179368037584|24505&4&1.5481196978938154|24506&4&1.5481196978938154|24507&4&1.8716767147536237|24508&4&1.8716767147536237|24509&4&2.2000000051333233|24511&4&2.533142863053508|24512&4&2.533142863053508|24513&4&2.871159113842211|24514&4&2.871159113842211|24515&4&3.2141031191066993|24516&4&3.2141031191066993,2|24397&4&25.848313960297766|24398&4&25.848313960297766|24399&4&25.848313960297766|24400&4&25.848313960297766|24401&4&25.848313960297766|24402&4&25.848313960297766|24403&4&25.848313960297766|24404&4&25.848313960297766|24405&4&25.848313960297766|24406&4&25.848313960297766|24407&4&103.0407099704883|24408&4&197.978313108676|24409&4&114.06942905599482|24410&4&256.3987649820063|24411&4&112.29712332725822|24412&4&158.70084107273723|24413&4&171.93763625141966|24414&4&60.72573626867331|24415&4&136.310733008742|24416&4&116.32014439046304|24417&4&78.3549133244287|24418&4&4.869695179760116|24419&4&4.869695179760116|24420&4&29.714104329246368|24421&4&4.869695179760116|24422&4&4.869695179760116|24423&4&4.869695179760116|24424&4&4.869695179760116|24425&4&4.869695179760116|24426&4&4.869695179760116|24427&4&7.359326840412472|24428&4&7.359326840412472|24429&4&7.359326840412472|24430&4&7.359326840412472|24431&4&7.359326840412472|24432&4&7.359326840412472|24433&4&65.83421088381645|24434&4&7.359326840412472|24435&4&7.359326840412472|24436&4&7.359326840412472|24437&4&9.886029055620757|24438&4&46.09094569397048|24439&4&9.886029055620757|24440&4&9.886029055620757|24441&4&9.886029055620757|24442&4&9.886029055620757|24443&4&9.886029055620757|24444&4&9.886029055620757|24445&4&9.886029055620757|24446&4&9.886029055620757|24447&4&12.45021784192241|24448&4&12.45021784192241|24449&4&12.45021784192241|24450&4&12.45021784192241|24451&4&12.45021784192241|24452&4&12.45021784192241|24453&4&12.45021784192241|24454&4&12.45021784192241|24455&4&12.45021784192241|24456&4&12.45021784192241|24457&4&15.052313370884189|24458&4&15.052313370884189|24459&4&15.052313370884189|24460&4&15.052313370884189|24461&4&15.052313370884189|24462&4&15.052313370884189|24463&4&15.052313370884189|24464&4&48.05882739431367|24465&4&15.052313370884189|24466&4&15.052313370884189|24467&4&17.69274000802679|24468&4&75.10359161504778|24469&4&97.62676139104882|24470&4&17.69274000802679|24471&4&17.69274000802679|24472&4&70.44757995735205|24473&4&17.69274000802679|24474&4&17.69274000802679|24475&4&190.1133757123048|24476&4&17.69274000802679|24477&4&106.7965588500476|24478&4&20.3719263520994|24479&4&20.3719263520994|24480&4&20.3719263520994|24481&4&20.3719263520994|24482&4&20.3719263520994|24483&4&72.24708086620933|24484&4&20.3719263520994|24485&4&20.3719263520994|24486&4&20.3719263520994|24487&4&23.09030527470769|24488&4&23.09030527470769|24489&4&23.09030527470769|24490&4&23.09030527470769|24491&4&24.024845687733592|24492&4&23.09030527470769|24493&4&78.53790667096486|24494&4&23.09030527470769|24495&4&97.92996883873252|24496&4&23.09030527470769|24497&4&3.2141031191066993|24498&4&3.2141031191066993|24499&4&15.334819066919124|24500&4&6.18117488915343|24501&4&0.6055212146682536|24502&4&0.6055212146682536|24503&4&0.9150939356673962|24504&4&0.9150939356673962|24505&4&1.2292761869132018|24506&4&1.2292761869132018|24507&4&1.5481196978938154|24508&4&1.5481196978938154|24509&4&1.8716767147536237|24511&4&2.2000000051333233|24512&4&15.739427617344166|24513&4&2.533142863053508|24514&4&2.533142863053508|24515&4&2.871159113842211|24516&4&2.871159113842211,2|24397&4&23.09030527470769|24398&4&23.09030527470769|24399&4&23.09030527470769|24400&4&23.09030527470769|24401&4&23.09030527470769|24402&4&104.31116063218134|24403&4&23.09030527470769|24404&4&80.48441026453801|24405&4&23.09030527470769|24406&4&23.09030527470769|24407&4&25.848313960297766|24408&4&25.848313960297766|24409&4&25.848313960297766|24410&4&112.72995039562784|24411&4&25.848313960297766|24412&4&170.14371597749067|24413&4&180.1139966610455|24414&4&25.848313960297766|24415&4&25.848313960297766|24416&4&25.848313960297766|24417&4&127.53894269288153|24418&4&137.44962735121996|24419&4&121.09993236875039|24420&4&119.11545830235612|24421&4&114.0489538990295|24422&4&178.2695401977001|24423&4&112.85171677631877|24424&4&102.78744814166062|24425&4&116.07107674268086|24426&4&140.25592858255348|24427&4&4.869695179760116|24428&4&4.869695179760116|24429&4&103.60790165788113|24430&4&4.869695179760116|24431&4&4.869695179760116|24432&4&161.9674148029681|24433&4&4.869695179760116|24434&4&124.35657939115164|24435&4&4.869695179760116|24436&4&4.869695179760116|24437&4&7.359326840412472|24438&4&7.359326840412472|24439&4&7.359326840412472|24440&4&7.359326840412472|24441&4&246.0009515330865|24442&4&7.359326840412472|24443&4&7.359326840412472|24444&4&7.359326840412472|24445&4&7.359326840412472|24446&4&7.359326840412472|24447&4&9.886029055620757|24448&4&9.886029055620757|24449&4&9.886029055620757|24450&4&9.886029055620757|24451&4&9.886029055620757|24452&4&9.886029055620757|24453&4&9.886029055620757|24454&4&9.886029055620757|24455&4&9.886029055620757|24456&4&9.886029055620757|24457&4&12.45021784192241|24458&4&117.53848511978752|24459&4&12.45021784192241|24460&4&12.45021784192241|24461&4&12.45021784192241|24462&4&12.45021784192241|24463&4&12.45021784192241|24464&4&12.45021784192241|24465&4&12.45021784192241|24466&4&12.45021784192241|24467&4&15.052313370884189|24468&4&16.26536020627106|24469&4&154.09107611230252|24470&4&22.43859865879586|24471&4&15.052313370884189|24472&4&15.052313370884189|24473&4&15.052313370884189|24474&4&95.75714277482801|24475&4&15.052313370884189|24476&4&15.052313370884189|24477&4&17.69274000802679|24478&4&17.69274000802679|24479&4&17.69274000802679|24480&4&17.69274000802679|24481&4&17.69274000802679|24482&4&17.69274000802679|24483&4&17.69274000802679|24484&4&17.69274000802679|24485&4&96.65218242502374|24486&4&17.69274000802679|24487&4&64.76048494447605|24488&4&20.3719263520994|24489&4&20.3719263520994|24490&4&83.54634223789343|24491&4&20.3719263520994|24492&4&20.3719263520994|24493&4&20.3719263520994|24494&4&148.4887791211675|24495&4&20.3719263520994|24496&4&160.8054616471269|24497&4&2.871159113842211|24498&4&2.871159113842211|24499&4&3.2141031191066993|24500&4&3.2141031191066993|24501&4&16.564787755622717|24502&4&13.950553046512635|24503&4&0.6055212146682536|24504&4&0.6055212146682536|24505&4&0.9150939356673962|24506&4&0.9150939356673962|24507&4&1.2292761869132018|24508&4&1.2292761869132018|24509&4&1.5481196978938154|24511&4&8.800500648014758|24512&4&15.867338934607327|24513&4&2.2000000051333233|24514&4&2.2000000051333233|24515&4&2.533142863053508|24516&4&2.533142863053508,2|24397&4&20.3719263520994|24398&4&20.3719263520994|24399&4&20.3719263520994|24400&4&20.3719263520994|24401&4&20.3719263520994|24402&4&20.3719263520994|24403&4&20.3719263520994|24404&4&20.3719263520994|24405&4&20.3719263520994|24406&4&20.3719263520994|24407&4&23.09030527470769|24408&4&126.40943111149505|24409&4&23.09030527470769|24410&4&23.09030527470769|24411&4&23.09030527470769|24412&4&23.09030527470769|24413&4&23.09030527470769|24414&4&23.09030527470769|24415&4&23.09030527470769|24416&4&23.09030527470769|24417&4&25.848313960297766|24418&4&25.848313960297766|24419&4&25.848313960297766|24420&4&25.848313960297766|24421&4&25.848313960297766|24422&4&25.848313960297766|24423&4&25.848313960297766|24424&4&25.848313960297766|24425&4&25.848313960297766|24426&4&138.61460854233482|24427&4&97.3035594476074|24428&4&143.12891811723136|24429&4&95.30026257653202|24430&4&129.9344722869787|24431&4&95.73341491513122|24432&4&136.86572732990643|24433&4&96.37084904941842|24434&4&129.20693141855014|24435&4&128.50794455165163|24436&4&238.343205488605|24437&4&4.869695179760116|24438&4&4.869695179760116|24439&4&4.869695179760116|24440&4&4.869695179760116|24441&4&4.869695179760116|24442&4&4.869695179760116|24443&4&4.869695179760116|24444&4&4.869695179760116|24445&4&4.869695179760116|24446&4&4.869695179760116|24447&4&7.359326840412472|24448&4&7.359326840412472|24449&4&7.359326840412472|24450&4&7.359326840412472|24451&4&7.359326840412472|24452&4&7.359326840412472|24453&4&7.359326840412472|24454&4&7.359326840412472|24455&4&7.359326840412472|24456&4&7.359326840412472|24457&4&9.886029055620757|24458&4&9.886029055620757|24459&4&9.886029055620757|24460&4&9.886029055620757|24461&4&9.886029055620757|24462&4&9.886029055620757|24463&4&9.886029055620757|24464&4&9.886029055620757|24465&4&9.886029055620757|24466&4&9.886029055620757|24467&4&12.45021784192241|24468&4&12.45021784192241|24469&4&12.45021784192241|24470&4&12.45021784192241|24471&4&12.45021784192241|24472&4&12.45021784192241|24473&4&12.45021784192241|24474&4&12.45021784192241|24475&4&12.45021784192241|24476&4&12.45021784192241|24477&4&15.052313370884189|24478&4&15.052313370884189|24479&4&15.052313370884189|24480&4&15.052313370884189|24481&4&15.052313370884189|24482&4&15.052313370884189|24483&4&15.052313370884189|24484&4&15.052313370884189|24485&4&15.052313370884189|24486&4&15.052313370884189|24487&4&17.69274000802679|24488&4&17.69274000802679|24489&4&17.69274000802679|24490&4&17.69274000802679|24491&4&17.69274000802679|24492&4&17.69274000802679|24493&4&17.69274000802679|24494&4&17.69274000802679|24495&4&17.69274000802679|24496&4&17.69274000802679|24497&4&2.533142863053508|24498&4&2.533142863053508|24499&4&2.871159113842211|24500&4&2.871159113842211|24501&4&3.2141031191066993|24502&4&3.2141031191066993|24503&4&12.910430788924309|24504&4&9.576807617730692|24505&4&0.6055212146682536|24506&4&0.6055212146682536|24507&4&0.9150939356673962|24508&4&0.9150939356673962|24509&4&1.2292761869132018|24511&4&1.5481196978938154|24512&4&1.5481196978938154|24513&4&1.8716767147536237|24514&4&1.8716767147536237|24515&4&2.2000000051333233|24516&4&2.2000000051333233,2|24397&4&104.81416214029714|24398&4&73.0342799020568|24399&4&17.69274000802679|24400&4&17.69274000802679|24401&4&17.69274000802679|24402&4&17.69274000802679|24403&4&17.69274000802679|24404&4&70.12122895033215|24405&4&17.69274000802679|24406&4&17.69274000802679|24407&4&20.3719263520994|24408&4&20.3719263520994|24409&4&20.3719263520994|24410&4&20.3719263520994|24411&4&20.3719263520994|24412&4&20.3719263520994|24413&4&20.3719263520994|24414&4&20.3719263520994|24415&4&20.3719263520994|24416&4&56.98941789803359|24417&4&23.09030527470769|24418&4&52.75998838984496|24419&4&23.09030527470769|24420&4&23.09030527470769|24421&4&23.09030527470769|24422&4&23.09030527470769|24423&4&23.09030527470769|24424&4&121.84063627743976|24425&4&23.09030527470769|24426&4&23.09030527470769|24427&4&25.848313960297766|24428&4&25.848313960297766|24429&4&25.848313960297766|24430&4&25.848313960297766|24431&4&146.13377851810506|24432&4&25.848313960297766|24433&4&25.848313960297766|24434&4&25.848313960297766|24435&4&25.848313960297766|24436&4&25.848313960297766|24437&4&179.49402565504312|24438&4&122.70668089711967|24439&4&114.25100419918792|24440&4&60.73279923521551|24441&4&112.05456495400395|24442&4&99.94834507244516|24443&4&166.8832337008369|24444&4&104.16790439973855|24445&4&188.3837283469607|24446&4&184.76458808823605|24447&4&4.869695179760116|24448&4&4.869695179760116|24449&4&4.869695179760116|24450&4&4.869695179760116|24451&4&85.09792786272452|24452&4&4.869695179760116|24453&4&4.869695179760116|24454&4&4.869695179760116|24455&4&4.869695179760116|24456&4&4.869695179760116|24457&4&7.359326840412472|24458&4&7.359326840412472|24459&4&7.359326840412472|24460&4&7.359326840412472|24461&4&7.359326840412472|24462&4&24.020655142988943|24463&4&7.359326840412472|24464&4&7.359326840412472|24465&4&7.359326840412472|24466&4&7.359326840412472|24467&4&268.9950926863492|24468&4&9.886029055620757|24469&4&9.886029055620757|24470&4&9.886029055620757|24471&4&9.886029055620757|24472&4&9.886029055620757|24473&4&9.886029055620757|24474&4&9.886029055620757|24475&4&9.886029055620757|24476&4&9.886029055620757|24477&4&12.45021784192241|24478&4&12.45021784192241|24479&4&12.45021784192241|24480&4&12.45021784192241|24481&4&12.45021784192241|24482&4&75.35626709802011|24483&4&100.29228348191668|24484&4&12.45021784192241|24485&4&12.45021784192241|24486&4&12.45021784192241|24487&4&15.052313370884189|24488&4&15.052313370884189|24489&4&15.052313370884189|24490&4&15.052313370884189|24491&4&15.052313370884189|24492&4&15.052313370884189|24493&4&15.052313370884189|24494&4&15.052313370884189|24495&4&15.052313370884189|24496&4&15.052313370884189|24497&4&2.2000000051333233|24498&4&2.2000000051333233|24499&4&7.134220902409163|24500&4&2.533142863053508|24501&4&2.871159113842211|24502&4&2.871159113842211|24503&4&3.2141031191066993|24504&4&3.2141031191066993|24505&4&13.939351219395562|24506&4&15.405179466005702|24507&4&0.6055212146682536|24508&4&0.6055212146682536|24509&4&0.9150939356673962|24511&4&1.2292761869132018|24512&4&1.2292761869132018|24513&4&1.5481196978938154|24514&4&14.94676938610597|24515&4&1.8716767147536237|24516&4&1.8716767147536237,2|24397&4&15.052313370884189|24398&4&57.11814203441132|24399&4&15.052313370884189|24400&4&15.052313370884189|24401&4&15.052313370884189|24402&4&113.48477766848953|24403&4&89.79814155939334|24404&4&15.052313370884189|24405&4&15.052313370884189|24406&4&15.052313370884189|24407&4&17.69274000802679|24408&4&17.69274000802679|24409&4&17.69274000802679|24410&4&17.69274000802679|24411&4&17.69274000802679|24412&4&17.69274000802679|24413&4&17.69274000802679|24414&4&17.69274000802679|24415&4&17.69274000802679|24416&4&185.0716061452065|24417&4&20.3719263520994|24418&4&20.3719263520994|24419&4&20.3719263520994|24420&4&20.3719263520994|24421&4&20.3719263520994|24422&4&20.3719263520994|24423&4&20.3719263520994|24424&4&20.3719263520994|24425&4&20.3719263520994|24426&4&20.3719263520994|24427&4&23.09030527470769|24428&4&23.09030527470769|24429&4&23.09030527470769|24430&4&23.09030527470769|24431&4&23.09030527470769|24432&4&23.09030527470769|24433&4&23.09030527470769|24434&4&23.09030527470769|24435&4&23.09030527470769|24436&4&23.09030527470769|24437&4&25.848313960297766|24438&4&25.848313960297766|24439&4&25.848313960297766|24440&4&25.848313960297766|24441&4&25.848313960297766|24442&4&25.848313960297766|24443&4&25.848313960297766|24444&4&110.0347659219408|24445&4&25.848313960297766|24446&4&25.848313960297766|24447&4&114.05192044832074|24448&4&129.06851590419177|24449&4&236.8109050051384|24450&4&164.79290320310614|24451&4&147.87171771866244|24452&4&133.96283206694676|24453&4&164.4810897663575|24454&4&166.07645084275993|24455&4&124.35636619501827|24456&4&156.27888678441207|24457&4&4.869695179760116|24458&4&4.869695179760116|24459&4&4.869695179760116|24460&4&4.869695179760116|24461&4&4.869695179760116|24462&4&4.869695179760116|24463&4&4.869695179760116|24464&4&4.869695179760116|24465&4&4.869695179760116|24466&4&4.869695179760116|24467&4&7.359326840412472|24468&4&197.30119971581786|24469&4&7.359326840412472|24470&4&7.359326840412472|24471&4&248.8997654149868|24472&4&7.359326840412472|24473&4&7.359326840412472|24474&4&7.359326840412472|24475&4&31.815689673371082|24476&4&7.359326840412472|24477&4&9.886029055620757|24478&4&9.886029055620757|24479&4&9.886029055620757|24480&4&9.886029055620757|24481&4&178.61220340100826|24482&4&9.886029055620757|24483&4&9.886029055620757|24484&4&9.886029055620757|24485&4&9.886029055620757|24486&4&9.886029055620757|24487&4&115.92900804249236|24488&4&12.45021784192241|24489&4&12.45021784192241|24490&4&12.45021784192241|24491&4&12.45021784192241|24492&4&12.45021784192241|24493&4&12.45021784192241|24494&4&12.45021784192241|24495&4&12.45021784192241|24496&4&12.45021784192241|24497&4&1.8716767147536237|24498&4&1.8716767147536237|24499&4&2.2000000051333233|24500&4&2.2000000051333233|24501&4&2.533142863053508|24502&4&2.533142863053508|24503&4&2.871159113842211|24504&4&2.871159113842211|24505&4&3.2141031191066993|24506&4&3.2141031191066993|24507&4&16.50409597263568|24508&4&15.414743813161607|24509&4&0.6055212146682536|24511&4&0.9150939356673962|24512&4&0.9150939356673962|24513&4&1.2292761869132018|24514&4&1.2292761869132018|24515&4&1.5481196978938154|24516&4&1.5481196978938154,2|24397&4&12.45021784192241|24398&4&12.45021784192241|24399&4&12.45021784192241|24400&4&75.68875054112742|24401&4&12.45021784192241|24402&4&12.45021784192241|24403&4&18.965049897377867|24404&4&12.45021784192241|24405&4&12.45021784192241|24406&4&12.45021784192241|24407&4&41.79398831702312|24408&4&15.052313370884189|24409&4&177.89707477549217|24410&4&15.052313370884189|24411&4&149.40593976267914|24412&4&15.052313370884189|24413&4&15.052313370884189|24414&4&179.94642297381245|24415&4&147.3991909465095|24416&4&15.052313370884189|24417&4&17.69274000802679|24418&4&17.69274000802679|24419&4&17.69274000802679|24420&4&17.69274000802679|24421&4&17.69274000802679|24422&4&17.69274000802679|24423&4&51.069470056642295|24424&4&94.02085737645109|24425&4&139.55104123856003|24426&4&17.69274000802679|24427&4&20.3719263520994|24428&4&20.3719263520994|24429&4&27.898219131921376|24430&4&64.2227391121736|24431&4&20.3719263520994|24432&4&20.3719263520994|24433&4&20.3719263520994|24434&4&20.3719263520994|24435&4&227.9804836784819|24436&4&20.3719263520994|24437&4&23.09030527470769|24438&4&23.09030527470769|24439&4&23.09030527470769|24440&4&23.09030527470769|24441&4&23.09030527470769|24442&4&23.09030527470769|24443&4&123.40582137712359|24444&4&23.09030527470769|24445&4&23.09030527470769|24446&4&23.09030527470769|24447&4&25.848313960297766|24448&4&25.848313960297766|24449&4&25.848313960297766|24450&4&25.848313960297766|24451&4&114.66465859468866|24452&4&25.848313960297766|24453&4&35.10745556090956|24454&4&25.848313960297766|24455&4&124.16263053306595|24456&4&25.848313960297766|24457&4&134.7839422838125|24458&4&137.18430887960105|24459&4&93.95148503356847|24460&4&60.7248799348597|24461&4&189.59158966990887|24462&4&272.83826340930705|24463&4&220.73878067948235|24464&4&175.70612720333347|24465&4&248.56771627985609|24466&4&158.17406591750787|24467&4&4.869695179760116|24468&4&4.869695179760116|24469&4&4.869695179760116|24470&4&197.07282031384943|24471&4&4.869695179760116|24472&4&189.78842692408915|24473&4&4.869695179760116|24474&4&4.869695179760116|24475&4&4.869695179760116|24476&4&180.73591859530654|24477&4&7.359326840412472|24478&4&7.359326840412472|24479&4&7.359326840412472|24480&4&7.359326840412472|24481&4&16.663394795610056|24482&4&7.359326840412472|24483&4&7.359326840412472|24484&4&213.13780733404755|24485&4&173.013512543039|24486&4&7.359326840412472|24487&4&9.886029055620757|24488&4&142.6555874722289|24489&4&144.46144498060409|24490&4&19.691232766221145|24491&4&9.886029055620757|24492&4&9.886029055620757|24493&4&45.391215040885704|24494&4&9.886029055620757|24495&4&9.886029055620757|24496&4&9.886029055620757|24497&4&1.5481196978938154|24498&4&1.5481196978938154|24499&4&1.8716767147536237|24500&4&1.8716767147536237|24501&4&2.2000000051333233|24502&4&2.2000000051333233|24503&4&2.533142863053508|24504&4&2.533142863053508|24505&4&2.871159113842211|24506&4&2.871159113842211|24507&4&3.2141031191066993|24508&4&3.2141031191066993|24509&4&16.537919859249783|24511&4&0.6055212146682536|24512&4&0.6055212146682536|24513&4&0.9150939356673962|24514&4&0.9150939356673962|24515&4&1.2292761869132018|24516&4&1.2292761869132018,2|24397&4&9.886029055620757|24398&4&9.886029055620757|24399&4&9.886029055620757|24400&4&9.886029055620757|24401&4&9.886029055620757|24402&4&9.886029055620757|24403&4&9.886029055620757|24404&4&9.886029055620757|24405&4&9.886029055620757|24406&4&58.46959661650786|24407&4&12.45021784192241|24408&4&12.45021784192241|24409&4&12.45021784192241|24410&4&12.45021784192241|24411&4&12.45021784192241|24412&4&12.45021784192241|24413&4&12.45021784192241|24414&4&12.45021784192241|24415&4&12.45021784192241|24416&4&12.45021784192241|24417&4&15.052313370884189|24418&4&15.052313370884189|24419&4&15.052313370884189|24420&4&15.052313370884189|24421&4&15.052313370884189|24422&4&15.052313370884189|24423&4&15.052313370884189|24424&4&15.052313370884189|24425&4&15.052313370884189|24426&4&15.052313370884189|24427&4&17.69274000802679|24428&4&17.69274000802679|24429&4&17.69274000802679|24430&4&17.69274000802679|24431&4&17.69274000802679|24432&4&17.69274000802679|24433&4&85.83895204055332|24434&4&17.69274000802679|24435&4&17.69274000802679|24436&4&17.69274000802679|24437&4&20.3719263520994|24438&4&20.3719263520994|24439&4&20.3719263520994|24440&4&59.71435236433814|24441&4&20.3719263520994|24442&4&20.3719263520994|24443&4&20.3719263520994|24444&4&20.3719263520994|24445&4&20.3719263520994|24446&4&20.3719263520994|24447&4&23.09030527470769|24448&4&23.09030527470769|24449&4&23.09030527470769|24450&4&23.09030527470769|24451&4&23.09030527470769|24452&4&82.11166156424407|24453&4&23.09030527470769|24454&4&23.09030527470769|24455&4&23.09030527470769|24456&4&23.09030527470769|24457&4&25.848313960297766|24458&4&25.848313960297766|24459&4&25.848313960297766|24460&4&25.848313960297766|24461&4&25.848313960297766|24462&4&25.848313960297766|24463&4&25.848313960297766|24464&4&25.848313960297766|24465&4&25.848313960297766|24466&4&25.848313960297766|24467&4&144.21798126179155|24468&4&31.063116120078238|24469&4&119.75095117416615|24470&4&96.6011626119423|24471&4&110.70398983875256|24472&4&114.46254366910641|24473&4&151.1284216315447|24474&4&107.28773661494311|24475&4&31.063116120078238|24476&4&263.6363362158868|24477&4&4.869695179760116|24478&4&4.869695179760116|24479&4&4.869695179760116|24480&4&4.869695179760116|24481&4&4.869695179760116|24482&4&4.869695179760116|24483&4&4.869695179760116|24484&4&4.869695179760116|24485&4&4.869695179760116|24486&4&4.869695179760116|24487&4&7.359326840412472|24488&4&7.359326840412472|24489&4&7.359326840412472|24490&4&7.359326840412472|24491&4&7.359326840412472|24492&4&7.359326840412472|24493&4&7.359326840412472|24494&4&7.359326840412472|24495&4&7.359326840412472|24496&4&7.359326840412472|24497&4&1.2292761869132018|24498&4&1.2292761869132018|24499&4&1.5481196978938154|24500&4&18.27403090754015|24501&4&1.8716767147536237|24502&4&1.8716767147536237|24503&4&2.2000000051333233|24504&4&2.2000000051333233|24505&4&2.533142863053508|24506&4&2.533142863053508|24507&4&2.871159113842211|24508&4&2.871159113842211|24509&4&3.2141031191066993|24511&4&3.862536588036972|24512&4&3.862536588036972|24513&4&0.6055212146682536|24514&4&0.6055212146682536|24515&4&0.9150939356673962|24516&4&0.9150939356673962,2|24397&4&7.359326840412472|24398&4&7.359326840412472|24399&4&7.359326840412472|24400&4&7.359326840412472|24401&4&7.359326840412472|24402&4&7.359326840412472|24403&4&7.359326840412472|24404&4&7.359326840412472|24405&4&93.03754069627834|24406&4&7.359326840412472|24407&4&9.886029055620757|24408&4&9.886029055620757|24409&4&9.886029055620757|24410&4&9.886029055620757|24411&4&9.886029055620757|24412&4&9.886029055620757|24413&4&9.886029055620757|24414&4&9.886029055620757|24415&4&9.886029055620757|24416&4&9.886029055620757|24417&4&12.45021784192241|24418&4&102.72701012754393|24419&4&12.45021784192241|24420&4&12.45021784192241|24421&4&12.45021784192241|24422&4&12.45021784192241|24423&4&12.45021784192241|24424&4&12.45021784192241|24425&4&12.45021784192241|24426&4&35.757272178592586|24427&4&15.052313370884189|24428&4&15.052313370884189|24429&4&15.052313370884189|24430&4&15.052313370884189|24431&4&15.052313370884189|24432&4&15.052313370884189|24433&4&15.052313370884189|24434&4&15.052313370884189|24435&4&15.052313370884189|24436&4&15.052313370884189|24437&4&17.69274000802679|24438&4&17.69274000802679|24439&4&115.02731128849987|24440&4&17.69274000802679|24441&4&17.69274000802679|24442&4&17.69274000802679|24443&4&17.69274000802679|24444&4&17.69274000802679|24445&4&17.69274000802679|24446&4&17.69274000802679|24447&4&20.3719263520994|24448&4&20.3719263520994|24449&4&20.3719263520994|24450&4&20.3719263520994|24451&4&20.3719263520994|24452&4&20.3719263520994|24453&4&20.3719263520994|24454&4&20.3719263520994|24455&4&20.3719263520994|24456&4&20.3719263520994|24457&4&23.09030527470769|24458&4&23.09030527470769|24459&4&23.09030527470769|24460&4&23.09030527470769|24461&4&23.09030527470769|24462&4&23.09030527470769|24463&4&23.09030527470769|24464&4&23.09030527470769|24465&4&23.09030527470769|24466&4&23.09030527470769|24467&4&25.848313960297766|24468&4&25.848313960297766|24469&4&25.848313960297766|24470&4&25.848313960297766|24471&4&25.848313960297766|24472&4&25.848313960297766|24473&4&25.848313960297766|24474&4&25.848313960297766|24475&4&25.848313960297766|24476&4&25.848313960297766|24477&4&106.01396354817085|24478&4&110.11743956763908|24479&4&127.73429397183014|24480&4&125.05648545866647|24481&4&147.9558847841879|24482&4&100.42816172044999|24483&4&108.3314378359507|24484&4&147.36777597423236|24485&4&104.7504487920854|24486&4&263.6713076841968|24487&4&4.869695179760116|24488&4&4.869695179760116|24489&4&4.869695179760116|24490&4&4.869695179760116|24491&4&4.869695179760116|24492&4&4.869695179760116|24493&4&4.869695179760116|24494&4&4.869695179760116|24495&4&4.869695179760116|24496&4&4.869695179760116|24497&4&0.9150939356673962|24498&4&0.9150939356673962|24499&4&1.2292761869132018|24500&4&1.2292761869132018|24501&4&1.5481196978938154|24502&4&1.5481196978938154|24503&4&1.8716767147536237|24504&4&1.8716767147536237|24505&4&2.2000000051333233|24506&4&2.2000000051333233|24507&4&2.533142863053508|24508&4&2.533142863053508|24509&4&2.871159113842211|24511&4&12.335363308741872|24512&4&3.2141031191066993|24513&4&15.32523785327811|24514&4&10.006827691673722|24515&4&0.6055212146682536|24516&4&0.6055212146682536,2|24397&4&4.869695179760116|24398&4&4.869695179760116|24399&4&4.869695179760116|24400&4&4.869695179760116|24401&4&4.869695179760116|24402&4&4.869695179760116|24403&4&4.869695179760116|24404&4&4.869695179760116|24405&4&4.869695179760116|24406&4&4.869695179760116|24407&4&7.359326840412472|24408&4&7.359326840412472|24409&4&109.39062084908394|24410&4&7.359326840412472|24411&4&145.57576678999118|24412&4&7.359326840412472|24413&4&7.359326840412472|24414&4&65.44265107466667|24415&4&7.359326840412472|24416&4&7.359326840412472|24417&4&50.92607497098865|24418&4&9.886029055620757|24419&4&129.51984116476248|24420&4&9.886029055620757|24421&4&219.91566147438425|24422&4&9.886029055620757|24423&4&102.80631042674094|24424&4&9.886029055620757|24425&4&9.886029055620757|24426&4&9.886029055620757|24427&4&230.3878163436803|24428&4&12.45021784192241|24429&4&34.68525453490695|24430&4&12.45021784192241|24431&4&12.45021784192241|24432&4&12.45021784192241|24433&4&12.45021784192241|24434&4&12.45021784192241|24435&4&12.45021784192241|24436&4&12.45021784192241|24437&4&15.052313370884189|24438&4&52.548015495792086|24439&4&15.052313370884189|24440&4&27.494760778243368|24441&4&15.052313370884189|24442&4&15.052313370884189|24443&4&15.052313370884189|24444&4&15.052313370884189|24445&4&15.052313370884189|24446&4&15.052313370884189|24447&4&67.55192032842254|24448&4&17.69274000802679|24449&4&17.69274000802679|24450&4&17.69274000802679|24451&4&17.69274000802679|24452&4&17.69274000802679|24453&4&17.69274000802679|24454&4&17.69274000802679|24455&4&17.69274000802679|24456&4&17.69274000802679|24457&4&20.3719263520994|24458&4&20.3719263520994|24459&4&63.27392900286865|24460&4&56.47410999057996|24461&4&20.3719263520994|24462&4&20.3719263520994|24463&4&20.3719263520994|24464&4&20.3719263520994|24465&4&20.3719263520994|24466&4&20.3719263520994|24467&4&23.09030527470769|24468&4&23.09030527470769|24469&4&23.09030527470769|24470&4&23.09030527470769|24471&4&23.09030527470769|24472&4&23.09030527470769|24473&4&75.86544274700414|24474&4&125.8707322063168|24475&4&23.09030527470769|24476&4&23.09030527470769|24477&4&25.848313960297766|24478&4&67.38914448000182|24479&4&25.848313960297766|24480&4&91.85493740501639|24481&4&25.848313960297766|24482&4&25.848313960297766|24483&4&25.848313960297766|24484&4&39.82805519525254|24485&4&25.848313960297766|24486&4&25.848313960297766|24487&4&95.49291863687952|24488&4&95.43120181119514|24489&4&150.77200176976874|24490&4&112.55027729732926|24491&4&100.93096830930821|24492&4&247.49053251696918|24493&4&107.06216146608614|24494&4&31.063116120078238|24495&4&111.82961588917827|24496&4&166.50379979359843|24497&4&0.6055212146682536|24498&4&0.6055212146682536|24499&4&0.9150939356673962|24500&4&0.9150939356673962|24501&4&1.2292761869132018|24502&4&1.2292761869132018|24503&4&4.946801622558757|24504&4&6.151256206971684|24505&4&1.8716767147536237|24506&4&1.8716767147536237|24507&4&2.2000000051333233|24508&4&2.2000000051333233|24509&4&2.533142863053508|24511&4&2.871159113842211|24512&4&2.871159113842211|24513&4&3.2141031191066993|24514&4&3.2141031191066993|24515&4&12.992685931821534|24516&4&15.391691105655255
10|4,130,1,1,1,1,1,1,1,1,1,1,1,1,1,1,1,1,1,1,1,1,1,1,1,1,1,1,1,1,1,1,1,1,1,1,1,1,1,1,1,1,1,1,1,1,1,1,1,1,1,1,1,1,1,1,1,1,1,1,1,1,1,1,1,1,1,1,1,1,1,1,1,1,1,1,1,1,1,1,1,1,1,1,1,1,1,1,1,1,1,1,1,1,1,1,1,1,1,1,1,1,0,0,0,0,0,0,0,0,0,0,0,0,0,0,0,0,0,0,0,0,2|24397&4&162.67123651530287|24398&4&87.36605014864818|24399&4&254.2376803081585|24400&4&149.75157476346203|24401&4&184.77942678435684|24402&4&87.6397972874358|24403&4&146.5129350248547|24404&4&100.06170886524515|24405&4&105.48771348002111|24406&4&149.92676974336217|24407&4&134.85269193666363|24408&4&2.434847589880057|24409&4&2.434847589880057|24410&4&2.434847589880057|24411&4&2.434847589880057|24412&4&2.434847589880057|24413&4&2.434847589880057|24414&4&2.434847589880057|24415&4&2.434847589880057|24416&4&2.434847589880057|24417&4&4.9062178936083125|24418&4&4.9062178936083125|24419&4&4.9062178936083125|24420&4&4.9062178936083125|24421&4&4.9062178936083125|24422&4&4.9062178936083125|24423&4&4.9062178936083125|24424&4&4.9062178936083125|24425&4&4.9062178936083125|24426&4&4.9062178936083125|24427&4&7.414521791715566|24428&4&184.5254737912075|24429&4&7.414521791715566|24430&4&7.414521791715566|24431&4&7.414521791715566|24432&4&7.414521791715566|24433&4&7.414521791715566|24434&4&52.92312155698316|24435&4&7.414521791715566|24436&4&7.414521791715566|24437&4&9.96017427353793|24438&4&9.96017427353793|24439&4&9.96017427353793|24440&4&9.96017427353793|24441&4&9.96017427353793|24442&4&91.45853422674057|24443&4&9.96017427353793|24444&4&9.96017427353793|24445&4&9.96017427353793|24446&4&9.96017427353793|24447&4&12.543594475736825|24448&4&12.543594475736825|24449&4&12.543594475736825|24450&4&12.543594475736825|24451&4&12.543594475736825|24452&4&12.543594475736825|24453&4&12.543594475736825|24454&4&53.45503180053208|24455&4&12.543594475736825|24456&4&22.190537160584835|24457&4&15.165205721165819|24458&4&15.165205721165819|24459&4&15.165205721165819|24460&4&219.21582871604605|24461&4&15.165205721165819|24462&4&15.165205721165819|24463&4&15.165205721165819|24464&4&15.165205721165819|24465&4&15.165205721165819|24466&4&149.8473041365636|24467&4&17.825435558086973|24468&4&17.825435558086973|24469&4&17.825435558086973|24470&4&17.825435558086973|24471&4&17.825435558086973|24472&4&17.825435558086973|24473&4&17.825435558086973|24474&4&17.825435558086973|24475&4&17.825435558086973|24476&4&17.825435558086973|24477&4&20.524715799740168|24478&4&20.524715799740168|24479&4&126.48905404452321|24480&4&20.524715799740168|24481&4&20.524715799740168|24482&4&173.59983984544624|24483&4&20.524715799740168|24484&4&20.524715799740168|24485&4&20.524715799740168|24486&4&20.524715799740168|24487&4&23.26348256426798|24488&4&23.26348256426798|24489&4&23.26348256426798|24490&4&23.26348256426798|24491&4&139.11154770746248|24492&4&23.26348256426798|24493&4&23.26348256426798|24494&4&105.05239155731593|24495&4&133.92235225461275|24496&4&23.26348256426798|24497&4&15.572803931241003|24498&4&15.58912636746811|24499&4&0.30276060733412724|24500&4&0.30276060733412724|24501&4&0.6100626237782638|24502&4&0.6100626237782638|24503&4&0.921957140184901|24504&4&19.35492192525059|24505&4&1.2384957583150524|24506&4&1.2384957583150524|24507&4&1.5597305956280199|24508&4&1.5597305956280199|24509&4&1.8857142901142774|24511&4&2.2165000051718193|24512&4&2.2165000051718193|24513&4&2.5521414345264093|24514&4&2.5521414345264093|24515&4&2.8926928071960294|24516&4&2.8926928071960294,2|24397&4&23.26348256426798|24398&4&23.26348256426798|24399&4&23.26348256426798|24400&4&23.26348256426798|24401&4&23.26348256426798|24402&4&23.26348256426798|24403&4&23.26348256426798|24404&4&23.26348256426798|24405&4&23.26348256426798|24406&4&23.26348256426798|24407&4&92.32598468411426|24408&4&181.1649839745935|24409&4&102.6081405966523|24410&4&237.66257458454177|24411&4&100.92007924060498|24412&4&144.1975450883923|24413&4&156.41641290548415|24414&4&53.23291145121216|24415&4&123.21831146494333|24416&4&104.65663580648115|24417&4&71.59740584368576|24418&4&2.434847589880057|24419&4&2.434847589880057|24420&4&25.81782090704359|24421&4&2.434847589880057|24422&4&2.434847589880057|24423&4&2.434847589880057|24424&4&2.434847589880057|24425&4&2.434847589880057|24426&4&2.434847589880057|24427&4&4.9062178936083125|24428&4&4.9062178936083125|24429&4&4.9062178936083125|24430&4&4.9062178936083125|24431&4&4.9062178936083125|24432&4&4.9062178936083125|24433&4&59.9466082944865|24434&4&4.9062178936083125|24435&4&4.9062178936083125|24436&4&4.9062178936083125|24437&4&7.414521791715566|24438&4&41.48973745133883|24439&4&7.414521791715566|24440&4&7.414521791715566|24441&4&7.414521791715566|24442&4&53.18014043499088|24443&4&7.414521791715566|24444&4&7.414521791715566|24445&4&7.414521791715566|24446&4&7.414521791715566|24447&4&9.96017427353793|24448&4&9.96017427353793|24449&4&9.96017427353793|24450&4&9.96017427353793|24451&4&9.96017427353793|24452&4&9.96017427353793|24453&4&9.96017427353793|24454&4&9.96017427353793|24455&4&9.96017427353793|24456&4&9.96017427353793|24457&4&12.543594475736825|24458&4&12.543594475736825|24459&4&12.543594475736825|24460&4&12.543594475736825|24461&4&12.543594475736825|24462&4&12.543594475736825|24463&4&12.543594475736825|24464&4&43.60854885072928|24465&4&12.543594475736825|24466&4&12.543594475736825|24467&4&15.165205721165819|24468&4&67.96969297284804|24469&4&90.39722584636303|24470&4&15.165205721165819|24471&4&15.165205721165819|24472&4&64.816819791119|24473&4&15.165205721165819|24474&4&15.165205721165819|24475&4&175.39458187360245|24476&4&15.165205721165819|24477&4&160.53852250656277|24478&4&17.825435558086973|24479&4&17.825435558086973|24480&4&17.825435558086973|24481&4&17.825435558086973|24482&4&17.825435558086973|24483&4&66.91155388071594|24484&4&17.825435558086973|24485&4&17.825435558086973|24486&4&17.825435558086973|24487&4&20.524715799740168|24488&4&20.524715799740168|24489&4&20.524715799740168|24490&4&20.524715799740168|24491&4&21.404283247293957|24492&4&20.524715799740168|24493&4&72.7106935844528|24494&4&20.524715799740168|24495&4&90.96204621294001|24496&4&20.524715799740168|24497&4&2.8926928071960294|24498&4&2.8926928071960294|24499&4&13.845444144761496|24500&4&5.363627335190085|24501&4&0.30276060733412724|24502&4&0.30276060733412724|24503&4&0.6100626237782638|24504&4&0.6100626237782638|24505&4&0.921957140184901|24506&4&0.921957140184901|24507&4&1.2384957583150524|24508&4&1.2384957583150524|24509&4&1.5597305956280199|24511&4&1.8857142901142774|24512&4&14.433580305959971|24513&4&2.2165000051718193|24514&4&2.2165000051718193|24515&4&2.5521414345264093|24516&4&2.5521414345264093,2|24397&4&20.524715799740168|24398&4&20.524715799740168|24399&4&20.524715799740168|24400&4&20.524715799740168|24401&4&20.524715799740168|24402&4&96.96787378324478|24403&4&20.524715799740168|24404&4&74.89807842168467|24405&4&20.524715799740168|24406&4&20.524715799740168|24407&4&23.26348256426798|24408&4&23.26348256426798|24409&4&23.26348256426798|24410&4&105.03443450340217|24411&4&23.26348256426798|24412&4&195.62913057456203|24413&4&263.86058907609777|24414&4&23.26348256426798|24415&4&23.26348256426798|24416&4&23.26348256426798|24417&4&115.07471212048915|24418&4&125.08350462049953|24419&4&109.09619929931867|24420&4&107.25557099850302|24421&4&102.5792311177006|24422&4&162.68401189464012|24423&4&101.73032002280658|24424&4&92.09176645630608|24425&4&104.45538204834826|24426&4&126.88122988700485|24427&4&2.434847589880057|24428&4&2.434847589880057|24429&4&95.39301952718313|24430&4&2.434847589880057|24431&4&2.434847589880057|24432&4&151.1278151479987|24433&4&2.434847589880057|24434&4&115.28357156730537|24435&4&2.434847589880057|24436&4&2.434847589880057|24437&4&4.9062178936083125|24438&4&4.9062178936083125|24439&4&4.9062178936083125|24440&4&4.9062178936083125|24441&4&288.7451540949876|24442&4&4.9062178936083125|24443&4&4.9062178936083125|24444&4&4.9062178936083125|24445&4&4.9062178936083125|24446&4&4.9062178936083125|24447&4&7.414521791715566|24448&4&7.414521791715566|24449&4&7.414521791715566|24450&4&7.414521791715566|24451&4&7.414521791715566|24452&4&7.414521791715566|24453&4&7.414521791715566|24454&4&7.414521791715566|24455&4&65.39989822854457|24456&4&7.414521791715566|24457&4&9.96017427353793|24458&4&166.5844815340834|24459&4&9.96017427353793|24460&4&9.96017427353793|24461&4&9.96017427353793|24462&4&9.96017427353793|24463&4&9.96017427353793|24464&4&9.96017427353793|24465&4&9.96017427353793|24466&4&9.96017427353793|24467&4&12.543594475736825|24468&4&13.669995108596062|24469&4&223.82918950397877|24470&4&19.49539239377134|24471&4&12.543594475736825|24472&4&12.543594475736825|24473&4&12.543594475736825|24474&4&88.5010809735663|24475&4&12.543594475736825|24476&4&12.543594475736825|24477&4&15.165205721165819|24478&4&15.165205721165819|24479&4&15.165205721165819|24480&4&15.165205721165819|24481&4&15.165205721165819|24482&4&15.165205721165819|24483&4&15.165205721165819|24484&4&15.165205721165819|24485&4&89.47997505481001|24486&4&15.165205721165819|24487&4&59.6029024685591|24488&4&17.825435558086973|24489&4&17.825435558086973|24490&4&77.28370933295193|24491&4&17.825435558086973|24492&4&17.825435558086973|24493&4&17.825435558086973|24494&4&185.7173025179734|24495&4&17.825435558086973|24496&4&238.14379010145456|24497&4&2.5521414345264093|24498&4&2.5521414345264093|24499&4&2.8926928071960294|24500&4&2.8926928071960294|24501&4&14.987017114264411|24502&4&12.56481724605553|24503&4&0.30276060733412724|24504&4&0.30276060733412724|24505&4&0.6100626237782638|24506&4&0.6100626237782638|24507&4&0.921957140184901|24508&4&0.921957140184901|24509&4&1.2384957583150524|24511&4&14.472557112280175|24512&4&22.936957916576112|24513&4&1.8857142901142774|24514&4&1.8857142901142774|24515&4&2.2165000051718193|24516&4&2.2165000051718193,2|24397&4&17.825435558086973|24398&4&17.825435558086973|24399&4&17.825435558086973|24400&4&17.825435558086973|24401&4&17.825435558086973|24402&4&17.825435558086973|24403&4&17.825435558086973|24404&4&17.825435558086973|24405&4&17.825435558086973|24406&4&17.825435558086973|24407&4&20.524715799740168|24408&4&180.49489766000107|24409&4&20.524715799740168|24410&4&20.524715799740168|24411&4&20.524715799740168|24412&4&20.524715799740168|24413&4&20.524715799740168|24414&4&20.524715799740168|24415&4&20.524715799740168|24416&4&20.524715799740168|24417&4&23.26348256426798|24418&4&23.26348256426798|24419&4&23.26348256426798|24420&4&23.26348256426798|24421&4&23.26348256426798|24422&4&23.26348256426798|24423&4&23.26348256426798|24424&4&23.26348256426798|24425&4&23.26348256426798|24426&4&143.93751993987692|24427&4&87.00349250364464|24428&4&129.54944152185874|24429&4&85.14780253368212|24430&4&117.34921620272152|24431&4&85.54763546161983|24432&4&123.75233034063642|24433&4&86.13604251305244|24434&4&116.63996576687461|24435&4&115.97270934056638|24436&4&229.8120997602547|24437&4&2.434847589880057|24438&4&2.434847589880057|24439&4&2.434847589880057|24440&4&2.434847589880057|24441&4&2.434847589880057|24442&4&2.434847589880057|24443&4&2.434847589880057|24444&4&2.434847589880057|24445&4&2.434847589880057|24446&4&2.434847589880057|24447&4&4.9062178936083125|24448&4&4.9062178936083125|24449&4&4.9062178936083125|24450&4&4.9062178936083125|24451&4&4.9062178936083125|24452&4&4.9062178936083125|24453&4&4.9062178936083125|24454&4&4.9062178936083125|24455&4&4.9062178936083125|24456&4&4.9062178936083125|24457&4&7.414521791715566|24458&4&7.414521791715566|24459&4&7.414521791715566|24460&4&7.414521791715566|24461&4&7.414521791715566|24462&4&7.414521791715566|24463&4&7.414521791715566|24464&4&7.414521791715566|24465&4&7.414521791715566|24466&4&7.414521791715566|24467&4&9.96017427353793|24468&4&9.96017427353793|24469&4&9.96017427353793|24470&4&9.96017427353793|24471&4&9.96017427353793|24472&4&9.96017427353793|24473&4&9.96017427353793|24474&4&9.96017427353793|24475&4&9.96017427353793|24476&4&9.96017427353793|24477&4&12.543594475736825|24478&4&12.543594475736825|24479&4&49.78431506745149|24480&4&12.543594475736825|24481&4&12.543594475736825|24482&4&12.543594475736825|24483&4&12.543594475736825|24484&4&12.543594475736825|24485&4&12.543594475736825|24486&4&12.543594475736825|24487&4&15.165205721165819|24488&4&15.165205721165819|24489&4&15.165205721165819|24490&4&15.165205721165819|24491&4&15.165205721165819|24492&4&15.165205721165819|24493&4&15.165205721165819|24494&4&15.165205721165819|24495&4&15.165205721165819|24496&4&15.165205721165819|24497&4&2.2165000051718193|24498&4&2.2165000051718193|24499&4&2.5521414345264093|24500&4&2.5521414345264093|24501&4&2.8926928071960294|24502&4&2.8926928071960294|24503&4&11.59439332402862|24504&4&8.49805754618448|24505&4&0.30276060733412724|24506&4&0.30276060733412724|24507&4&0.6100626237782638|24508&4&0.6100626237782638|24509&4&0.921957140184901|24511&4&1.2384957583150524|24512&4&1.2384957583150524|24513&4&1.5597305956280199|24514&4&1.5597305956280199|24515&4&1.8857142901142774|24516&4&1.8857142901142774,2|24397&4&97.1618383162438|24398&4&67.251360915547|24399&4&15.165205721165819|24400&4&43.04148184332344|24401&4&15.165205721165819|24402&4&15.165205721165819|24403&4&15.165205721165819|24404&4&64.5096659021591|24405&4&15.165205721165819|24406&4&15.165205721165819|24407&4&17.825435558086973|24408&4&17.825435558086973|24409&4&17.825435558086973|24410&4&17.825435558086973|24411&4&17.825435558086973|24412&4&17.825435558086973|24413&4&17.825435558086973|24414&4&17.825435558086973|24415&4&17.825435558086973|24416&4&52.28895701308385|24417&4&20.524715799740168|24418&4&47.72192532194934|24419&4&20.524715799740168|24420&4&50.202114073194|24421&4&20.524715799740168|24422&4&20.524715799740168|24423&4&20.524715799740168|24424&4&113.46620380231153|24425&4&20.524715799740168|24426&4&20.524715799740168|24427&4&23.26348256426798|24428&4&23.26348256426798|24429&4&23.26348256426798|24430&4&23.26348256426798|24431&4&220.06110531120606|24432&4&23.26348256426798|24433&4&23.26348256426798|24434&4&23.26348256426798|24435&4&23.26348256426798|24436&4&23.26348256426798|24437&4&187.67204281992824|24438&4&110.59226422476124|24439&4&102.71430884492001|24440&4&107.36487278301037|24441&4&100.71758601889877|24442&4&89.48055297203204|24443&4&151.9092474809437|24444&4&93.35121578702147|24445&4&237.03009298572698|24446&4&258.66598541744276|24447&4&2.434847589880057|24448&4&2.434847589880057|24449&4&2.434847589880057|24450&4&2.434847589880057|24451&4&133.3784841767428|24452&4&2.434847589880057|24453&4&2.434847589880057|24454&4&2.434847589880057|24455&4&2.434847589880057|24456&4&2.434847589880057|24457&4&4.9062178936083125|24458&4&4.9062178936083125|24459&4&4.9062178936083125|24460&4&4.9062178936083125|24461&4&4.9062178936083125|24462&4&20.58746806073911|24463&4&4.9062178936083125|24464&4&4.9062178936083125|24465&4&4.9062178936083125|24466&4&4.9062178936083125|24467&4&252.5248530264805|24468&4&7.414521791715566|24469&4&7.414521791715566|24470&4&7.414521791715566|24471&4&7.414521791715566|24472&4&7.414521791715566|24473&4&7.414521791715566|24474&4&7.414521791715566|24475&4&7.414521791715566|24476&4&7.414521791715566|24477&4&9.96017427353793|24478&4&9.96017427353793|24479&4&9.96017427353793|24480&4&9.96017427353793|24481&4&9.96017427353793|24482&4&69.16586769104165|24483&4&142.3157757636459|24484&4&9.96017427353793|24485&4&9.96017427353793|24486&4&9.96017427353793|24487&4&12.543594475736825|24488&4&12.543594475736825|24489&4&12.543594475736825|24490&4&12.543594475736825|24491&4&45.720346889005924|24492&4&12.543594475736825|24493&4&12.543594475736825|24494&4&12.543594475736825|24495&4&12.543594475736825|24496&4&12.543594475736825|24497&4&1.8857142901142774|24498&4&1.8857142901142774|24499&4&6.561962597896605|24500&4&2.2165000051718193|24501&4&2.5521414345264093|24502&4&2.5521414345264093|24503&4&2.8926928071960294|24504&4&2.8926928071960294|24505&4&12.549400650367927|24506&4&13.910297275800279|24507&4&0.30276060733412724|24508&4&0.30276060733412724|24509&4&0.6100626237782638|24511&4&0.921957140184901|24512&4&0.921957140184901|24513&4&1.2384957583150524|24514&4&13.743902133979729|24515&4&1.5597305956280199|24516&4&1.5597305956280199,2|24397&4&12.543594475736825|24398&4&52.39543215697306|24399&4&12.543594475736825|24400&4&12.543594475736825|24401&4&12.543594475736825|24402&4&162.39299702203263|24403&4&153.86968012939124|24404&4&12.543594475736825|24405&4&12.543594475736825|24406&4&12.543594475736825|24407&4&15.165205721165819|24408&4&15.165205721165819|24409&4&15.165205721165819|24410&4&15.165205721165819|24411&4&15.165205721165819|24412&4&15.165205721165819|24413&4&15.165205721165819|24414&4&15.165205721165819|24415&4&15.165205721165819|24416&4&224.65506613891242|24417&4&17.825435558086973|24418&4&17.825435558086973|24419&4&17.825435558086973|24420&4&17.825435558086973|24421&4&17.825435558086973|24422&4&17.825435558086973|24423&4&17.825435558086973|24424&4&17.825435558086973|24425&4&17.825435558086973|24426&4&17.825435558086973|24427&4&20.524715799740168|24428&4&20.524715799740168|24429&4&20.524715799740168|24430&4&20.524715799740168|24431&4&20.524715799740168|24432&4&20.524715799740168|24433&4&20.524715799740168|24434&4&20.524715799740168|24435&4&20.524715799740168|24436&4&20.524715799740168|24437&4&23.26348256426798|24438&4&23.26348256426798|24439&4&23.26348256426798|24440&4&23.26348256426798|24441&4&23.26348256426798|24442&4&23.26348256426798|24443&4&23.26348256426798|24444&4&154.47798196604452|24445&4&23.26348256426798|24446&4&23.26348256426798|24447&4&102.55196241455836|24448&4&116.51333625877568|24449&4&278.29447659649435|24450&4&149.9795893105833|24451&4&133.9534156093941|24452&4&187.15067449036607|24453&4&149.9250290227453|24454&4&151.75847266897628|24455&4&112.13638083806066|24456&4&142.01303080953355|24457&4&2.434847589880057|24458&4&2.434847589880057|24459&4&2.434847589880057|24460&4&2.434847589880057|24461&4&2.434847589880057|24462&4&2.434847589880057|24463&4&2.434847589880057|24464&4&2.434847589880057|24465&4&2.434847589880057|24466&4&2.434847589880057|24467&4&4.9062178936083125|24468&4&231.34599661240662|24469&4&4.9062178936083125|24470&4&4.9062178936083125|24471&4&260.08877091402746|24472&4&4.9062178936083125|24473&4&4.9062178936083125|24474&4&4.9062178936083125|24475&4&70.83532527605644|24476&4&4.9062178936083125|24477&4&7.414521791715566|24478&4&7.414521791715566|24479&4&7.414521791715566|24480&4&7.414521791715566|24481&4&200.72896421098145|24482&4&7.414521791715566|24483&4&7.414521791715566|24484&4&7.414521791715566|24485&4&7.414521791715566|24486&4&7.414521791715566|24487&4&169.16288032226205|24488&4&9.96017427353793|24489&4&9.96017427353793|24490&4&9.96017427353793|24491&4&9.96017427353793|24492&4&9.96017427353793|24493&4&9.96017427353793|24494&4&9.96017427353793|24495&4&9.96017427353793|24496&4&9.96017427353793|24497&4&1.5597305956280199|24498&4&1.5597305956280199|24499&4&1.8857142901142774|24500&4&1.8857142901142774|24501&4&2.2165000051718193|24502&4&2.2165000051718193|24503&4&2.5521414345264093|24504&4&2.5521414345264093|24505&4&2.8926928071960294|24506&4&2.8926928071960294|24507&4&14.930720933688498|24508&4&13.919190670187465|24509&4&0.30276060733412724|24511&4&0.6100626237782638|24512&4&0.6100626237782638|24513&4&0.921957140184901|24514&4&0.921957140184901|24515&4&1.2384957583150524|24516&4&1.2384957583150524,2|24397&4&9.96017427353793|24398&4&9.96017427353793|24399&4&9.96017427353793|24400&4&69.87036314646899|24401&4&9.96017427353793|24402&4&9.96017427353793|24403&4&16.091780913966595|24404&4&9.96017427353793|24405&4&9.96017427353793|24406&4&9.96017427353793|24407&4&91.57935680819399|24408&4&12.543594475736825|24409&4&166.98899960540768|24410&4&12.543594475736825|24411&4&201.45787582772476|24412&4&12.543594475736825|24413&4&12.543594475736825|24414&4&221.37089572388595|24415&4&152.98478018722687|24416&4&12.543594475736825|24417&4&15.165205721165819|24418&4&15.165205721165819|24419&4&15.165205721165819|24420&4&15.165205721165819|24421&4&15.165205721165819|24422&4&15.165205721165819|24423&4&46.78526576722261|24424&4&141.66518764441793|24425&4&167.0768890058037|24426&4&15.165205721165819|24427&4&17.825435558086973|24428&4&17.825435558086973|24429&4&109.91976323846056|24430&4&59.36831080447305|24431&4&17.825435558086973|24432&4&17.825435558086973|24433&4&17.825435558086973|24434&4&17.825435558086973|24435&4&245.7270610426411|24436&4&17.825435558086973|24437&4&20.524715799740168|24438&4&20.524715799740168|24439&4&20.524715799740168|24440&4&20.524715799740168|24441&4&20.524715799740168|24442&4&20.524715799740168|24443&4&166.534200915488|24444&4&20.524715799740168|24445&4&20.524715799740168|24446&4&20.524715799740168|24447&4&23.26348256426798|24448&4&23.26348256426798|24449&4&23.26348256426798|24450&4&23.26348256426798|24451&4&107.40528274421723|24452&4&23.26348256426798|24453&4&31.977968776608492|24454&4&23.26348256426798|24455&4&116.2572307029977|24456&4&23.26348256426798|24457&4&121.85069210462166|24458&4&124.0299662692281|24459&4&83.90283887735778|24460&4&53.23212647854969|24461&4&173.43775533002264|24462&4&253.12983592010036|24463&4&298.50944904156006|24464&4&204.40040287950026|24465&4&229.56461497417632|24466&4&143.51931562195864|24467&4&2.434847589880057|24468&4&2.434847589880057|24469&4&2.434847589880057|24470&4&232.41018495658773|24471&4&2.434847589880057|24472&4&177.60393831549004|24473&4&2.434847589880057|24474&4&2.434847589880057|24475&4&2.434847589880057|24476&4&244.28264397626648|24477&4&4.9062178936083125|24478&4&4.9062178936083125|24479&4&4.9062178936083125|24480&4&4.9062178936083125|24481&4&13.662987733794273|24482&4&4.9062178936083125|24483&4&4.9062178936083125|24484&4&253.8136549405375|24485&4&218.8098656294207|24486&4&4.9062178936083125|24487&4&7.414521791715566|24488&4&140.99284644042464|24489&4&197.6777070716909|24490&4&17.825964077817343|24491&4&7.414521791715566|24492&4&7.414521791715566|24493&4&64.31808081394522|24494&4&7.414521791715566|24495&4&7.414521791715566|24496&4&7.414521791715566|24497&4&1.2384957583150524|24498&4&1.2384957583150524|24499&4&1.5597305956280199|24500&4&1.5597305956280199|24501&4&1.8857142901142774|24502&4&1.8857142901142774|24503&4&2.2165000051718193|24504&4&2.2165000051718193|24505&4&2.5521414345264093|24506&4&2.5521414345264093|24507&4&2.8926928071960294|24508&4&2.8926928071960294|24509&4&14.961966243783081|24511&4&0.30276060733412724|24512&4&0.30276060733412724|24513&4&0.6100626237782638|24514&4&0.6100626237782638|24515&4&0.921957140184901|24516&4&0.921957140184901,2|24397&4&7.414521791715566|24398&4&7.414521791715566|24399&4&7.414521791715566|24400&4&7.414521791715566|24401&4&7.414521791715566|24402&4&7.414521791715566|24403&4&7.414521791715566|24404&4&7.414521791715566|24405&4&7.414521791715566|24406&4&109.4545895406019|24407&4&9.96017427353793|24408&4&9.96017427353793|24409&4&9.96017427353793|24410&4&9.96017427353793|24411&4&9.96017427353793|24412&4&9.96017427353793|24413&4&9.96017427353793|24414&4&9.96017427353793|24415&4&9.96017427353793|24416&4&9.96017427353793|24417&4&12.543594475736825|24418&4&12.543594475736825|24419&4&12.543594475736825|24420&4&12.543594475736825|24421&4&12.543594475736825|24422&4&12.543594475736825|24423&4&12.543594475736825|24424&4&12.543594475736825|24425&4&12.543594475736825|24426&4&12.543594475736825|24427&4&15.165205721165819|24428&4&15.165205721165819|24429&4&15.165205721165819|24430&4&15.165205721165819|24431&4&15.165205721165819|24432&4&15.165205721165819|24433&4&130.1526224185032|24434&4&15.165205721165819|24435&4&15.165205721165819|24436&4&15.165205721165819|24437&4&17.825435558086973|24438&4&17.825435558086973|24439&4&17.825435558086973|24440&4&54.16500055982002|24441&4&17.825435558086973|24442&4&17.825435558086973|24443&4&17.825435558086973|24444&4&17.825435558086973|24445&4&17.825435558086973|24446&4&17.825435558086973|24447&4&20.524715799740168|24448&4&42.42025483317033|24449&4&20.524715799740168|24450&4&20.524715799740168|24451&4&20.524715799740168|24452&4&75.14795460259383|24453&4&20.524715799740168|24454&4&20.524715799740168|24455&4&20.524715799740168|24456&4&20.524715799740168|24457&4&23.26348256426798|24458&4&23.26348256426798|24459&4&71.99906157294717|24460&4&23.26348256426798|24461&4&23.26348256426798|24462&4&23.26348256426798|24463&4&23.26348256426798|24464&4&23.26348256426798|24465&4&23.26348256426798|24466&4&23.26348256426798|24467&4&130.61924580509532|24468&4&26.042176315000017|24469&4&107.86716791455865|24470&4&86.34863964768988|24471&4&99.44098545559862|24472&4&102.93146263342332|24473&4&136.9958571227426|24474&4&96.3010774460123|24475&4&26.042176315000017|24476&4&243.0058635750452|24477&4&2.434847589880057|24478&4&2.434847589880057|24479&4&2.434847589880057|24480&4&2.434847589880057|24481&4&2.434847589880057|24482&4&2.434847589880057|24483&4&2.434847589880057|24484&4&2.434847589880057|24485&4&2.434847589880057|24486&4&2.434847589880057|24487&4&4.9062178936083125|24488&4&4.9062178936083125|24489&4&4.9062178936083125|24490&4&4.9062178936083125|24491&4&4.9062178936083125|24492&4&4.9062178936083125|24493&4&4.9062178936083125|24494&4&4.9062178936083125|24495&4&4.9062178936083125|24496&4&4.9062178936083125|24497&4&0.921957140184901|24498&4&0.921957140184901|24499&4&1.2384957583150524|24500&4&16.775516042980062|24501&4&1.5597305956280199|24502&4&1.5597305956280199|24503&4&1.8857142901142774|24504&4&1.8857142901142774|24505&4&2.2165000051718193|24506&4&2.2165000051718193|24507&4&2.5521414345264093|24508&4&2.5521414345264093|24509&4&2.8926928071960294|24511&4&3.238208892499998|24512&4&3.238208892499998|24513&4&0.30276060733412724|24514&4&0.30276060733412724|24515&4&0.6100626237782638|24516&4&0.6100626237782638,2|24397&4&4.9062178936083125|24398&4&4.9062178936083125|24399&4&4.9062178936083125|24400&4&4.9062178936083125|24401&4&4.9062178936083125|24402&4&4.9062178936083125|24403&4&4.9062178936083125|24404&4&52.00370699156615|24405&4&133.46459221972125|24406&4&4.9062178936083125|24407&4&7.414521791715566|24408&4&7.414521791715566|24409&4&7.414521791715566|24410&4&7.414521791715566|24411&4&7.414521791715566|24412&4&7.414521791715566|24413&4&7.414521791715566|24414&4&7.414521791715566|24415&4&7.414521791715566|24416&4&7.414521791715566|24417&4&33.86780936330412|24418&4&143.51830919711125|24419&4&9.96017427353793|24420&4&9.96017427353793|24421&4&9.96017427353793|24422&4&9.96017427353793|24423&4&9.96017427353793|24424&4&9.96017427353793|24425&4&9.96017427353793|24426&4&31.896225413933394|24427&4&12.543594475736825|24428&4&12.543594475736825|24429&4&12.543594475736825|24430&4&148.96025629124432|24431&4&12.543594475736825|24432&4&12.543594475736825|24433&4&12.543594475736825|24434&4&12.543594475736825|24435&4&12.543594475736825|24436&4&12.543594475736825|24437&4&15.165205721165819|24438&4&15.165205721165819|24439&4&127.2342149730858|24440&4&15.165205721165819|24441&4&15.165205721165819|24442&4&15.165205721165819|24443&4&15.165205721165819|24444&4&15.165205721165819|24445&4&15.165205721165819|24446&4&15.165205721165819|24447&4&17.825435558086973|24448&4&17.825435558086973|24449&4&17.825435558086973|24450&4&119.4500548068703|24451&4&17.825435558086973|24452&4&17.825435558086973|24453&4&87.10931421777633|24454&4&17.825435558086973|24455&4&17.825435558086973|24456&4&17.825435558086973|24457&4&20.524715799740168|24458&4&20.524715799740168|24459&4&20.524715799740168|24460&4&20.524715799740168|24461&4&20.524715799740168|24462&4&20.524715799740168|24463&4&20.524715799740168|24464&4&20.524715799740168|24465&4&20.524715799740168|24466&4&20.524715799740168|24467&4&23.26348256426798|24468&4&23.26348256426798|24469&4&23.26348256426798|24470&4&23.26348256426798|24471&4&23.26348256426798|24472&4&23.26348256426798|24473&4&23.26348256426798|24474&4&23.26348256426798|24475&4&23.26348256426798|24476&4&23.26348256426798|24477&4&95.0857680532267|24478&4&98.97805793994479|24479&4&115.25496335466389|24480&4&112.76623022090132|24481&4&134.03098871753159|24482&4&89.88130417592909|24483&4&97.30727277336837|24484&4&133.54051645198797|24485&4&93.97395055801515|24486&4&242.99933351302604|24487&4&2.434847589880057|24488&4&2.434847589880057|24489&4&2.434847589880057|24490&4&2.434847589880057|24491&4&2.434847589880057|24492&4&2.434847589880057|24493&4&2.434847589880057|24494&4&2.434847589880057|24495&4&2.434847589880057|24496&4&2.434847589880057|24497&4&0.6100626237782638|24498&4&0.6100626237782638|24499&4&0.921957140184901|24500&4&0.921957140184901|24501&4&1.2384957583150524|24502&4&1.2384957583150524|24503&4&1.5597305956280199|24504&4&1.5597305956280199|24505&4&1.8857142901142774|24506&4&1.8857142901142774|24507&4&2.2165000051718193|24508&4&2.2165000051718193|24509&4&2.5521414345264093|24511&4&11.31646370832943|24512&4&2.8926928071960294|24513&4&13.835911837344337|24514&4&8.897339916424365|24515&4&0.30276060733412724|24516&4&0.30276060733412724,2|24397&4&2.434847589880057|24398&4&2.434847589880057|24399&4&2.434847589880057|24400&4&2.434847589880057|24401&4&2.434847589880057|24402&4&2.434847589880057|24403&4&2.434847589880057|24404&4&2.434847589880057|24405&4&2.434847589880057|24406&4&2.434847589880057|24407&4&4.9062178936083125|24408&4&4.9062178936083125|24409&4&100.93567107824028|24410&4&4.9062178936083125|24411&4&134.85617913833147|24412&4&4.9062178936083125|24413&4&4.9062178936083125|24414&4&58.640959838043386|24415&4&4.9062178936083125|24416&4&4.9062178936083125|24417&4&46.294565290485146|24418&4&7.414521791715566|24419&4&164.98660869943774|24420&4&7.414521791715566|24421&4&259.804714618857|24422&4&7.414521791715566|24423&4&118.1871045629502|24424&4&7.414521791715566|24425&4&7.414521791715566|24426&4&7.414521791715566|24427&4&216.3680039475144|24428&4&9.96017427353793|24429&4&30.60699405988072|24430&4&9.96017427353793|24431&4&9.96017427353793|24432&4&9.96017427353793|24433&4&9.96017427353793|24434&4&9.96017427353793|24435&4&9.96017427353793|24436&4&9.96017427353793|24437&4&12.543594475736825|24438&4&48.06583859407063|24439&4&12.543594475736825|24440&4&24.254133212074876|24441&4&12.543594475736825|24442&4&12.543594475736825|24443&4&12.543594475736825|24444&4&12.543594475736825|24445&4&12.543594475736825|24446&4&12.543594475736825|24447&4&74.26273217814966|24448&4&15.165205721165819|24449&4&15.165205721165819|24450&4&15.165205721165819|24451&4&15.165205721165819|24452&4&15.165205721165819|24453&4&15.165205721165819|24454&4&15.165205721165819|24455&4&15.165205721165819|24456&4&100.01121756804451|24457&4&144.31635302969207|24458&4&17.825435558086973|24459&4&57.66300944808699|24460&4&51.15052814745364|24461&4&80.76694368430114|24462&4&17.825435558086973|24463&4&17.825435558086973|24464&4&17.825435558086973|24465&4&17.825435558086973|24466&4&17.825435558086973|24467&4&20.524715799740168|24468&4&20.524715799740168|24469&4&20.524715799740168|24470&4&20.524715799740168|24471&4&20.524715799740168|24472&4&20.524715799740168|24473&4&70.4318529089457|24474&4&117.89564657705407|24475&4&20.524715799740168|24476&4&20.524715799740168|24477&4&23.26348256426798|24478&4&62.3607348181071|24479&4&23.26348256426798|24480&4&134.4611544069963|24481&4&23.26348256426798|24482&4&23.26348256426798|24483&4&23.26348256426798|24484&4&36.42088607951953|24485&4&23.26348256426798|24486&4&53.15115915781195|24487&4&85.32570066502953|24488&4&85.26859763576113|24489&4&136.6649487659127|24490&4&101.20525982521946|24491&4&90.34537705624476|24492&4&260.85377621401443|24493&4&96.08260548874368|24494&4&26.042176315000017|24495&4&100.52392042834029|24496&4&151.5038456761115|24497&4&0.30276060733412724|24498&4&0.30276060733412724|24499&4&0.6100626237782638|24500&4&0.6100626237782638|24501&4&0.921957140184901|24502&4&0.921957140184901|24503&4&11.720880457234344|24504&4&5.5128368024587875|24505&4&1.5597305956280199|24506&4&1.5597305956280199|24507&4&1.8857142901142774|24508&4&1.8857142901142774|24509&4&2.2165000051718193|24511&4&2.5521414345264093|24512&4&2.5521414345264093|24513&4&2.8926928071960294|24514&4&2.8926928071960294|24515&4&11.67019695455344|24516&4&13.897703937636601
11|4,130,1,1,1,1,1,1,1,1,1,1,1,1,1,1,1,1,1,1,1,1,1,1,1,1,1,1,1,1,1,1,1,1,1,1,1,1,1,1,1,1,1,1,1,1,1,1,1,1,1,1,1,1,1,1,1,1,1,1,1,1,1,1,1,1,1,1,1,1,1,1,1,1,1,1,1,1,1,1,1,1,1,1,1,1,1,1,1,1,1,1,1,1,1,1,1,1,1,1,1,1,0,0,0,0,0,0,0,0,0,0,0,0,0,0,0,0,0,0,0,0,2|24397&4&197.14656178770127|24398&4&79.45866628192965|24399&4&289.5575857264769|24400&4&137.2451103403377|24401&4&251.73730754505493|24402&4&79.78835921787618|24403&4&134.02629742006397|24404&4&91.17983327595525|24405&4&96.15673170860647|24406&4&137.33719791378786|24407&4&123.96285187864629|24408&4&-2.6645352591003757E-15|24409&4&-2.6645352591003757E-15|24410&4&-2.6645352591003757E-15|24411&4&-2.6645352591003757E-15|24412&4&-2.6645352591003757E-15|24413&4&-2.6645352591003757E-15|24414&4&-2.6645352591003757E-15|24415&4&-2.6645352591003757E-15|24416&4&-2.6645352591003757E-15|24417&4&2.4531089468041527|24418&4&2.4531089468041527|24419&4&2.4531089468041527|24420&4&2.4531089468041527|24421&4&2.4531089468041527|24422&4&2.4531089468041527|24423&4&2.4531089468041527|24424&4&2.4531089468041527|24425&4&2.4531089468041527|24426&4&2.4531089468041527|24427&4&4.943014527810375|24428&4&208.28054319407318|24429&4&4.943014527810375|24430&4&4.943014527810375|24431&4&4.943014527810375|24432&4&4.943014527810375|24433&4&4.943014527810375|24434&4&48.0564248317481|24435&4&4.943014527810375|24436&4&4.943014527810375|24437&4&7.4701307051534505|24438&4&7.4701307051534505|24439&4&7.4701307051534505|24440&4&7.4701307051534505|24441&4&7.4701307051534505|24442&4&84.55000397265101|24443&4&7.4701307051534505|24444&4&7.4701307051534505|24445&4&7.4701307051534505|24446&4&7.4701307051534505|24447&4&10.03487558058946|24448&4&10.03487558058946|24449&4&10.03487558058946|24450&4&10.03487558058946|24451&4&10.03487558058946|24452&4&10.03487558058946|24453&4&10.03487558058946|24454&4&48.793079361974435|24455&4&10.03487558058946|24456&4&19.14587700516814|24457&4&12.637671434304849|24458&4&12.637671434304849|24459&4&12.637671434304849|24460&4&230.21512724644353|24461&4&12.637671434304849|24462&4&12.637671434304849|24463&4&12.637671434304849|24464&4&12.637671434304849|24465&4&12.637671434304849|24466&4&203.7595330757039|24467&4&15.278944764074545|24468&4&15.278944764074545|24469&4&15.278944764074545|24470&4&15.278944764074545|24471&4&15.278944764074545|24472&4&15.278944764074545|24473&4&15.278944764074545|24474&4&15.278944764074545|24475&4&15.278944764074545|24476&4&15.278944764074545|24477&4&17.959126324772647|24478&4&17.959126324772647|24479&4&118.20948448477063|24480&4&17.959126324772647|24481&4&17.959126324772647|24482&4&217.74204140203955|24483&4&17.959126324772647|24484&4&17.959126324772647|24485&4&17.959126324772647|24486&4&17.959126324772647|24487&4&20.678651168238204|24488&4&20.678651168238204|24489&4&20.678651168238204|24490&4&20.678651168238204|24491&4&130.09071269236637|24492&4&20.678651168238204|24493&4&20.678651168238204|24494&4&95.58017547260735|24495&4&156.6870841093101|24496&4&20.678651168238204|24497&4&14.260791464176517|24498&4&14.270078235096694|24499&4&8.881784197001252E-16|24500&4&8.881784197001252E-16|24501&4&0.3050313118891315|24502&4&0.3050313118891315|24503&4&0.6146380934566003|24504&4&25.438743548412624|24505&4&0.9288718187362893|24506&4&0.9288718187362893|24507&4&1.247784476502416|24508&4&1.247784476502416|24509&4&1.5714285750952315|24511&4&1.8998571472901307|24512&4&1.8998571472901307|24513&4&2.233123755210608|24514&4&2.233123755210608|24515&4&2.5712824952853595|24516&4&2.5712824952853595,2|24397&4&20.678651168238204|24398&4&123.60244564552623|24399&4&20.678651168238204|24400&4&20.678651168238204|24401&4&20.678651168238204|24402&4&20.678651168238204|24403&4&20.678651168238204|24404&4&20.678651168238204|24405&4&20.678651168238204|24406&4&20.678651168238204|24407&4&84.02798157131846|24408&4&166.76837701408925|24409&4&93.563574310888|24410&4&306.9178037595368|24411&4&91.95975732752996|24412&4&132.11097127762554|24413&4&143.3119117331269|24414&4&48.15680880732924|24415&4&112.54261209472287|24416&4&95.40984939607748|24417&4&64.83989836294285|24418&4&-2.6645352591003757E-15|24419&4&-2.6645352591003757E-15|24420&4&21.921537484840808|24421&4&-2.6645352591003757E-15|24422&4&-2.6645352591003757E-15|24423&4&-2.6645352591003757E-15|24424&4&-2.6645352591003757E-15|24425&4&-2.6645352591003757E-15|24426&4&-2.6645352591003757E-15|24427&4&2.4531089468041527|24428&4&2.4531089468041527|24429&4&2.4531089468041527|24430&4&2.4531089468041527|24431&4&2.4531089468041527|24432&4&2.4531089468041527|24433&4&54.059005705156544|24434&4&2.4531089468041527|24435&4&2.4531089468041527|24436&4&2.4531089468041527|24437&4&4.943014527810375|24438&4&36.88852920870719|24439&4&4.943014527810375|24440&4&4.943014527810375|24441&4&4.943014527810375|24442&4&99.92949748012069|24443&4&4.943014527810375|24444&4&4.943014527810375|24445&4&4.943014527810375|24446&4&4.943014527810375|24447&4&7.4701307051534505|24448&4&7.4701307051534505|24449&4&7.4701307051534505|24450&4&7.4701307051534505|24451&4&7.4701307051534505|24452&4&7.4701307051534505|24453&4&7.4701307051534505|24454&4&7.4701307051534505|24455&4&7.4701307051534505|24456&4&7.4701307051534505|24457&4&10.03487558058946|24458&4&10.03487558058946|24459&4&10.03487558058946|24460&4&10.03487558058946|24461&4&98.57097353445488|24462&4&87.43679277764944|24463&4&10.03487558058946|24464&4&39.15827030714489|24465&4&10.03487558058946|24466&4&10.03487558058946|24467&4&112.34895835786298|24468&4&60.83579433064831|24469&4&83.16769030167724|24470&4&12.637671434304849|24471&4&12.637671434304849|24472&4&158.8592389134017|24473&4&12.637671434304849|24474&4&12.637671434304849|24475&4&160.67578803490014|24476&4&12.637671434304849|24477&4&211.883570614197|24478&4&15.278944764074545|24479&4&15.278944764074545|24480&4&15.278944764074545|24481&4&15.278944764074545|24482&4&15.278944764074545|24483&4&61.57602689522255|24484&4&15.278944764074545|24485&4&15.278944764074545|24486&4&15.278944764074545|24487&4&17.959126324772647|24488&4&17.959126324772647|24489&4&17.959126324772647|24490&4&17.959126324772647|24491&4&18.783720806854326|24492&4&17.959126324772647|24493&4&66.88348049794075|24494&4&17.959126324772647|24495&4&83.9941235871475|24496&4&17.959126324772647|24497&4&2.5712824952853595|24498&4&2.5712824952853595|24499&4&12.656576028890843|24500&4&4.846586587513713|24501&4&8.881784197001252E-16|24502&4&8.881784197001252E-16|24503&4&0.3050313118891315|24504&4&0.3050313118891315|24505&4&0.6146380934566003|24506&4&0.6146380934566003|24507&4&0.9288718187362893|24508&4&0.9288718187362893|24509&4&1.247784476502416|24511&4&1.5714285750952315|24512&4&13.127732994575776|24513&4&1.8998571472901307|24514&4&1.8998571472901307|24515&4&2.233123755210608|24516&4&2.233123755210608,2|24397&4&17.959126324772647|24398&4&17.959126324772647|24399&4&17.959126324772647|24400&4&17.959126324772647|24401&4&17.959126324772647|24402&4&89.62458693430824|24403&4&17.959126324772647|24404&4&69.31174657883135|24405&4&17.959126324772647|24406&4&17.959126324772647|24407&4&20.678651168238204|24408&4&20.678651168238204|24409&4&20.678651168238204|24410&4&97.33891861117651|24411&4&20.678651168238204|24412&4&183.8517053062894|24413&4&248.51148619365654|24414&4&20.678651168238204|24415&4&20.678651168238204|24416&4&20.678651168238204|24417&4&105.027203721675|24418&4&115.13410406335731|24419&4&99.50918840346515|24420&4&97.81240586822815|24421&4&93.5262305099499|24422&4&149.51520576515833|24423&4&93.02564544287264|24424&4&83.81280694452974|24425&4&95.25640952759386|24426&4&115.92325336503441|24427&4&-2.6645352591003757E-15|24428&4&-2.6645352591003757E-15|24429&4&87.17813739648513|24430&4&-2.6645352591003757E-15|24431&4&-2.6645352591003757E-15|24432&4&210.95364466058783|24433&4&-2.6645352591003757E-15|24434&4&106.21056374345912|24435&4&-2.6645352591003757E-15|24436&4&-2.6645352591003757E-15|24437&4&2.4531089468041527|24438&4&2.4531089468041527|24439&4&2.4531089468041527|24440&4&2.4531089468041527|24441&4&270.5259061933063|24442&4&2.4531089468041527|24443&4&2.4531089468041527|24444&4&2.4531089468041527|24445&4&2.4531089468041527|24446&4&2.4531089468041527|24447&4&4.943014527810375|24448&4&4.943014527810375|24449&4&4.943014527810375|24450&4&4.943014527810375|24451&4&4.943014527810375|24452&4&4.943014527810375|24453&4&4.943014527810375|24454&4&4.943014527810375|24455&4&117.08101489126973|24456&4&4.943014527810375|24457&4&7.4701307051534505|24458&4&260.9148464624816|24459&4&7.4701307051534505|24460&4&7.4701307051534505|24461&4&7.4701307051534505|24462&4&7.4701307051534505|24463&4&7.4701307051534505|24464&4&7.4701307051534505|24465&4&7.4701307051534505|24466&4&7.4701307051534505|24467&4&10.03487558058946|24468&4&11.074630010921064|24469&4&210.16005696060932|24470&4&16.55218612874682|24471&4&10.03487558058946|24472&4&10.03487558058946|24473&4&10.03487558058946|24474&4&81.2450191723046|24475&4&10.03487558058946|24476&4&10.03487558058946|24477&4&12.637671434304849|24478&4&12.637671434304849|24479&4&12.637671434304849|24480&4&12.637671434304849|24481&4&12.637671434304849|24482&4&12.637671434304849|24483&4&12.637671434304849|24484&4&12.637671434304849|24485&4&82.30776768459629|24486&4&12.637671434304849|24487&4&54.44531999264216|24488&4&15.278944764074545|24489&4&15.278944764074545|24490&4&71.02107642801045|24491&4&15.278944764074545|24492&4&15.278944764074545|24493&4&15.278944764074545|24494&4&188.20787100236572|24495&4&15.278944764074545|24496&4&275.54498426037765|24497&4&2.233123755210608|24498&4&2.233123755210608|24499&4&2.5712824952853595|24500&4&2.5712824952853595|24501&4&13.709753279193084|24502&4&11.479588251885398|24503&4&8.881784197001252E-16|24504&4&8.881784197001252E-16|24505&4&0.3050313118891315|24506&4&0.3050313118891315|24507&4&0.6146380934566003|24508&4&0.6146380934566003|24509&4&0.9288718187362893|24511&4&20.668539981500654|24512&4&29.770998531238057|24513&4&1.5714285750952315|24514&4&1.5714285750952315|24515&4&1.8998571472901307|24516&4&1.8998571472901307,2|24397&4&15.278944764074545|24398&4&15.278944764074545|24399&4&15.278944764074545|24400&4&15.278944764074545|24401&4&15.278944764074545|24402&4&15.278944764074545|24403&4&15.278944764074545|24404&4&15.278944764074545|24405&4&15.278944764074545|24406&4&15.278944764074545|24407&4&17.959126324772647|24408&4&237.89465034768173|24409&4&17.959126324772647|24410&4&17.959126324772647|24411&4&92.51362873124376|24412&4&17.959126324772647|24413&4&17.959126324772647|24414&4&17.959126324772647|24415&4&17.959126324772647|24416&4&17.959126324772647|24417&4&20.678651168238204|24418&4&20.678651168238204|24419&4&20.678651168238204|24420&4&20.678651168238204|24421&4&20.678651168238204|24422&4&20.678651168238204|24423&4&20.678651168238204|24424&4&20.678651168238204|24425&4&20.678651168238204|24426&4&215.321929887506|24427&4&79.12014773326013|24428&4&118.38668710006431|24429&4&77.41206466441042|24430&4&107.18068229204258|24431&4&77.77857818168667|24432&4&113.05565552494463|24433&4&78.31795815026469|24434&4&157.25105682296598|24435&4&105.85419630305935|24436&4&245.73839913731427|24437&4&-2.6645352591003757E-15|24438&4&-2.6645352591003757E-15|24439&4&-2.6645352591003757E-15|24440&4&-2.6645352591003757E-15|24441&4&-2.6645352591003757E-15|24442&4&-2.6645352591003757E-15|24443&4&-2.6645352591003757E-15|24444&4&-2.6645352591003757E-15|24445&4&-2.6645352591003757E-15|24446&4&-2.6645352591003757E-15|24447&4&2.4531089468041527|24448&4&2.4531089468041527|24449&4&2.4531089468041527|24450&4&2.4531089468041527|24451&4&2.4531089468041527|24452&4&2.4531089468041527|24453&4&2.4531089468041527|24454&4&2.4531089468041527|24455&4&2.4531089468041527|24456&4&2.4531089468041527|24457&4&4.943014527810375|24458&4&4.943014527810375|24459&4&4.943014527810375|24460&4&4.943014527810375|24461&4&4.943014527810375|24462&4&4.943014527810375|24463&4&4.943014527810375|24464&4&4.943014527810375|24465&4&4.943014527810375|24466&4&4.943014527810375|24467&4&7.4701307051534505|24468&4&7.4701307051534505|24469&4&7.4701307051534505|24470&4&7.4701307051534505|24471&4&7.4701307051534505|24472&4&7.4701307051534505|24473&4&7.4701307051534505|24474&4&7.4701307051534505|24475&4&7.4701307051534505|24476&4&7.4701307051534505|24477&4&10.03487558058946|24478&4&10.03487558058946|24479&4&45.413560142718396|24480&4&10.03487558058946|24481&4&10.03487558058946|24482&4&10.03487558058946|24483&4&10.03487558058946|24484&4&10.03487558058946|24485&4&10.03487558058946|24486&4&10.03487558058946|24487&4&12.637671434304849|24488&4&12.637671434304849|24489&4&12.637671434304849|24490&4&12.637671434304849|24491&4&12.637671434304849|24492&4&12.637671434304849|24493&4&12.637671434304849|24494&4&12.637671434304849|24495&4&12.637671434304849|24496&4&12.637671434304849|24497&4&1.8998571472901307|24498&4&1.8998571472901307|24499&4&2.233123755210608|24500&4&2.233123755210608|24501&4&2.5712824952853595|24502&4&2.5712824952853595|24503&4&10.5788626654199|24504&4&7.719814280925242|24505&4&8.881784197001252E-16|24506&4&8.881784197001252E-16|24507&4&0.3050313118891315|24508&4&0.3050313118891315|24509&4&0.6146380934566003|24511&4&0.9288718187362893|24512&4&0.9288718187362893|24513&4&1.247784476502416|24514&4&1.247784476502416|24515&4&1.5714285750952315|24516&4&1.5714285750952315,2|24397&4&89.50951449219046|24398&4&61.468441929037205|24399&4&12.637671434304849|24400&4&131.73810409469252|24401&4&12.637671434304849|24402&4&12.637671434304849|24403&4&12.637671434304849|24404&4&58.89810285398605|24405&4&12.637671434304849|24406&4&12.637671434304849|24407&4&15.278944764074545|24408&4&15.278944764074545|24409&4&15.278944764074545|24410&4&15.278944764074545|24411&4&15.278944764074545|24412&4&15.278944764074545|24413&4&15.278944764074545|24414&4&15.278944764074545|24415&4&15.278944764074545|24416&4&47.58849612813412|24417&4&17.959126324772647|24418&4&42.683862254053714|24419&4&17.959126324772647|24420&4&146.00390079049905|24421&4&17.959126324772647|24422&4&17.959126324772647|24423&4&17.959126324772647|24424&4&105.0917713271833|24425&4&17.959126324772647|24426&4&17.959126324772647|24427&4&113.28902756945745|24428&4&20.678651168238204|24429&4&20.678651168238204|24430&4&20.678651168238204|24431&4&267.82319917558084|24432&4&20.678651168238204|24433&4&20.678651168238204|24434&4&20.678651168238204|24435&4&20.678651168238204|24436&4&20.678651168238204|24437&4&177.5253859345752|24438&4&100.89456972598104|24439&4&93.59433566423033|24440&4&141.49448252900407|24441&4&91.79732925737179|24442&4&81.42948304519714|24443&4&139.3519834346287|24444&4&84.95124934788262|24445&4&283.58421090310975|24446&4&297.4541773832447|24447&4&-2.6645352591003757E-15|24448&4&-2.6645352591003757E-15|24449&4&-2.6645352591003757E-15|24450&4&-2.6645352591003757E-15|24451&4&176.45633722345846|24452&4&-2.6645352591003757E-15|24453&4&-2.6645352591003757E-15|24454&4&-2.6645352591003757E-15|24455&4&-2.6645352591003757E-15|24456&4&-2.6645352591003757E-15|24457&4&2.4531089468041527|24458&4&2.4531089468041527|24459&4&2.4531089468041527|24460&4&2.4531089468041527|24461&4&2.4531089468041527|24462&4&17.154280978489275|24463&4&2.4531089468041527|24464&4&2.4531089468041527|24465&4&2.4531089468041527|24466&4&2.4531089468041527|24467&4&236.05461336661185|24468&4&4.943014527810375|24469&4&4.943014527810375|24470&4&4.943014527810375|24471&4&4.943014527810375|24472&4&4.943014527810375|24473&4&4.943014527810375|24474&4&93.7995148505971|24475&4&4.943014527810375|24476&4&4.943014527810375|24477&4&7.4701307051534505|24478&4&7.4701307051534505|24479&4&7.4701307051534505|24480&4&7.4701307051534505|24481&4&7.4701307051534505|24482&4&62.97546828406319|24483&4&180.30149481523682|24484&4&7.4701307051534505|24485&4&7.4701307051534505|24486&4&7.4701307051534505|24487&4&10.03487558058946|24488&4&10.03487558058946|24489&4&10.03487558058946|24490&4&10.03487558058946|24491&4&80.15168116447225|24492&4&10.03487558058946|24493&4&10.03487558058946|24494&4&10.03487558058946|24495&4&10.03487558058946|24496&4&10.03487558058946|24497&4&1.5714285750952315|24498&4&1.5714285750952315|24499&4&12.692196885093654|24500&4&1.8998571472901307|24501&4&2.233123755210608|24502&4&2.233123755210608|24503&4&2.5712824952853595|24504&4&2.5712824952853595|24505&4&11.459956887627266|24506&4&12.715921891881829|24507&4&8.881784197001252E-16|24508&4&8.881784197001252E-16|24509&4&0.3050313118891315|24511&4&0.6146380934566003|24512&4&0.6146380934566003|24513&4&0.9288718187362893|24514&4&12.541034881853488|24515&4&1.247784476502416|24516&4&1.247784476502416,2|24397&4&10.03487558058946|24398&4&47.672722279534796|24399&4&10.03487558058946|24400&4&10.03487558058946|24401&4&10.03487558058946|24402&4&210.3758673456861|24403&4&223.66503681224222|24404&4&10.03487558058946|24405&4&10.03487558058946|24406&4&10.03487558058946|24407&4&12.637671434304849|24408&4&12.637671434304849|24409&4&12.637671434304849|24410&4&12.637671434304849|24411&4&12.637671434304849|24412&4&12.637671434304849|24413&4&12.637671434304849|24414&4&12.637671434304849|24415&4&12.637671434304849|24416&4&261.2949179261002|24417&4&15.278944764074545|24418&4&15.278944764074545|24419&4&15.278944764074545|24420&4&15.278944764074545|24421&4&15.278944764074545|24422&4&15.278944764074545|24423&4&15.278944764074545|24424&4&15.278944764074545|24425&4&15.278944764074545|24426&4&15.278944764074545|24427&4&17.959126324772647|24428&4&17.959126324772647|24429&4&17.959126324772647|24430&4&17.959126324772647|24431&4&17.959126324772647|24432&4&17.959126324772647|24433&4&17.959126324772647|24434&4&17.959126324772647|24435&4&17.959126324772647|24436&4&17.959126324772647|24437&4&20.678651168238204|24438&4&20.678651168238204|24439&4&20.678651168238204|24440&4&20.678651168238204|24441&4&20.678651168238204|24442&4&20.678651168238204|24443&4&20.678651168238204|24444&4&202.6151726462521|24445&4&20.678651168238204|24446&4&20.678651168238204|24447&4&93.46872655437421|24448&4&106.37487878693781|24449&4&334.5363774031208|24450&4&137.58299759163867|24451&4&122.45183567370404|24452&4&185.40119544685223|24453&4&137.78569045271126|24454&4&139.8572166687709|24455&4&102.33311765468127|24456&4&130.16389700823322|24457&4&-2.6645352591003757E-15|24458&4&-2.6645352591003757E-15|24459&4&-2.6645352591003757E-15|24460&4&-2.6645352591003757E-15|24461&4&-2.6645352591003757E-15|24462&4&-2.6645352591003757E-15|24463&4&-2.6645352591003757E-15|24464&4&-2.6645352591003757E-15|24465&4&-2.6645352591003757E-15|24466&4&-2.6645352591003757E-15|24467&4&2.4531089468041527|24468&4&215.942148857629|24469&4&2.4531089468041527|24470&4&2.4531089468041527|24471&4&243.13874981108194|24472&4&2.4531089468041527|24473&4&2.4531089468041527|24474&4&2.4531089468041527|24475&4&128.26527554640728|24476&4&2.4531089468041527|24477&4&4.943014527810375|24478&4&4.943014527810375|24479&4&4.943014527810375|24480&4&4.943014527810375|24481&4&187.9794436472106|24482&4&4.943014527810375|24483&4&4.943014527810375|24484&4&4.943014527810375|24485&4&4.943014527810375|24486&4&4.943014527810375|24487&4&212.4077028045038|24488&4&7.4701307051534505|24489&4&7.4701307051534505|24490&4&7.4701307051534505|24491&4&7.4701307051534505|24492&4&7.4701307051534505|24493&4&7.4701307051534505|24494&4&7.4701307051534505|24495&4&7.4701307051534505|24496&4&7.4701307051534505|24497&4&1.247784476502416|24498&4&1.247784476502416|24499&4&1.5714285750952315|24500&4&1.5714285750952315|24501&4&1.8998571472901307|24502&4&1.8998571472901307|24503&4&2.233123755210608|24504&4&2.233123755210608|24505&4&2.5712824952853595|24506&4&2.5712824952853595|24507&4&13.65785270102829|24508&4&12.724144333500298|24509&4&8.881784197001252E-16|24511&4&0.3050313118891315|24512&4&0.3050313118891315|24513&4&0.6146380934566003|24514&4&0.6146380934566003|24515&4&0.9288718187362893|24516&4&0.9288718187362893,2|24397&4&7.4701307051534505|24398&4&7.4701307051534505|24399&4&7.4701307051534505|24400&4&64.05197575181056|24401&4&7.4701307051534505|24402&4&7.4701307051534505|24403&4&13.218511930555323|24404&4&7.4701307051534505|24405&4&7.4701307051534505|24406&4&7.4701307051534505|24407&4&85.01514229001228|24408&4&10.03487558058946|24409&4&156.0809244353232|24410&4&10.03487558058946|24411&4&188.97382712908984|24412&4&10.03487558058946|24413&4&10.03487558058946|24414&4&257.3192768534054|24415&4&185.9609776453717|24416&4&10.03487558058946|24417&4&12.637671434304849|24418&4&12.637671434304849|24419&4&12.637671434304849|24420&4&12.637671434304849|24421&4&12.637671434304849|24422&4&12.637671434304849|24423&4&42.501061477802935|24424&4&189.81382930239542|24425&4&209.4171635764348|24426&4&12.637671434304849|24427&4&15.278944764074545|24428&4&15.278944764074545|24429&4&102.7497403284799|24430&4&54.5138824967725|24431&4&15.278944764074545|24432&4&15.278944764074545|24433&4&15.278944764074545|24434&4&15.278944764074545|24435&4&300.1423558906049|24436&4&15.278944764074545|24437&4&17.959126324772647|24438&4&17.959126324772647|24439&4&17.959126324772647|24440&4&17.959126324772647|24441&4&17.959126324772647|24442&4&17.959126324772647|24443&4&204.8177219966468|24444&4&17.959126324772647|24445&4&17.959126324772647|24446&4&17.959126324772647|24447&4&20.678651168238204|24448&4&20.678651168238204|24449&4&20.678651168238204|24450&4&20.678651168238204|24451&4&100.14590689374583|24452&4&20.678651168238204|24453&4&28.848481992307434|24454&4&20.678651168238204|24455&4&108.35183087292944|24456&4&20.678651168238204|24457&4&111.33416409900902|24458&4&113.29234583243337|24459&4&76.27091489472531|24460&4&48.1560951958179|24461&4&159.70064316371466|24462&4&235.83813060447187|24463&4&328.74198149244955|24464&4&231.94355459503828|24465&4&212.97823584207484|24466&4&131.28128749998766|24467&4&-2.6645352591003757E-15|24468&4&-2.6645352591003757E-15|24469&4&-2.6645352591003757E-15|24470&4&268.2685445807744|24471&4&-2.6645352591003757E-15|24472&4&165.41944970689093|24473&4&-2.6645352591003757E-15|24474&4&-2.6645352591003757E-15|24475&4&-2.6645352591003757E-15|24476&4&300.8010824465955|24477&4&2.4531089468041527|24478&4&2.4531089468041527|24479&4&2.4531089468041527|24480&4&2.4531089468041527|24481&4&10.662580671978489|24482&4&2.4531089468041527|24483&4&2.4531089468041527|24484&4&290.51850750707007|24485&4&276.01888307991555|24486&4&2.4531089468041527|24487&4&4.943014527810375|24488&4&171.62671912634661|24489&4&245.92917415930174|24490&4&98.12720936999759|24491&4&4.943014527810375|24492&4&4.943014527810375|24493&4&155.80516213420935|24494&4&4.943014527810375|24495&4&4.943014527810375|24496&4&4.943014527810375|24497&4&0.9288718187362893|24498&4&0.9288718187362893|24499&4&1.247784476502416|24500&4&1.247784476502416|24501&4&1.5714285750952315|24502&4&1.5714285750952315|24503&4&1.8998571472901307|24504&4&1.8998571472901307|24505&4&2.233123755210608|24506&4&2.233123755210608|24507&4&2.5712824952853595|24508&4&2.5712824952853595|24509&4&13.686519434603353|24511&4&8.881784197001252E-16|24512&4&8.881784197001252E-16|24513&4&0.3050313118891315|24514&4&0.3050313118891315|24515&4&0.6146380934566003|24516&4&0.6146380934566003,2|24397&4&4.943014527810375|24398&4&4.943014527810375|24399&4&4.943014527810375|24400&4&4.943014527810375|24401&4&4.943014527810375|24402&4&4.943014527810375|24403&4&4.943014527810375|24404&4&4.943014527810375|24405&4&4.943014527810375|24406&4&159.7229347084353|24407&4&7.4701307051534505|24408&4&7.4701307051534505|24409&4&7.4701307051534505|24410&4&7.4701307051534505|24411&4&7.4701307051534505|24412&4&7.4701307051534505|24413&4&7.4701307051534505|24414&4&7.4701307051534505|24415&4&7.4701307051534505|24416&4&7.4701307051534505|24417&4&10.03487558058946|24418&4&10.03487558058946|24419&4&10.03487558058946|24420&4&10.03487558058946|24421&4&10.03487558058946|24422&4&10.03487558058946|24423&4&10.03487558058946|24424&4&10.03487558058946|24425&4&10.03487558058946|24426&4&10.03487558058946|24427&4&12.637671434304849|24428&4&12.637671434304849|24429&4&12.637671434304849|24430&4&12.637671434304849|24431&4&12.637671434304849|24432&4&12.637671434304849|24433&4&164.70631366260602|24434&4&12.637671434304849|24435&4&12.637671434304849|24436&4&12.637671434304849|24437&4&15.278944764074545|24438&4&81.6685938301714|24439&4&15.278944764074545|24440&4&48.6156487553019|24441&4&15.278944764074545|24442&4&15.278944764074545|24443&4&15.278944764074545|24444&4&15.278944764074545|24445&4&15.278944764074545|24446&4&15.278944764074545|24447&4&17.959126324772647|24448&4&97.19741061166181|24449&4&17.959126324772647|24450&4&17.959126324772647|24451&4&17.959126324772647|24452&4&68.18424764094358|24453&4&17.959126324772647|24454&4&56.7111271992808|24455&4&17.959126324772647|24456&4&17.959126324772647|24457&4&20.678651168238204|24458&4&20.678651168238204|24459&4&102.5219490480947|24460&4&20.678651168238204|24461&4&20.678651168238204|24462&4&20.678651168238204|24463&4&20.678651168238204|24464&4&20.678651168238204|24465&4&20.678651168238204|24466&4&20.678651168238204|24467&4&119.43723252197731|24468&4&23.437958683500014|24469&4&98.40010682852937|24470&4&78.51283885701567|24471&4&90.59470324602289|24472&4&93.81710377131847|24473&4&176.92537657647011|24474&4&87.7311404506597|24475&4&23.437958683500014|24476&4&224.7921131077818|24477&4&-2.6645352591003757E-15|24478&4&-2.6645352591003757E-15|24479&4&-2.6645352591003757E-15|24480&4&-2.6645352591003757E-15|24481&4&-2.6645352591003757E-15|24482&4&-2.6645352591003757E-15|24483&4&-2.6645352591003757E-15|24484&4&-2.6645352591003757E-15|24485&4&-2.6645352591003757E-15|24486&4&-2.6645352591003757E-15|24487&4&2.4531089468041527|24488&4&2.4531089468041527|24489&4&2.4531089468041527|24490&4&2.4531089468041527|24491&4&2.4531089468041527|24492&4&2.4531089468041527|24493&4&2.4531089468041527|24494&4&2.4531089468041527|24495&4&2.4531089468041527|24496&4&2.4531089468041527|24497&4&0.6146380934566003|24498&4&0.6146380934566003|24499&4&0.9288718187362893|24500&4&15.277001178419969|24501&4&1.247784476502416|24502&4&1.247784476502416|24503&4&1.5714285750952315|24504&4&1.5714285750952315|24505&4&1.8998571472901307|24506&4&1.8998571472901307|24507&4&2.233123755210608|24508&4&2.233123755210608|24509&4&2.5712824952853595|24511&4&2.9143880032499982|24512&4&2.9143880032499982|24513&4&8.881784197001252E-16|24514&4&8.881784197001252E-16|24515&4&0.3050313118891315|24516&4&0.3050313118891315,2|24397&4&2.4531089468041527|24398&4&2.4531089468041527|24399&4&2.4531089468041527|24400&4&2.4531089468041527|24401&4&2.4531089468041527|24402&4&2.4531089468041527|24403&4&2.4531089468041527|24404&4&94.0759179867548|24405&4&186.62617089922148|24406&4&2.4531089468041527|24407&4&4.943014527810375|24408&4&4.943014527810375|24409&4&4.943014527810375|24410&4&4.943014527810375|24411&4&4.943014527810375|24412&4&4.943014527810375|24413&4&4.943014527810375|24414&4&4.943014527810375|24415&4&4.943014527810375|24416&4&4.943014527810375|24417&4&115.26795495980618|24418&4&183.10976081817248|24419&4&7.4701307051534505|24420&4&7.4701307051534505|24421&4&63.25658355069211|24422&4&7.4701307051534505|24423&4&7.4701307051534505|24424&4&7.4701307051534505|24425&4&7.4701307051534505|24426&4&28.035178649274197|24427&4&10.03487558058946|24428&4&10.03487558058946|24429&4&10.03487558058946|24430&4&139.6307043053216|24431&4&10.03487558058946|24432&4&10.03487558058946|24433&4&10.03487558058946|24434&4&10.03487558058946|24435&4&10.03487558058946|24436&4&10.03487558058946|24437&4&12.637671434304849|24438&4&12.637671434304849|24439&4&118.85989379542764|24440&4&12.637671434304849|24441&4&12.637671434304849|24442&4&12.637671434304849|24443&4&12.637671434304849|24444&4&12.637671434304849|24445&4&12.637671434304849|24446&4&12.637671434304849|24447&4&15.278944764074545|24448&4&15.278944764074545|24449&4&15.278944764074545|24450&4&149.62658291881462|24451&4&15.278944764074545|24452&4&15.278944764074545|24453&4&137.65846363500432|24454&4&15.278944764074545|24455&4&15.278944764074545|24456&4&15.278944764074545|24457&4&17.959126324772647|24458&4&17.959126324772647|24459&4&17.959126324772647|24460&4&17.959126324772647|24461&4&17.959126324772647|24462&4&17.959126324772647|24463&4&17.959126324772647|24464&4&17.959126324772647|24465&4&90.49748237929938|24466&4&17.959126324772647|24467&4&20.678651168238204|24468&4&20.678651168238204|24469&4&20.678651168238204|24470&4&20.678651168238204|24471&4&20.678651168238204|24472&4&20.678651168238204|24473&4&20.678651168238204|24474&4&20.678651168238204|24475&4&20.678651168238204|24476&4&20.678651168238204|24477&4&86.57429473186076|24478&4&90.25539848582869|24479&4&105.19235491107587|24480&4&102.89269715671439|24481&4&122.52281482445348|24482&4&81.75116880498642|24483&4&88.69982988436426|24484&4&122.12997910332174|24485&4&85.61417449752314|24486&4&224.74408151543352|24487&4&-2.6645352591003757E-15|24488&4&-2.6645352591003757E-15|24489&4&-2.6645352591003757E-15|24490&4&-2.6645352591003757E-15|24491&4&-2.6645352591003757E-15|24492&4&-2.6645352591003757E-15|24493&4&-2.6645352591003757E-15|24494&4&-2.6645352591003757E-15|24495&4&-2.6645352591003757E-15|24496&4&-2.6645352591003757E-15|24497&4&0.3050313118891315|24498&4&0.3050313118891315|24499&4&0.6146380934566003|24500&4&0.6146380934566003|24501&4&0.9288718187362893|24502&4&0.9288718187362893|24503&4&1.247784476502416|24504&4&1.247784476502416|24505&4&1.5714285750952315|24506&4&1.5714285750952315|24507&4&1.8998571472901307|24508&4&1.8998571472901307|24509&4&2.233123755210608|24511&4&10.29756410791699|24512&4&2.5712824952853595|24513&4&12.647092627697536|24514&4&8.088358947461979|24515&4&8.881784197001252E-16|24516&4&8.881784197001252E-16,2|24397&4&-2.6645352591003757E-15|24398&4&-2.6645352591003757E-15|24399&4&-2.6645352591003757E-15|24400&4&-2.6645352591003757E-15|24401&4&-2.6645352591003757E-15|24402&4&-2.6645352591003757E-15|24403&4&-2.6645352591003757E-15|24404&4&-2.6645352591003757E-15|24405&4&-2.6645352591003757E-15|24406&4&-2.6645352591003757E-15|24407&4&2.4531089468041527|24408&4&2.4531089468041527|24409&4&92.4807213073966|24410&4&2.4531089468041527|24411&4&124.13659148667173|24412&4&2.4531089468041527|24413&4&2.4531089468041527|24414&4&51.83926860142009|24415&4&2.4531089468041527|24416&4&2.4531089468041527|24417&4&41.66305560998165|24418&4&4.943014527810375|24419&4&165.65428386568558|24420&4&4.943014527810375|24421&4&243.4847628695271|24422&4&4.943014527810375|24423&4&109.94466745705546|24424&4&4.943014527810375|24425&4&4.943014527810375|24426&4&4.943014527810375|24427&4&202.34819155134846|24428&4&7.4701307051534505|24429&4&26.528733584854486|24430&4&7.4701307051534505|24431&4&7.4701307051534505|24432&4&7.4701307051534505|24433&4&7.4701307051534505|24434&4&7.4701307051534505|24435&4&7.4701307051534505|24436&4&7.4701307051534505|24437&4&10.03487558058946|24438&4&43.58366169234917|24439&4&10.03487558058946|24440&4&21.013505645906385|24441&4&10.03487558058946|24442&4&10.03487558058946|24443&4&10.03487558058946|24444&4&10.03487558058946|24445&4&10.03487558058946|24446&4&10.03487558058946|24447&4&113.18436969207652|24448&4&12.637671434304849|24449&4&12.637671434304849|24450&4&12.637671434304849|24451&4&12.637671434304849|24452&4&12.637671434304849|24453&4&12.637671434304849|24454&4&12.637671434304849|24455&4&12.637671434304849|24456&4&95.59606313618288|24457&4&191.0646183408056|24458&4&15.278944764074545|24459&4&52.05208989330533|24460&4&45.82694630432732|24461&4&75.073377483978|24462&4&15.278944764074545|24463&4&15.278944764074545|24464&4&15.278944764074545|24465&4&15.278944764074545|24466&4&15.278944764074545|24467&4&17.959126324772647|24468&4&17.959126324772647|24469&4&17.959126324772647|24470&4&17.959126324772647|24471&4&17.959126324772647|24472&4&17.959126324772647|24473&4&64.99826307088725|24474&4&109.92056094779133|24475&4&17.959126324772647|24476&4&17.959126324772647|24477&4&20.678651168238204|24478&4&206.467882807308|24479&4&20.678651168238204|24480&4&176.41402137591578|24481&4&20.678651168238204|24482&4&20.678651168238204|24483&4&20.678651168238204|24484&4&33.013716963786536|24485&4&20.678651168238204|24486&4&94.38610550263792|24487&4&77.57520486675774|24488&4&77.52271563390534|24489&4&124.97461793563491|24490&4&92.27696452668788|24491&4&82.17650797675952|24492&4&242.59904840666468|24493&4&87.51977168497945|24494&4&23.437958683500014|24495&4&91.63494714108056|24496&4&138.92061373220275|24497&4&8.881784197001252E-16|24498&4&8.881784197001252E-16|24499&4&0.3050313118891315|24500&4&0.3050313118891315|24501&4&0.6146380934566003|24502&4&0.6146380934566003|24503&4&18.13930484194708|24504&4&4.874417397945892|24505&4&1.247784476502416|24506&4&1.247784476502416|24507&4&1.5714285750952315|24508&4&1.5714285750952315|24509&4&1.8998571472901307|24511&4&2.233123755210608|24512&4&2.233123755210608|24513&4&2.5712824952853595|24514&4&2.5712824952853595|24515&4&10.648214783572321|24516&4&12.704223575904923
12|4,130,1,1,1,1,1,1,1,1,1,1,1,1,1,1,1,1,1,1,1,1,1,1,1,1,1,1,1,1,1,1,1,1,1,1,1,1,1,1,1,1,1,1,1,1,1,1,1,1,1,1,1,1,1,1,1,1,1,1,1,1,1,1,1,1,1,1,1,1,1,1,1,1,1,1,1,1,1,1,1,1,1,1,1,1,1,1,1,1,1,1,1,1,1,1,1,1,1,1,1,1,0,0,0,0,0,0,0,0,0,0,0,0,0,0,0,0,0,0,0,0,2|24397&4&202.07099488865862|24398&4&71.5512824152111|24399&4&269.49576131215|24400&4&124.73864591721335|24401&4&307.1386141600505|24402&4&71.93692114831654|24403&4&121.53965981527324|24404&4&82.29795768666534|24405&4&86.8257499371918|24406&4&124.74762608421355|24407&4&115.50785941050901|24417&4&-7.105427357601002E-15|24418&4&-7.105427357601002E-15|24419&4&-7.105427357601002E-15|24420&4&66.27234185917752|24421&4&-7.105427357601002E-15|24422&4&-7.105427357601002E-15|24423&4&-7.105427357601002E-15|24424&4&-7.105427357601002E-15|24425&4&-7.105427357601002E-15|24426&4&-7.105427357601002E-15|24427&4&2.471507263905184|24428&4&254.78426654492347|24429&4&2.471507263905184|24430&4&2.471507263905184|24431&4&2.471507263905184|24432&4&2.471507263905184|24433&4&2.471507263905184|24434&4&43.18972810651304|24435&4&2.471507263905184|24436&4&2.471507263905184|24437&4&4.9800871367689705|24438&4&4.9800871367689705|24439&4&4.9800871367689705|24440&4&4.9800871367689705|24441&4&4.9800871367689705|24442&4&77.64147371856149|24443&4&4.9800871367689705|24444&4&4.9800871367689705|24445&4&4.9800871367689705|24446&4&4.9800871367689705|24447&4&7.526156685442096|24448&4&7.526156685442096|24449&4&7.526156685442096|24450&4&7.526156685442096|24451&4&7.526156685442096|24452&4&7.526156685442096|24453&4&7.526156685442096|24454&4&44.131126923416794|24455&4&7.526156685442096|24456&4&16.101216849751438|24457&4&10.11013714744388|24458&4&10.11013714744388|24459&4&10.11013714744388|24460&4&247.74457357750407|24461&4&10.11013714744388|24462&4&10.11013714744388|24463&4&10.11013714744388|24464&4&10.11013714744388|24465&4&10.11013714744388|24466&4&257.1653335309647|24467&4&12.732453970062117|24468&4&12.732453970062117|24469&4&12.732453970062117|24470&4&12.732453970062117|24471&4&12.732453970062117|24472&4&12.732453970062117|24473&4&12.732453970062117|24474&4&12.732453970062117|24475&4&12.732453970062117|24476&4&12.732453970062117|24477&4&15.393536849805127|24478&4&15.393536849805127|24479&4&109.92991492501807|24480&4&15.393536849805127|24481&4&15.393536849805127|24482&4&203.69309226297224|24483&4&15.393536849805127|24484&4&15.393536849805127|24485&4&15.393536849805127|24486&4&15.393536849805127|24487&4&18.093819772208427|24488&4&18.093819772208427|24489&4&18.093819772208427|24490&4&18.093819772208427|24491&4&121.06987767727023|24492&4&18.093819772208427|24493&4&18.093819772208427|24494&4&86.10795938789876|24495&4&202.78858776109766|24496&4&18.093819772208427|24497&4&12.94877899711203|24498&4&12.95103010272528|24501&4&-7.771561172376096E-16|24502&4&-7.771561172376096E-16|24503&4&0.30731904672829946|24504&4&31.42333143827584|24505&4&0.6192478791575262|24506&4&0.6192478791575262|24507&4&0.9358383573768122|24508&4&0.9358383573768122|24509&4&1.2571428600761856|24511&4&1.583214289408442|24512&4&1.583214289408442|24513&4&1.9141060758948063|24514&4&1.9141060758948063|24515&4&2.2498721833746895|24516&4&2.2498721833746895,2|24397&4&18.093819772208427|24398&4&164.66269918864458|24399&4&18.093819772208427|24400&4&18.093819772208427|24401&4&18.093819772208427|24402&4&18.093819772208427|24403&4&18.093819772208427|24404&4&18.093819772208427|24405&4&18.093819772208427|24406&4&18.093819772208427|24407&4&75.72997845852265|24408&4&152.371770053585|24409&4&84.5190080251237|24410&4&348.47274879539634|24411&4&82.99943541445495|24412&4&120.02439746685883|24413&4&130.2074105607696|24414&4&43.080706163446315|24415&4&101.86691272450241|24416&4&86.16306298567379|24417&4&60.51723847207999|24420&4&20.46010165251809|24427&4&-7.105427357601002E-15|24428&4&-7.105427357601002E-15|24429&4&-7.105427357601002E-15|24430&4&-7.105427357601002E-15|24431&4&-7.105427357601002E-15|24432&4&-7.105427357601002E-15|24433&4&48.1714031158266|24434&4&-7.105427357601002E-15|24435&4&-7.105427357601002E-15|24436&4&-7.105427357601002E-15|24437&4&2.471507263905184|24438&4&32.28732096607554|24439&4&2.471507263905184|24440&4&2.471507263905184|24441&4&2.471507263905184|24442&4&148.89146322386512|24443&4&2.471507263905184|24444&4&2.471507263905184|24445&4&2.471507263905184|24446&4&2.471507263905184|24447&4&4.9800871367689705|24448&4&4.9800871367689705|24449&4&4.9800871367689705|24450&4&4.9800871367689705|24451&4&4.9800871367689705|24452&4&4.9800871367689705|24453&4&4.9800871367689705|24454&4&4.9800871367689705|24455&4&4.9800871367689705|24456&4&4.9800871367689705|24457&4&7.526156685442096|24458&4&7.526156685442096|24459&4&7.526156685442096|24460&4&7.526156685442096|24461&4&91.63544974161425|24462&4&127.32081805092949|24463&4&7.526156685442096|24464&4&34.70799176356049|24465&4&7.526156685442096|24466&4&7.526156685442096|24467&4&184.71313783096915|24468&4&53.70189568844857|24469&4&189.28748175464958|24470&4&10.11013714744388|24471&4&10.11013714744388|24472&4&211.9523447899207|24473&4&10.11013714744388|24474&4&10.11013714744388|24475&4&145.95699419619783|24476&4&10.11013714744388|24477&4&261.1758788190659|24478&4&12.732453970062117|24479&4&12.732453970062117|24480&4&12.732453970062117|24481&4&12.732453970062117|24482&4&12.732453970062117|24483&4&56.24049990972915|24484&4&12.732453970062117|24485&4&12.732453970062117|24486&4&12.732453970062117|24487&4&15.393536849805127|24488&4&15.393536849805127|24489&4&15.393536849805127|24490&4&16.595012384200924|24491&4&16.163158366414695|24492&4&15.393536849805127|24493&4&61.05626741142869|24494&4&15.393536849805127|24495&4&77.026200961355|24496&4&15.393536849805127|24497&4&2.2498721833746895|24498&4&2.2498721833746895|24499&4&11.467707913020188|24500&4&4.329545839837341|24503&4&-7.771561172376096E-16|24504&4&-7.771561172376096E-16|24505&4&0.30731904672829946|24506&4&0.30731904672829946|24507&4&0.6192478791575262|24508&4&0.6192478791575262|24509&4&0.9358383573768122|24511&4&1.2571428600761856|24512&4&11.821885683191582|24513&4&1.583214289408442|24514&4&1.583214289408442|24515&4&1.9141060758948063|24516&4&1.9141060758948063,2|24397&4&15.393536849805127|24398&4&15.393536849805127|24399&4&15.393536849805127|24400&4&15.393536849805127|24401&4&15.393536849805127|24402&4&82.28130008537168|24403&4&15.393536849805127|24404&4&63.72541473597802|24405&4&15.393536849805127|24406&4&15.393536849805127|24407&4&18.093819772208427|24408&4&18.093819772208427|24409&4&18.093819772208427|24410&4&89.64340271895085|24411&4&18.093819772208427|24412&4&172.07428003801675|24413&4&233.16238331121528|24414&4&18.093819772208427|24415&4&18.093819772208427|24416&4&18.093819772208427|24417&4&94.9796953228608|24418&4&105.18470350621507|24419&4&89.92217750761165|24420&4&88.36924073795328|24421&4&84.4732299021992|24422&4&136.34639963567656|24423&4&84.32097086293868|24424&4&75.5338474327534|24425&4&86.05743700683948|24426&4&104.96527684306403|24429&4&81.39810285566718|24432&4&221.9878891101246|24434&4&99.57240350949291|24437&4&-7.105427357601002E-15|24438&4&-7.105427357601002E-15|24439&4&-7.105427357601002E-15|24440&4&-7.105427357601002E-15|24441&4&252.30665829162496|24442&4&-7.105427357601002E-15|24443&4&-7.105427357601002E-15|24444&4&-7.105427357601002E-15|24445&4&-7.105427357601002E-15|24446&4&-7.105427357601002E-15|24447&4&2.471507263905184|24448&4&2.471507263905184|24449&4&2.471507263905184|24450&4&2.471507263905184|24451&4&2.471507263905184|24452&4&2.471507263905184|24453&4&2.471507263905184|24454&4&2.471507263905184|24455&4&166.19003299788523|24456&4&2.471507263905184|24457&4&4.9800871367689705|24458&4&262.1858182158399|24459&4&4.9800871367689705|24460&4&4.9800871367689705|24461&4&4.9800871367689705|24462&4&4.9800871367689705|24463&4&4.9800871367689705|24464&4&4.9800871367689705|24465&4&4.9800871367689705|24466&4&4.9800871367689705|24467&4&7.526156685442096|24468&4&8.479264913246066|24469&4&196.49092441723985|24470&4&13.608979863722297|24471&4&7.526156685442096|24472&4&7.526156685442096|24473&4&7.526156685442096|24474&4&73.98895737104289|24475&4&7.526156685442096|24476&4&7.526156685442096|24477&4&10.11013714744388|24478&4&10.11013714744388|24479&4&10.11013714744388|24480&4&10.11013714744388|24481&4&10.11013714744388|24482&4&10.11013714744388|24483&4&10.11013714744388|24484&4&10.11013714744388|24485&4&75.13556031438256|24486&4&10.11013714744388|24487&4&49.28773751672522|24488&4&12.732453970062117|24489&4&12.732453970062117|24490&4&64.75844352306896|24491&4&12.732453970062117|24492&4&12.732453970062117|24493&4&12.732453970062117|24494&4&226.52447114680675|24495&4&12.732453970062117|24496&4&259.3800852403517|24497&4&1.9141060758948063|24498&4&1.9141060758948063|24499&4&2.2498721833746895|24500&4&2.2498721833746895|24501&4&12.432489444121755|24502&4&10.394359257715267|24505&4&-7.771561172376096E-16|24506&4&-7.771561172376096E-16|24507&4&0.30731904672829946|24508&4&0.30731904672829946|24509&4&0.6192478791575262|24511&4&26.62992925136709|24512&4&36.19478675869454|24513&4&1.2571428600761856|24514&4&1.2571428600761856|24515&4&1.583214289408442|24516&4&1.583214289408442,2|24397&4&12.732453970062117|24398&4&12.732453970062117|24399&4&12.732453970062117|24400&4&12.732453970062117|24401&4&12.732453970062117|24402&4&12.732453970062117|24403&4&12.732453970062117|24404&4&12.732453970062117|24405&4&12.732453970062117|24406&4&12.732453970062117|24407&4&91.71607124576015|24408&4&228.59150651168812|24409&4&15.393536849805127|24410&4&15.393536849805127|24411&4&156.92765934972653|24412&4&15.393536849805127|24413&4&68.46086244529523|24414&4&15.393536849805127|24415&4&15.393536849805127|24416&4&15.393536849805127|24417&4&18.093819772208427|24418&4&18.093819772208427|24419&4&18.093819772208427|24420&4&18.093819772208427|24421&4&18.093819772208427|24422&4&18.093819772208427|24423&4&18.093819772208427|24424&4&18.093819772208427|24425&4&18.093819772208427|24426&4&202.23780254693918|24427&4&71.2368029628756|24428&4&107.2239326782699|24429&4&69.67632679513875|24430&4&97.01214838136362|24431&4&70.00952090175352|24432&4&102.35898070925285|24433&4&70.49987378747693|24434&4&190.0615962326567|24435&4&95.73568326555234|24436&4&227.53688484612195|24441&4&31.75306470642431|24447&4&-7.105427357601002E-15|24448&4&-7.105427357601002E-15|24449&4&-7.105427357601002E-15|24450&4&-7.105427357601002E-15|24451&4&-7.105427357601002E-15|24452&4&-7.105427357601002E-15|24453&4&-7.105427357601002E-15|24454&4&-7.105427357601002E-15|24455&4&-7.105427357601002E-15|24456&4&-7.105427357601002E-15|24457&4&2.471507263905184|24458&4&2.471507263905184|24459&4&2.471507263905184|24460&4&2.471507263905184|24461&4&2.471507263905184|24462&4&2.471507263905184|24463&4&2.471507263905184|24464&4&2.471507263905184|24465&4&2.471507263905184|24466&4&2.471507263905184|24467&4&4.9800871367689705|24468&4&4.9800871367689705|24469&4&4.9800871367689705|24470&4&4.9800871367689705|24471&4&4.9800871367689705|24472&4&4.9800871367689705|24473&4&4.9800871367689705|24474&4&4.9800871367689705|24475&4&4.9800871367689705|24476&4&4.9800871367689705|24477&4&7.526156685442096|24478&4&7.526156685442096|24479&4&132.89399109761047|24480&4&7.526156685442096|24481&4&7.526156685442096|24482&4&7.526156685442096|24483&4&7.526156685442096|24484&4&7.526156685442096|24485&4&7.526156685442096|24486&4&7.526156685442096|24487&4&10.11013714744388|24488&4&10.11013714744388|24489&4&10.11013714744388|24490&4&10.11013714744388|24491&4&10.11013714744388|24492&4&10.11013714744388|24493&4&10.11013714744388|24494&4&10.11013714744388|24495&4&10.11013714744388|24496&4&10.11013714744388|24497&4&1.583214289408442|24498&4&1.583214289408442|24499&4&1.9141060758948063|24500&4&1.9141060758948063|24501&4&2.2498721833746895|24502&4&2.2498721833746895|24503&4&9.563332006811182|24504&4&6.941571015666004|24507&4&-7.771561172376096E-16|24508&4&-7.771561172376096E-16|24509&4&0.30731904672829946|24511&4&0.6192478791575262|24512&4&0.6192478791575262|24513&4&0.9358383573768122|24514&4&0.9358383573768122|24515&4&1.2571428600761856|24516&4&1.2571428600761856,2|24397&4&81.85719066813712|24398&4&55.68552294252741|24399&4&10.11013714744388|24400&4&186.30267627937005|24401&4&10.11013714744388|24402&4&10.11013714744388|24403&4&10.11013714744388|24404&4&53.28653980581301|24405&4&10.11013714744388|24406&4&10.11013714744388|24407&4&12.732453970062117|24408&4&12.732453970062117|24409&4&12.732453970062117|24410&4&12.732453970062117|24411&4&12.732453970062117|24412&4&12.732453970062117|24413&4&12.732453970062117|24414&4&12.732453970062117|24415&4&12.732453970062117|24416&4&42.88803524318438|24417&4&15.393536849805127|24418&4&37.64579918615809|24419&4&15.393536849805127|24420&4&136.96187909656157|24421&4&15.393536849805127|24422&4&15.393536849805127|24423&4&15.393536849805127|24424&4&96.71733885205508|24425&4&15.393536849805127|24426&4&15.393536849805127|24427&4&163.05013391814668|24428&4&18.093819772208427|24429&4&18.093819772208427|24430&4&18.093819772208427|24431&4&309.72435194579685|24432&4&18.093819772208427|24433&4&18.093819772208427|24434&4&18.093819772208427|24435&4&18.093819772208427|24436&4&18.093819772208427|24437&4&163.15977649537513|24438&4&91.19687522720085|24439&4&84.47436248354063|24440&4&179.96792944324764|24441&4&82.8770724958448|24442&4&73.37841311836226|24443&4&126.79471938831371|24444&4&76.55128290874377|24445&4&325.1449659170804|24446&4&298.1795975335372|24451&4&167.09556216002562|24457&4&-7.105427357601002E-15|24458&4&-7.105427357601002E-15|24459&4&-7.105427357601002E-15|24460&4&-7.105427357601002E-15|24461&4&-7.105427357601002E-15|24462&4&13.72109389623944|24463&4&-7.105427357601002E-15|24464&4&-7.105427357601002E-15|24465&4&-7.105427357601002E-15|24466&4&-7.105427357601002E-15|24467&4&219.58437370674312|24468&4&2.471507263905184|24469&4&2.471507263905184|24470&4&2.471507263905184|24471&4&2.471507263905184|24472&4&2.471507263905184|24473&4&2.471507263905184|24474&4&153.0946971457064|24475&4&2.471507263905184|24476&4&2.471507263905184|24477&4&4.9800871367689705|24478&4&4.9800871367689705|24479&4&4.9800871367689705|24480&4&4.9800871367689705|24481&4&4.9800871367689705|24482&4&56.785068877084726|24483&4&172.14066004657045|24484&4&4.9800871367689705|24485&4&4.9800871367689705|24486&4&4.9800871367689705|24487&4&7.526156685442096|24488&4&7.526156685442096|24489&4&7.526156685442096|24490&4&7.526156685442096|24491&4&118.89175308093489|24492&4&7.526156685442096|24493&4&7.526156685442096|24494&4&7.526156685442096|24495&4&7.526156685442096|24496&4&7.526156685442096|24497&4&1.2571428600761856|24498&4&1.2571428600761856|24499&4&18.90447147801155|24500&4&1.583214289408442|24501&4&1.9141060758948063|24502&4&1.9141060758948063|24503&4&2.2498721833746895|24504&4&2.2498721833746895|24505&4&10.370513124886607|24506&4&11.521546507963379|24509&4&-7.771561172376096E-16|24511&4&0.30731904672829946|24512&4&0.30731904672829946|24513&4&0.6192478791575262|24514&4&11.338167629727248|24515&4&0.9358383573768122|24516&4&0.9358383573768122,2|24397&4&7.526156685442096|24398&4&42.950012402096526|24399&4&7.526156685442096|24400&4&7.526156685442096|24401&4&7.526156685442096|24402&4&210.82534486246055|24403&4&209.73829531362148|24404&4&7.526156685442096|24405&4&7.526156685442096|24406&4&7.526156685442096|24407&4&10.11013714744388|24408&4&10.11013714744388|24409&4&10.11013714744388|24410&4&10.11013714744388|24411&4&10.11013714744388|24412&4&10.11013714744388|24413&4&10.11013714744388|24414&4&10.11013714744388|24415&4&10.11013714744388|24416&4&295.48635952145395|24417&4&12.732453970062117|24418&4&12.732453970062117|24419&4&12.732453970062117|24420&4&12.732453970062117|24421&4&12.732453970062117|24422&4&12.732453970062117|24423&4&12.732453970062117|24424&4&12.732453970062117|24425&4&12.732453970062117|24426&4&12.732453970062117|24427&4&15.393536849805127|24428&4&15.393536849805127|24429&4&15.393536849805127|24430&4&15.393536849805127|24431&4&15.393536849805127|24432&4&15.393536849805127|24433&4&15.393536849805127|24434&4&15.393536849805127|24435&4&15.393536849805127|24436&4&15.393536849805127|24437&4&18.093819772208427|24438&4&18.093819772208427|24439&4&18.093819772208427|24440&4&18.093819772208427|24441&4&18.093819772208427|24442&4&18.093819772208427|24443&4&18.093819772208427|24444&4&249.87208446309435|24445&4&18.093819772208427|24446&4&18.093819772208427|24447&4&84.38549069419004|24448&4&96.23642131509993|24449&4&385.3952323013712|24450&4&125.18640587269405|24451&4&110.95025573801394|24452&4&172.68182677846733|24453&4&125.64635188267725|24454&4&127.95596066856547|24455&4&92.52985447130189|24456&4&118.31476320693292|24467&4&-7.105427357601002E-15|24468&4&235.72339299802007|24469&4&-7.105427357601002E-15|24470&4&-7.105427357601002E-15|24471&4&242.43287150789294|24472&4&-7.105427357601002E-15|24473&4&-7.105427357601002E-15|24474&4&-7.105427357601002E-15|24475&4&167.83920650039977|24476&4&-7.105427357601002E-15|24477&4&2.471507263905184|24478&4&2.471507263905184|24479&4&2.471507263905184|24480&4&2.471507263905184|24481&4&219.20526679818755|24482&4&2.471507263905184|24483&4&2.471507263905184|24484&4&2.471507263905184|24485&4&2.471507263905184|24486&4&2.471507263905184|24487&4&254.04958711292733|24488&4&4.9800871367689705|24489&4&4.9800871367689705|24490&4&4.9800871367689705|24491&4&4.9800871367689705|24492&4&4.9800871367689705|24493&4&4.9800871367689705|24494&4&4.9800871367689705|24495&4&4.9800871367689705|24496&4&4.9800871367689705|24497&4&0.9358383573768122|24498&4&0.9358383573768122|24499&4&1.2571428600761856|24500&4&1.2571428600761856|24501&4&1.583214289408442|24502&4&1.583214289408442|24503&4&1.9141060758948063|24504&4&1.9141060758948063|24505&4&2.2498721833746895|24506&4&2.2498721833746895|24507&4&12.384984468368081|24508&4&11.529097996813132|24511&4&-7.771561172376096E-16|24512&4&-7.771561172376096E-16|24513&4&0.30731904672829946|24514&4&0.30731904672829946|24515&4&0.6192478791575262|24516&4&0.6192478791575262,2|24397&4&4.9800871367689705|24398&4&4.9800871367689705|24399&4&4.9800871367689705|24400&4&58.23358835715213|24401&4&4.9800871367689705|24402&4&4.9800871367689705|24403&4&10.345242947144053|24404&4&4.9800871367689705|24405&4&4.9800871367689705|24406&4&4.9800871367689705|24407&4&78.45092777183058|24408&4&7.526156685442096|24409&4&145.17284926523874|24410&4&7.526156685442096|24411&4&176.4897784304549|24412&4&7.526156685442096|24413&4&7.526156685442096|24414&4&291.69951392743536|24415&4&173.95423417332353|24416&4&7.526156685442096|24417&4&10.11013714744388|24418&4&10.11013714744388|24419&4&10.11013714744388|24420&4&10.11013714744388|24421&4&10.11013714744388|24422&4&10.11013714744388|24423&4&38.21685718838326|24424&4&177.83724334893486|24425&4&253.34139047153133|24426&4&10.11013714744388|24427&4&12.732453970062117|24428&4&12.732453970062117|24429&4&95.57971741849923|24430&4&49.65945418907196|24431&4&12.732453970062117|24432&4&12.732453970062117|24433&4&12.732453970062117|24434&4&12.732453970062117|24435&4&350.5272232595553|24436&4&12.732453970062117|24437&4&15.393536849805127|24438&4&15.393536849805127|24439&4&15.393536849805127|24440&4&15.393536849805127|24441&4&15.393536849805127|24442&4&15.393536849805127|24443&4&192.28085079552736|24444&4&15.393536849805127|24445&4&15.393536849805127|24446&4&15.393536849805127|24447&4&18.093819772208427|24448&4&18.093819772208427|24449&4&18.093819772208427|24450&4&18.093819772208427|24451&4&92.88653104327443|24452&4&18.093819772208427|24453&4&25.718995208006373|24454&4&18.093819772208427|24455&4&100.4464310428612|24456&4&18.093819772208427|24457&4&100.81763609339639|24458&4&102.55472539563866|24459&4&68.63899091209285|24460&4&43.080063913086114|24461&4&145.96353099740668|24462&4&218.54642528884335|24463&4&354.49202602602134|24464&4&284.72766771252736|24465&4&196.39185670997327|24466&4&119.04325937801664|24470&4&254.13739506985047|24472&4&155.66980868817188|24476&4&365.71197662177167|24477&4&-7.105427357601002E-15|24478&4&-7.105427357601002E-15|24479&4&-7.105427357601002E-15|24480&4&-7.105427357601002E-15|24481&4&7.662173610162707|24482&4&-7.105427357601002E-15|24483&4&-7.105427357601002E-15|24484&4&339.88760480649023|24485&4&297.0570510309409|24486&4&-7.105427357601002E-15|24487&4&2.471507263905184|24488&4&207.95540129242275|24489&4&230.46708624635977|24490&4&90.92871162012231|24491&4&2.471507263905184|24492&4&2.471507263905184|24493&4&193.89598015073804|24494&4&2.471507263905184|24495&4&2.471507263905184|24496&4&2.471507263905184|24497&4&0.6192478791575262|24498&4&0.6192478791575262|24499&4&0.9358383573768122|24500&4&0.9358383573768122|24501&4&1.2571428600761856|24502&4&1.2571428600761856|24503&4&1.583214289408442|24504&4&1.583214289408442|24505&4&1.9141060758948063|24506&4&1.9141060758948063|24507&4&2.2498721833746895|24508&4&2.2498721833746895|24509&4&12.411072625423625|24513&4&-7.771561172376096E-16|24514&4&-7.771561172376096E-16|24515&4&0.30731904672829946|24516&4&0.30731904672829946,2|24397&4&2.471507263905184|24398&4&2.471507263905184|24399&4&2.471507263905184|24400&4&2.471507263905184|24401&4&2.471507263905184|24402&4&2.471507263905184|24403&4&2.471507263905184|24404&4&2.471507263905184|24405&4&2.471507263905184|24406&4&207.89539481937257|24407&4&4.9800871367689705|24408&4&4.9800871367689705|24409&4&93.86535458917227|24410&4&4.9800871367689705|24411&4&4.9800871367689705|24412&4&4.9800871367689705|24413&4&4.9800871367689705|24414&4&4.9800871367689705|24415&4&4.9800871367689705|24416&4&4.9800871367689705|24417&4&7.526156685442096|24418&4&7.526156685442096|24419&4&7.526156685442096|24420&4&7.526156685442096|24421&4&7.526156685442096|24422&4&7.526156685442096|24423&4&7.526156685442096|24424&4&7.526156685442096|24425&4&7.526156685442096|24426&4&7.526156685442096|24427&4&10.11013714744388|24428&4&10.11013714744388|24429&4&10.11013714744388|24430&4&38.70043069054671|24431&4&10.11013714744388|24432&4&10.11013714744388|24433&4&200.21446478437548|24434&4&10.11013714744388|24435&4&10.11013714744388|24436&4&10.11013714744388|24437&4&12.732453970062117|24438&4&131.29350412913922|24439&4&12.732453970062117|24440&4&43.06629695078377|24441&4&12.732453970062117|24442&4&12.732453970062117|24443&4&12.732453970062117|24444&4&12.732453970062117|24445&4&12.732453970062117|24446&4&12.732453970062117|24447&4&15.393536849805127|24448&4&155.7632295859583|24449&4&15.393536849805127|24450&4&15.393536849805127|24451&4&15.393536849805127|24452&4&61.220540679293336|24453&4&15.393536849805127|24454&4&52.207937680587875|24455&4&15.393536849805127|24456&4&15.393536849805127|24457&4&18.093819772208427|24458&4&18.093819772208427|24459&4&129.76307529331592|24460&4&18.093819772208427|24461&4&18.093819772208427|24462&4&18.093819772208427|24463&4&18.093819772208427|24464&4&18.093819772208427|24465&4&18.093819772208427|24466&4&18.093819772208427|24467&4&108.25521923885931|24468&4&20.833741052000015|24469&4&88.93304574250013|24470&4&70.67703806634145|24471&4&81.74842103644716|24472&4&84.7027449092136|24473&4&232.23802668487792|24474&4&79.16120345530709|24475&4&20.833741052000015|24476&4&206.57836264051844|24487&4&-7.105427357601002E-15|24488&4&-7.105427357601002E-15|24489&4&-7.105427357601002E-15|24490&4&-7.105427357601002E-15|24491&4&-7.105427357601002E-15|24492&4&-7.105427357601002E-15|24493&4&-7.105427357601002E-15|24494&4&-7.105427357601002E-15|24495&4&-7.105427357601002E-15|24496&4&-7.105427357601002E-15|24497&4&0.30731904672829946|24498&4&0.30731904672829946|24499&4&0.6192478791575262|24500&4&13.77848631385988|24501&4&0.9358383573768122|24502&4&0.9358383573768122|24503&4&1.2571428600761856|24504&4&1.2571428600761856|24505&4&1.583214289408442|24506&4&1.583214289408442|24507&4&1.9141060758948063|24508&4&1.9141060758948063|24509&4&2.2498721833746895|24511&4&2.5905671139999984|24512&4&2.5905671139999984|24515&4&-7.771561172376096E-16|24516&4&-7.771561172376096E-16,2|24397&4&-7.105427357601002E-15|24398&4&-7.105427357601002E-15|24399&4&-7.105427357601002E-15|24400&4&-7.105427357601002E-15|24401&4&-7.105427357601002E-15|24402&4&-7.105427357601002E-15|24403&4&-7.105427357601002E-15|24404&4&99.74781002512537|24405&4&238.42104653413338|24406&4&-7.105427357601002E-15|24407&4&2.471507263905184|24408&4&2.471507263905184|24409&4&2.471507263905184|24410&4&2.471507263905184|24411&4&2.471507263905184|24412&4&2.471507263905184|24413&4&2.471507263905184|24414&4&2.471507263905184|24415&4&2.471507263905184|24416&4&2.471507263905184|24417&4&152.9112705152857|24418&4&225.22501756377218|24419&4&4.9800871367689705|24420&4&4.9800871367689705|24421&4&57.9772173400307|24422&4&4.9800871367689705|24423&4&4.9800871367689705|24424&4&4.9800871367689705|24425&4&4.9800871367689705|24426&4&24.174131884615|24427&4&7.526156685442096|24428&4&7.526156685442096|24429&4&7.526156685442096|24430&4&130.30115231939882|24431&4&7.526156685442096|24432&4&7.526156685442096|24433&4&7.526156685442096|24434&4&7.526156685442096|24435&4&7.526156685442096|24436&4&7.526156685442096|24437&4&10.11013714744388|24438&4&10.11013714744388|24439&4&117.84374453443718|24440&4&10.11013714744388|24441&4&10.11013714744388|24442&4&10.11013714744388|24443&4&10.11013714744388|24444&4&10.11013714744388|24445&4&10.11013714744388|24446&4&10.11013714744388|24447&4&12.732453970062117|24448&4&12.732453970062117|24449&4&12.732453970062117|24450&4&140.10864866894323|24451&4&66.39920294422541|24452&4&12.732453970062117|24453&4&208.31978220797998|24454&4&12.732453970062117|24455&4&12.732453970062117|24456&4&12.732453970062117|24457&4&15.393536849805127|24458&4&15.393536849805127|24459&4&15.393536849805127|24460&4&15.393536849805127|24461&4&15.393536849805127|24462&4&15.393536849805127|24463&4&15.393536849805127|24464&4&15.393536849805127|24465&4&84.30497510160554|24466&4&15.393536849805127|24467&4&18.093819772208427|24468&4&18.093819772208427|24469&4&18.093819772208427|24470&4&18.093819772208427|24471&4&18.093819772208427|24472&4&18.093819772208427|24473&4&18.093819772208427|24474&4&18.093819772208427|24475&4&18.093819772208427|24476&4&18.093819772208427|24477&4&78.06282141049482|24478&4&81.5327390317126|24479&4&95.12974646748783|24480&4&93.01916409252746|24481&4&111.01464093137538|24482&4&73.62103343404375|24483&4&80.09238699536016|24484&4&110.71944175465555|24485&4&77.25439843703111|24486&4&206.488829517841|24497&4&-7.771561172376096E-16|24498&4&-7.771561172376096E-16|24499&4&0.30731904672829946|24500&4&0.30731904672829946|24501&4&0.6192478791575262|24502&4&0.6192478791575262|24503&4&0.9358383573768122|24504&4&0.9358383573768122|24505&4&1.2571428600761856|24506&4&1.2571428600761856|24507&4&1.583214289408442|24508&4&1.583214289408442|24509&4&1.9141060758948063|24511&4&9.278664507504551|24512&4&2.2498721833746895|24513&4&11.458273418050737|24514&4&7.2793779784995944,2|24407&4&-7.105427357601002E-15|24408&4&-7.105427357601002E-15|24409&4&84.02577153655295|24410&4&-7.105427357601002E-15|24411&4&113.41700383501203|24412&4&-7.105427357601002E-15|24413&4&-7.105427357601002E-15|24414&4&45.0375773647968|24415&4&-7.105427357601002E-15|24416&4&-7.105427357601002E-15|24417&4&37.03154592947814|24418&4&2.471507263905184|24419&4&157.33771819872985|24420&4&2.471507263905184|24421&4&227.16481112019716|24422&4&2.471507263905184|24423&4&142.09500831625826|24424&4&2.471507263905184|24425&4&2.471507263905184|24426&4&2.471507263905184|24427&4&188.32837915518257|24428&4&4.9800871367689705|24429&4&22.450473109828252|24430&4&4.9800871367689705|24431&4&4.9800871367689705|24432&4&4.9800871367689705|24433&4&4.9800871367689705|24434&4&4.9800871367689705|24435&4&4.9800871367689705|24436&4&4.9800871367689705|24437&4&7.526156685442096|24438&4&39.1014847906277|24439&4&7.526156685442096|24440&4&17.772878079737893|24441&4&7.526156685442096|24442&4&7.526156685442096|24443&4&7.526156685442096|24444&4&7.526156685442096|24445&4&7.526156685442096|24446&4&7.526156685442096|24447&4&104.8658491545796|24448&4&10.11013714744388|24449&4&10.11013714744388|24450&4&10.11013714744388|24451&4&10.11013714744388|24452&4&10.11013714744388|24453&4&10.11013714744388|24454&4&10.11013714744388|24455&4&10.11013714744388|24456&4&181.5840816292552|24457&4&228.05727677779143|24458&4&12.732453970062117|24459&4&46.44117033852367|24460&4&40.503364461201|24461&4&69.37981128365487|24462&4&12.732453970062117|24463&4&12.732453970062117|24464&4&12.732453970062117|24465&4&12.732453970062117|24466&4&12.732453970062117|24467&4&15.393536849805127|24468&4&15.393536849805127|24469&4&15.393536849805127|24470&4&15.393536849805127|24471&4&15.393536849805127|24472&4&15.393536849805127|24473&4&59.56467323282881|24474&4&101.94547531852861|24475&4&15.393536849805127|24476&4&15.393536849805127|24477&4&18.093819772208427|24478&4&237.94988067940085|24479&4&18.093819772208427|24480&4&219.26684776960684|24481&4&18.093819772208427|24482&4&18.093819772208427|24483&4&18.093819772208427|24484&4&29.606547848053534|24485&4&18.093819772208427|24486&4&151.5126308658257|24487&4&69.82470906848597|24488&4&69.77683363204955|24489&4&113.28428710535712|24490&4&83.3486692281563|24491&4&74.00763889727429|24492&4&258.1596935070158|24493&4&78.95693788121521|24494&4&20.833741052000015|24495&4&82.7459738538208|24496&4&126.33738178829407|24499&4&-7.771561172376096E-16|24500&4&-7.771561172376096E-16|24501&4&0.30731904672829946|24502&4&0.30731904672829946|24503&4&24.449268547502307|24504&4&4.235997993432995|24505&4&0.9358383573768122|24506&4&0.9358383573768122|24507&4&1.2571428600761856|24508&4&1.2571428600761856|24509&4&1.583214289408442|24511&4&1.9141060758948063|24512&4&1.9141060758948063|24513&4&2.2498721833746895|24514&4&2.2498721833746895|24515&4&9.6262326125912|24516&4&11.510743214173242
13|4,130,1,1,1,1,1,1,1,1,1,1,1,1,1,1,1,1,1,1,1,1,1,1,1,1,1,1,1,1,1,1,1,1,1,1,1,1,1,1,1,1,1,1,1,1,1,1,1,1,1,1,1,1,1,1,1,1,1,1,1,1,1,1,1,1,1,1,1,1,1,1,1,1,1,1,1,1,1,1,1,1,1,1,1,1,1,1,1,1,1,1,1,1,1,1,1,1,1,1,1,1,0,0,0,0,0,0,0,0,0,0,0,0,0,0,0,0,0,0,0,0,2|24397&4&186.79914699439772|24398&4&63.64389854849257|24399&4&249.43393689782314|24400&4&112.23218149408899|24401&4&337.6653631068219|24402&4&64.08548307875692|24403&4&109.05302221048251|24404&4&73.41608209737544|24405&4&77.49476816577716|24406&4&112.15805425463923|24407&4&107.05286694237174|24420&4&72.23485095372942|24424&4&95.27654026517283|24427&4&-7.105427357601002E-15|24428&4&308.2970090385542|24429&4&-7.105427357601002E-15|24430&4&-7.105427357601002E-15|24431&4&-7.105427357601002E-15|24432&4&-7.105427357601002E-15|24433&4&-7.105427357601002E-15|24434&4&38.32303138127798|24435&4&-7.105427357601002E-15|24436&4&-7.105427357601002E-15|24437&4&108.40494126551374|24438&4&2.4900435683844906|24439&4&2.4900435683844906|24440&4&2.4900435683844906|24441&4&2.4900435683844906|24442&4&70.73294346447193|24443&4&2.4900435683844906|24444&4&2.4900435683844906|24445&4&2.4900435683844906|24446&4&2.4900435683844906|24447&4&5.017437790294732|24448&4&5.017437790294732|24449&4&5.017437790294732|24450&4&5.017437790294732|24451&4&5.017437790294732|24452&4&5.017437790294732|24453&4&5.017437790294732|24454&4&39.46917448485915|24455&4&5.017437790294732|24456&4&13.05655669433474|24457&4&7.582602860582909|24458&4&7.582602860582909|24459&4&7.582602860582909|24460&4&269.9699604326984|24461&4&7.582602860582909|24462&4&7.582602860582909|24463&4&7.582602860582909|24464&4&7.582602860582909|24465&4&7.582602860582909|24466&4&304.84243448430885|24467&4&10.18596317604969|24468&4&10.18596317604969|24469&4&10.18596317604969|24470&4&10.18596317604969|24471&4&10.18596317604969|24472&4&10.18596317604969|24473&4&10.18596317604969|24474&4&10.18596317604969|24475&4&10.18596317604969|24476&4&10.18596317604969|24477&4&12.827947374837606|24478&4&12.827947374837606|24479&4&101.65034536526548|24480&4&12.827947374837606|24481&4&12.827947374837606|24482&4&189.64414312390494|24483&4&12.827947374837606|24484&4&12.827947374837606|24485&4&12.827947374837606|24486&4&12.827947374837606|24487&4&15.50898837617865|24488&4&15.50898837617865|24489&4&15.50898837617865|24490&4&15.50898837617865|24491&4&112.04904266217409|24492&4&15.50898837617865|24493&4&15.50898837617865|24494&4&76.63574330319017|24495&4&250.76473974307683|24496&4&15.50898837617865|24497&4&11.636766530047545|24498&4&11.631981970353864|24503&4&-1.3322676295501878E-15|24504&4&37.17778620197018|24505&4&0.3096239395787631|24506&4&0.3096239395787631|24507&4&0.6238922382512084|24508&4&0.6238922382512084|24509&4&0.9428571450571397|24511&4&1.2665714315267533|24512&4&1.2665714315267533|24513&4&1.5950883965790048|24514&4&1.5950883965790048|24515&4&1.9284618714640196|24516&4&1.9284618714640196,2|24397&4&15.50898837617865|24398&4&201.60779001045958|24399&4&15.50898837617865|24400&4&15.50898837617865|24401&4&15.50898837617865|24402&4&15.50898837617865|24403&4&15.50898837617865|24404&4&15.50898837617865|24405&4&15.50898837617865|24406&4&15.50898837617865|24407&4&67.43197534572685|24408&4&137.97516309308077|24409&4&75.4744417393594|24410&4&342.8297748701828|24411&4&74.03911350137993|24412&4&107.93782365609208|24413&4&117.10290938841234|24414&4&38.00460351956339|24415&4&91.19121335428194|24416&4&76.91627657527012|24417&4&56.19457858121713|24420&4&18.99866582019537|24421&4&28.13275701792662|24433&4&44.73690947330082|24437&4&-7.105427357601002E-15|24438&4&27.686112723443898|24439&4&-7.105427357601002E-15|24440&4&-7.105427357601002E-15|24441&4&-7.105427357601002E-15|24442&4&196.57494349458904|24443&4&-7.105427357601002E-15|24444&4&-7.105427357601002E-15|24445&4&-7.105427357601002E-15|24446&4&-7.105427357601002E-15|24447&4&2.4900435683844906|24448&4&2.4900435683844906|24449&4&2.4900435683844906|24450&4&2.4900435683844906|24451&4&2.4900435683844906|24452&4&2.4900435683844906|24453&4&2.4900435683844906|24454&4&2.4900435683844906|24455&4&2.4900435683844906|24456&4&2.4900435683844906|24457&4&5.017437790294732|24458&4&5.017437790294732|24459&4&5.017437790294732|24460&4&5.017437790294732|24461&4&84.69992594877361|24462&4&164.74320201957636|24463&4&5.017437790294732|24464&4&30.2577132199761|24465&4&5.017437790294732|24466&4&5.017437790294732|24467&4&206.0344861036341|24468&4&46.567997046248834|24469&4&207.48161186130284|24470&4&7.582602860582909|24471&4&7.582602860582909|24472&4&258.42435990327425|24473&4&7.582602860582909|24474&4&7.582602860582909|24475&4&131.23820035749551|24476&4&7.582602860582909|24477&4&308.8925097390899|24478&4&10.18596317604969|24479&4&10.18596317604969|24480&4&10.18596317604969|24481&4&10.18596317604969|24482&4&10.18596317604969|24483&4&50.90497292423575|24484&4&10.18596317604969|24485&4&10.18596317604969|24486&4&10.18596317604969|24487&4&12.827947374837606|24488&4&12.827947374837606|24489&4&12.827947374837606|24490&4&13.969349132513614|24491&4&13.54259592597506|24492&4&12.827947374837606|24493&4&55.22905432491663|24494&4&12.827947374837606|24495&4&70.05827833556249|24496&4&12.827947374837606|24497&4&1.9284618714640196|24498&4&1.9284618714640196|24499&4&10.278839797149537|24500&4&3.81250509216097|24505&4&-1.3322676295501878E-15|24506&4&-1.3322676295501878E-15|24507&4&0.3096239395787631|24508&4&0.3096239395787631|24509&4&0.6238922382512084|24511&4&0.9428571450571397|24512&4&10.516038371807387|24513&4&1.2665714315267533|24514&4&1.2665714315267533|24515&4&1.5950883965790048|24516&4&1.5950883965790048,2|24397&4&12.827947374837606|24398&4&12.827947374837606|24399&4&12.827947374837606|24400&4&12.827947374837606|24401&4&12.827947374837606|24402&4&74.93801323643513|24403&4&12.827947374837606|24404&4&58.13908289312469|24405&4&12.827947374837606|24406&4&12.827947374837606|24407&4&15.50898837617865|24408&4&15.50898837617865|24409&4&15.50898837617865|24410&4&81.94788682672518|24411&4&15.50898837617865|24412&4&160.29685476974413|24413&4&217.81328042877402|24414&4&15.50898837617865|24415&4&15.50898837617865|24416&4&15.50898837617865|24417&4&84.93218692404665|24418&4&95.23530294907283|24419&4&80.33516661175815|24420&4&78.92607560767841|24421&4&75.42022929444849|24422&4&123.17759350619478|24423&4&75.61629628300474|24424&4&67.25488792097708|24425&4&76.85846448608508|24426&4&94.00730032109361|24429&4&75.61806831484922|24432&4&208.9012521880071|24434&4&92.93424327552671|24441&4&236.54051933674785|24447&4&-7.105427357601002E-15|24448&4&-7.105427357601002E-15|24449&4&-7.105427357601002E-15|24450&4&-7.105427357601002E-15|24451&4&-7.105427357601002E-15|24452&4&-7.105427357601002E-15|24453&4&-7.105427357601002E-15|24454&4&-7.105427357601002E-15|24455&4&155.1000428332257|24456&4&-7.105427357601002E-15|24457&4&2.4900435683844906|24458&4&286.3655229724001|24459&4&2.4900435683844906|24460&4&2.4900435683844906|24461&4&2.4900435683844906|24462&4&2.4900435683844906|24463&4&2.4900435683844906|24464&4&2.4900435683844906|24465&4&90.66196195009479|24466&4&2.4900435683844906|24467&4&5.017437790294732|24468&4&5.883899815571068|24469&4&182.82179187387038|24470&4&10.665773598697776|24471&4&5.017437790294732|24472&4&5.017437790294732|24473&4&5.017437790294732|24474&4&66.73289556978119|24475&4&5.017437790294732|24476&4&5.017437790294732|24477&4&7.582602860582909|24478&4&7.582602860582909|24479&4&7.582602860582909|24480&4&7.582602860582909|24481&4&7.582602860582909|24482&4&7.582602860582909|24483&4&7.582602860582909|24484&4&7.582602860582909|24485&4&67.96335294416883|24486&4&7.582602860582909|24487&4&44.13015504080828|24488&4&10.18596317604969|24489&4&10.18596317604969|24490&4&58.495810618127464|24491&4&10.18596317604969|24492&4&10.18596317604969|24493&4&10.18596317604969|24494&4&284.0996529092522|24495&4&10.18596317604969|24496&4&300.7099289492515|24497&4&1.5950883965790048|24498&4&1.5950883965790048|24499&4&1.9284618714640196|24500&4&1.9284618714640196|24501&4&11.155225609050426|24502&4&9.309130263545134|24507&4&-1.3322676295501878E-15|24508&4&-1.3322676295501878E-15|24509&4&0.3096239395787631|24511&4&32.44789518622724|24512&4&42.1777017869492|24513&4&0.9428571450571397|24514&4&0.9428571450571397|24515&4&1.2665714315267533|24516&4&1.2665714315267533,2|24397&4&10.18596317604969|24398&4&10.18596317604969|24399&4&10.18596317604969|24400&4&10.18596317604969|24401&4&10.18596317604969|24402&4&10.18596317604969|24403&4&97.82308060130646|24404&4&10.18596317604969|24405&4&10.18596317604969|24406&4&10.18596317604969|24407&4&161.25821760033972|24408&4&277.38121997268615|24409&4&12.827947374837606|24410&4&12.827947374837606|24411&4&228.4952774128231|24412&4&12.827947374837606|24413&4&118.04212751588602|24414&4&12.827947374837606|24415&4&12.827947374837606|24416&4&12.827947374837606|24417&4&15.50898837617865|24418&4&15.50898837617865|24419&4&15.50898837617865|24420&4&15.50898837617865|24421&4&15.50898837617865|24422&4&15.50898837617865|24423&4&15.50898837617865|24424&4&15.50898837617865|24425&4&15.50898837617865|24426&4&189.15367520637233|24427&4&63.35345819249108|24428&4&96.0611782564755|24429&4&61.94058892586707|24430&4&86.84361447068466|24431&4&62.24046362182037|24432&4&91.66230589356107|24433&4&62.681789424689185|24434&4&230.27741337226098|24435&4&85.61717022804532|24436&4&331.6629367938674|24441&4&107.08281809482362|24457&4&-7.105427357601002E-15|24458&4&-7.105427357601002E-15|24459&4&-7.105427357601002E-15|24460&4&-7.105427357601002E-15|24461&4&-7.105427357601002E-15|24462&4&-7.105427357601002E-15|24463&4&-7.105427357601002E-15|24464&4&-7.105427357601002E-15|24465&4&-7.105427357601002E-15|24466&4&-7.105427357601002E-15|24467&4&2.4900435683844906|24468&4&2.4900435683844906|24469&4&2.4900435683844906|24470&4&2.4900435683844906|24471&4&2.4900435683844906|24472&4&2.4900435683844906|24473&4&2.4900435683844906|24474&4&2.4900435683844906|24475&4&2.4900435683844906|24476&4&2.4900435683844906|24477&4&5.017437790294732|24478&4&5.017437790294732|24479&4&190.81543951760307|24480&4&62.67358756823492|24481&4&5.017437790294732|24482&4&5.017437790294732|24483&4&5.017437790294732|24484&4&5.017437790294732|24485&4&5.017437790294732|24486&4&5.017437790294732|24487&4&7.582602860582909|24488&4&7.582602860582909|24489&4&41.59140218391476|24490&4&7.582602860582909|24491&4&7.582602860582909|24492&4&7.582602860582909|24493&4&7.582602860582909|24494&4&7.582602860582909|24495&4&7.582602860582909|24496&4&7.582602860582909|24497&4&1.2665714315267533|24498&4&1.2665714315267533|24499&4&1.5950883965790048|24500&4&1.5950883965790048|24501&4&1.9284618714640196|24502&4&1.9284618714640196|24503&4&8.547801348202464|24504&4&6.163327750406767|24509&4&-1.3322676295501878E-15|24511&4&0.3096239395787631|24512&4&0.3096239395787631|24513&4&0.6238922382512084|24514&4&0.6238922382512084|24515&4&0.9428571450571397|24516&4&0.9428571450571397,2|24397&4&74.20486684408378|24398&4&49.90260395601762|24399&4&7.582602860582909|24400&4&236.7382435063713|24401&4&7.582602860582909|24402&4&7.582602860582909|24403&4&7.582602860582909|24404&4&47.67497675763996|24405&4&7.582602860582909|24406&4&7.582602860582909|24407&4&10.18596317604969|24408&4&10.18596317604969|24409&4&10.18596317604969|24410&4&10.18596317604969|24411&4&10.18596317604969|24412&4&10.18596317604969|24413&4&10.18596317604969|24414&4&10.18596317604969|24415&4&10.18596317604969|24416&4&38.18757435823465|24417&4&12.827947374837606|24418&4&32.607736118262466|24419&4&12.827947374837606|24420&4&127.91985740262407|24421&4&12.827947374837606|24422&4&12.827947374837606|24423&4&12.827947374837606|24424&4&88.34290637692685|24425&4&12.827947374837606|24426&4&12.827947374837606|24427&4&205.47616585090304|24428&4&15.50898837617865|24429&4&15.50898837617865|24430&4&15.50898837617865|24431&4&320.7754848245699|24432&4&15.50898837617865|24433&4&15.50898837617865|24434&4&15.50898837617865|24435&4&15.50898837617865|24436&4&15.50898837617865|24437&4&148.79416705617504|24438&4&81.49918072842064|24439&4&75.35438930285096|24440&4&222.65095407928365|24441&4&73.95681573431783|24442&4&65.32734319152738|24443&4&114.23745534199871|24444&4&68.15131646960494|24445&4&363.6800051548288|24446&4&342.20810350405577|24451&4&157.73478709659275|24462&4&12.741015760793772|24467&4&203.11413404687445|24468&4&-7.105427357601002E-15|24469&4&-7.105427357601002E-15|24470&4&-7.105427357601002E-15|24471&4&-7.105427357601002E-15|24472&4&-7.105427357601002E-15|24473&4&-7.105427357601002E-15|24474&4&205.4830490921404|24475&4&-7.105427357601002E-15|24476&4&-7.105427357601002E-15|24477&4&2.4900435683844906|24478&4&2.4900435683844906|24479&4&2.4900435683844906|24480&4&2.4900435683844906|24481&4&2.4900435683844906|24482&4&50.59466947010626|24483&4&180.45447023130882|24484&4&2.4900435683844906|24485&4&2.4900435683844906|24486&4&2.4900435683844906|24487&4&5.017437790294732|24488&4&5.017437790294732|24489&4&5.017437790294732|24490&4&5.017437790294732|24491&4&161.90627213182796|24492&4&5.017437790294732|24493&4&5.017437790294732|24494&4&5.017437790294732|24495&4&5.017437790294732|24496&4&5.017437790294732|24497&4&0.9428571450571397|24498&4&0.9428571450571397|24499&4&25.135156965267555|24500&4&1.2665714315267533|24501&4&1.5950883965790048|24502&4&1.5950883965790048|24503&4&1.9284618714640196|24504&4&1.9284618714640196|24505&4&9.281069362145946|24506&4&10.32717112404493|24511&4&-1.3322676295501878E-15|24512&4&-1.3322676295501878E-15|24513&4&0.3096239395787631|24514&4&10.135300377601007|24515&4&0.6238922382512084|24516&4&0.6238922382512084,2|24397&4&5.017437790294732|24398&4&38.227302524658256|24399&4&5.017437790294732|24400&4&5.017437790294732|24401&4&5.017437790294732|24402&4&196.84499165433772|24403&4&195.8115538150007|24404&4&5.017437790294732|24405&4&5.017437790294732|24406&4&5.017437790294732|24407&4&7.582602860582909|24408&4&7.582602860582909|24409&4&7.582602860582909|24410&4&7.582602860582909|24411&4&7.582602860582909|24412&4&7.582602860582909|24413&4&7.582602860582909|24414&4&7.582602860582909|24415&4&7.582602860582909|24416&4&331.740643976597|24417&4&10.18596317604969|24418&4&10.18596317604969|24419&4&10.18596317604969|24420&4&10.18596317604969|24421&4&10.18596317604969|24422&4&10.18596317604969|24423&4&10.18596317604969|24424&4&10.18596317604969|24425&4&10.18596317604969|24426&4&10.18596317604969|24427&4&12.827947374837606|24428&4&12.827947374837606|24429&4&12.827947374837606|24430&4&12.827947374837606|24431&4&12.827947374837606|24432&4&12.827947374837606|24433&4&12.827947374837606|24434&4&12.827947374837606|24435&4&12.827947374837606|24436&4&12.827947374837606|24437&4&15.50898837617865|24438&4&15.50898837617865|24439&4&15.50898837617865|24440&4&15.50898837617865|24441&4&15.50898837617865|24442&4&15.50898837617865|24443&4&15.50898837617865|24444&4&294.76430634614024|24445&4&15.50898837617865|24446&4&15.50898837617865|24447&4&75.30225483400588|24448&4&86.09796384326205|24449&4&359.3863350378827|24450&4&112.78981415374948|24451&4&99.44867580232386|24452&4&205.91440964102728|24453&4&113.50701331264322|24454&4&116.05470466836005|24455&4&82.72659128792249|24456&4&106.46562940563261|24468&4&267.83942012851435|24471&4&251.96904807705687|24475&4&158.81774058872114|24477&4&-7.105427357601002E-15|24478&4&-7.105427357601002E-15|24479&4&-7.105427357601002E-15|24480&4&-7.105427357601002E-15|24481&4&233.48114599227773|24482&4&-7.105427357601002E-15|24483&4&-7.105427357601002E-15|24484&4&-7.105427357601002E-15|24485&4&-7.105427357601002E-15|24486&4&-7.105427357601002E-15|24487&4&295.20711732074074|24488&4&2.4900435683844906|24489&4&2.4900435683844906|24490&4&2.4900435683844906|24491&4&2.4900435683844906|24492&4&2.4900435683844906|24493&4&2.4900435683844906|24494&4&2.4900435683844906|24495&4&2.4900435683844906|24496&4&2.4900435683844906|24497&4&0.6238922382512084|24498&4&0.6238922382512084|24499&4&0.9428571450571397|24500&4&0.9428571450571397|24501&4&1.2665714315267533|24502&4&1.2665714315267533|24503&4&1.5950883965790048|24504&4&1.5950883965790048|24505&4&1.9284618714640196|24506&4&1.9284618714640196|24507&4&11.112116235707875|24508&4&10.334051660125965|24513&4&-1.3322676295501878E-15|24514&4&-1.3322676295501878E-15|24515&4&0.3096239395787631|24516&4&0.3096239395787631,2|24397&4&2.4900435683844906|24398&4&2.4900435683844906|24399&4&2.4900435683844906|24400&4&52.4152009624937|24401&4&2.4900435683844906|24402&4&2.4900435683844906|24403&4&7.471973963732782|24404&4&2.4900435683844906|24405&4&2.4900435683844906|24406&4&2.4900435683844906|24407&4&71.88671325364886|24408&4&5.017437790294732|24409&4&134.26477409515428|24410&4&5.017437790294732|24411&4&164.00572973181997|24412&4&5.017437790294732|24413&4&5.017437790294732|24414&4&326.560918709524|24415&4&172.92931063277248|24416&4&5.017437790294732|24417&4&7.582602860582909|24418&4&7.582602860582909|24419&4&7.582602860582909|24420&4&7.582602860582909|24421&4&7.582602860582909|24422&4&7.582602860582909|24423&4&33.932652898963575|24424&4&165.86065739547433|24425&4&251.7209029288004|24426&4&7.582602860582909|24427&4&10.18596317604969|24428&4&10.18596317604969|24429&4&88.40969450851856|24430&4&44.805025881371414|24431&4&10.18596317604969|24432&4&10.18596317604969|24433&4&10.18596317604969|24434&4&10.18596317604969|24435&4&393.23640541733073|24436&4&10.18596317604969|24437&4&12.827947374837606|24438&4&12.827947374837606|24439&4&12.827947374837606|24440&4&12.827947374837606|24441&4&12.827947374837606|24442&4&12.827947374837606|24443&4&179.7439795944079|24444&4&12.827947374837606|24445&4&12.827947374837606|24446&4&12.827947374837606|24447&4&15.50898837617865|24448&4&15.50898837617865|24449&4&15.50898837617865|24450&4&15.50898837617865|24451&4&85.62715519280302|24452&4&15.50898837617865|24453&4&22.58950842370531|24454&4&15.50898837617865|24455&4&92.54103121279296|24456&4&15.50898837617865|24457&4&90.30110808778376|24458&4&91.81710495884393|24459&4&61.0070669294604|24460&4&38.00403263035433|24461&4&132.2264188310987|24462&4&201.25471997321486|24463&4&369.7764576402847|24464&4&325.175027462929|24465&4&179.80547757787176|24466&4&106.80523125604563|24470&4&293.6544399590701|24472&4&145.92016766945284|24476&4&418.0736315838726|24481&4&7.114875495151091|24484&4&387.10678613894413|24485&4&280.1906781684365|24487&4&-7.105427357601002E-15|24488&4&246.77607653204487|24489&4&215.0049983334179|24490&4&83.73021387024704|24491&4&-7.105427357601002E-15|24492&4&-7.105427357601002E-15|24493&4&228.6984420305236|24494&4&-7.105427357601002E-15|24495&4&-7.105427357601002E-15|24496&4&-7.105427357601002E-15|24497&4&0.3096239395787631|24498&4&0.3096239395787631|24499&4&0.6238922382512084|24500&4&0.6238922382512084|24501&4&0.9428571450571397|24502&4&0.9428571450571397|24503&4&1.2665714315267533|24504&4&1.2665714315267533|24505&4&1.5950883965790048|24506&4&1.5950883965790048|24507&4&1.9284618714640196|24508&4&1.9284618714640196|24509&4&11.135625816243898|24515&4&-1.3322676295501878E-15|24516&4&-1.3322676295501878E-15,2|24397&4&-7.105427357601002E-15|24398&4&-7.105427357601002E-15|24399&4&-7.105427357601002E-15|24400&4&-7.105427357601002E-15|24401&4&-7.105427357601002E-15|24402&4&-7.105427357601002E-15|24403&4&-7.105427357601002E-15|24404&4&-7.105427357601002E-15|24405&4&-7.105427357601002E-15|24406&4&266.9071133918861|24407&4&2.4900435683844906|24408&4&2.4900435683844906|24409&4&86.93104764816762|24410&4&2.4900435683844906|24411&4&2.4900435683844906|24412&4&2.4900435683844906|24413&4&2.4900435683844906|24414&4&2.4900435683844906|24415&4&2.4900435683844906|24416&4&2.4900435683844906|24417&4&5.017437790294732|24418&4&5.017437790294732|24419&4&5.017437790294732|24420&4&5.017437790294732|24421&4&5.017437790294732|24422&4&5.017437790294732|24423&4&5.017437790294732|24424&4&5.017437790294732|24425&4&5.017437790294732|24426&4&5.017437790294732|24427&4&7.582602860582909|24428&4&7.582602860582909|24429&4&118.68609259770827|24430&4&77.16121364383892|24431&4&7.582602860582909|24432&4&7.582602860582909|24433&4&207.22209059813335|24434&4&7.582602860582909|24435&4&7.582602860582909|24436&4&7.582602860582909|24437&4&10.18596317604969|24438&4&179.9987039949752|24439&4&10.18596317604969|24440&4&37.516945146265655|24441&4&10.18596317604969|24442&4&10.18596317604969|24443&4&10.18596317604969|24444&4&10.18596317604969|24445&4&10.18596317604969|24446&4&10.18596317604969|24447&4&12.827947374837606|24448&4&211.79413091581324|24449&4&12.827947374837606|24450&4&72.45311524039386|24451&4&12.827947374837606|24452&4&54.25683371764309|24453&4&12.827947374837606|24454&4&47.70474816189494|24455&4&73.71017705918246|24456&4&12.827947374837606|24457&4&15.50898837617865|24458&4&15.50898837617865|24459&4&169.25434124271956|24460&4&15.50898837617865|24461&4&15.50898837617865|24462&4&15.50898837617865|24463&4&15.50898837617865|24464&4&15.50898837617865|24465&4&15.50898837617865|24466&4&15.50898837617865|24467&4&97.07320595574132|24468&4&18.229523420500016|24469&4&79.46598465647085|24470&4&62.841237275667254|24471&4&72.90213882687142|24472&4&75.58838604710874|24473&4&214.45937823355248|24474&4&70.59126645995451|24475&4&18.229523420500016|24476&4&188.36461217325507|24497&4&-1.3322676295501878E-15|24498&4&-1.3322676295501878E-15|24499&4&0.3096239395787631|24500&4&12.27997144929979|24501&4&0.6238922382512084|24502&4&0.6238922382512084|24503&4&0.9428571450571397|24504&4&0.9428571450571397|24505&4&1.2665714315267533|24506&4&1.2665714315267533|24507&4&1.5950883965790048|24508&4&1.5950883965790048|24509&4&1.9284618714640196|24511&4&2.2667462247499985|24512&4&2.2667462247499985,2|24399&4&70.49501270302676|24402&4&2.7213024515620683|24404&4&152.8128956469972|24405&4&288.43590544931595|24407&4&-7.105427357601002E-15|24408&4&-7.105427357601002E-15|24409&4&-7.105427357601002E-15|24410&4&-7.105427357601002E-15|24411&4&-7.105427357601002E-15|24412&4&-7.105427357601002E-15|24413&4&-7.105427357601002E-15|24414&4&-7.105427357601002E-15|24415&4&-7.105427357601002E-15|24416&4&-7.105427357601002E-15|24417&4&231.7296570583813|24418&4&269.6602115264885|24419&4&2.4900435683844906|24420&4&2.4900435683844906|24421&4&52.69785112936928|24422&4&2.4900435683844906|24423&4&2.4900435683844906|24424&4&2.4900435683844906|24425&4&2.4900435683844906|24426&4&20.3130851199558|24427&4&5.017437790294732|24428&4&5.017437790294732|24429&4&5.017437790294732|24430&4&120.97160033347609|24431&4&5.017437790294732|24432&4&5.017437790294732|24433&4&5.017437790294732|24434&4&5.017437790294732|24435&4&5.017437790294732|24436&4&5.017437790294732|24437&4&7.582602860582909|24438&4&7.582602860582909|24439&4&165.61458819732246|24440&4&7.582602860582909|24441&4&7.582602860582909|24442&4&7.582602860582909|24443&4&7.582602860582909|24444&4&7.582602860582909|24445&4&7.582602860582909|24446&4&7.582602860582909|24447&4&10.18596317604969|24448&4&10.18596317604969|24449&4&10.18596317604969|24450&4&130.59071441907184|24451&4&115.94674952566041|24452&4&10.18596317604969|24453&4&195.50610602341266|24454&4&10.18596317604969|24455&4&10.18596317604969|24456&4&10.18596317604969|24457&4&12.827947374837606|24458&4&12.827947374837606|24459&4&12.827947374837606|24460&4&12.827947374837606|24461&4&53.8052587486269|24462&4&12.827947374837606|24463&4&12.827947374837606|24464&4&12.827947374837606|24465&4&78.11246782391167|24466&4&12.827947374837606|24467&4&15.50898837617865|24468&4&15.50898837617865|24469&4&15.50898837617865|24470&4&15.50898837617865|24471&4&15.50898837617865|24472&4&15.50898837617865|24473&4&15.50898837617865|24474&4&15.50898837617865|24475&4&15.50898837617865|24476&4&15.50898837617865|24477&4&69.5513480891289|24478&4&72.81007957759653|24479&4&85.06713802389979|24480&4&83.14563102834053|24481&4&99.50646703829727|24482&4&65.49089806310107|24483&4&71.48494410635605|24484&4&99.30890440598935|24485&4&68.89462237653909|24486&4&188.2335775202485|24499&4&-1.3322676295501878E-15|24500&4&-1.3322676295501878E-15|24501&4&0.3096239395787631|24502&4&0.3096239395787631|24503&4&0.6238922382512084|24504&4&0.6238922382512084|24505&4&0.9428571450571397|24506&4&0.9428571450571397|24507&4&1.2665714315267533|24508&4&1.2665714315267533|24509&4&1.5950883965790048|24511&4&8.259764907092109|24512&4&1.9284618714640196|24513&4&10.269454208403936|24514&4&6.470397009537209,2|24409&4&78.02393071251345|24411&4&105.15052513015647|24414&4&40.68899507497769|24417&4&32.400036248974644|24418&4&-7.105427357601002E-15|24419&4&200.28994914909472|24420&4&-7.105427357601002E-15|24421&4&210.84485937086725|24422&4&-7.105427357601002E-15|24423&4&185.92263102249103|24424&4&-7.105427357601002E-15|24425&4&-7.105427357601002E-15|24426&4&-7.105427357601002E-15|24427&4&174.30856675901663|24428&4&2.4900435683844906|24429&4&18.37221263480202|24430&4&2.4900435683844906|24431&4&2.4900435683844906|24432&4&2.4900435683844906|24433&4&2.4900435683844906|24434&4&2.4900435683844906|24435&4&2.4900435683844906|24436&4&2.4900435683844906|24437&4&5.017437790294732|24438&4&34.619307888906235|24439&4&5.017437790294732|24440&4&14.532250513569402|24441&4&5.017437790294732|24442&4&5.017437790294732|24443&4&5.017437790294732|24444&4&5.017437790294732|24445&4&5.017437790294732|24446&4&5.017437790294732|24447&4&96.54732861708271|24448&4&7.582602860582909|24449&4&7.582602860582909|24450&4&7.582602860582909|24451&4&7.582602860582909|24452&4&7.582602860582909|24453&4&7.582602860582909|24454&4&7.582602860582909|24455&4&7.582602860582909|24456&4&170.05273335795093|24457&4&265.62393232113317|24458&4&10.18596317604969|24459&4&40.83025078374201|24460&4&35.17978261807468|24461&4&63.68624508333174|24462&4&10.18596317604969|24463&4&10.18596317604969|24464&4&10.18596317604969|24465&4&10.18596317604969|24466&4&10.18596317604969|24467&4&12.827947374837606|24468&4&12.827947374837606|24469&4&12.827947374837606|24470&4&12.827947374837606|24471&4&12.827947374837606|24472&4&12.827947374837606|24473&4&54.13108339477036|24474&4&93.97038968926587|24475&4&12.827947374837606|24476&4&12.827947374837606|24477&4&15.50898837617865|24478&4&223.26633386412422|24479&4&15.50898837617865|24480&4&205.76020190373129|24481&4&15.50898837617865|24482&4&15.50898837617865|24483&4&15.50898837617865|24484&4&26.199378732320532|24485&4&15.50898837617865|24486&4&172.6018292419772|24487&4&62.0742132702142|24488&4&62.03095163019377|24489&4&101.59395627507932|24490&4&74.42037392962472|24491&4&65.83876981778906|24492&4&291.87678565104824|24493&4&70.39410407745096|24494&4&18.229523420500016|24495&4&73.85700056656107|24496&4&113.75414984438535|24501&4&-1.3322676295501878E-15|24502&4&-1.3322676295501878E-15|24503&4&30.512383451577648|24504&4&3.5975785889200984|24505&4&0.6238922382512084|24506&4&0.6238922382512084|24507&4&0.9428571450571397|24508&4&0.9428571450571397|24509&4&1.2665714315267533|24511&4&1.5950883965790048|24512&4&1.5950883965790048|24513&4&1.9284618714640196|24514&4&1.9284618714640196|24515&4&8.60425044161008|24516&4&10.317262852441566
14|4,130,1,1,1,1,1,1,1,1,1,1,1,1,1,1,1,1,1,1,1,1,1,1,1,1,1,1,1,1,1,1,1,1,1,1,1,1,1,1,1,1,1,1,1,1,1,1,1,1,1,1,1,1,1,1,1,1,1,1,1,1,1,1,1,1,1,1,1,1,1,1,1,1,1,1,1,1,1,1,1,1,1,1,1,1,1,1,1,1,1,1,1,1,1,1,1,1,1,1,1,1,0,0,0,0,0,0,0,0,0,0,0,0,0,0,0,0,0,0,0,0,2|24397&4&218.26996427673998|24398&4&55.73651468177404|24399&4&229.37211248349627|24400&4&99.72571707096465|24401&4&369.48081977497617|24402&4&56.2340450091973|24403&4&96.56638460569177|24404&4&64.53420650808552|24405&4&68.16378639436252|24406&4&99.56848242506491|24407&4&98.59787447423446|24420&4&68.457427551395|24424&4&169.6323257760734|24428&4&290.56105581930206|24434&4&35.927841919948115|24437&4&161.5727841249685|24438&4&1.0658141036401503E-14|24439&4&1.0658141036401503E-14|24440&4&1.0658141036401503E-14|24441&4&1.0658141036401503E-14|24442&4&63.82441321038239|24443&4&1.0658141036401503E-14|24444&4&1.0658141036401503E-14|24445&4&1.0658141036401503E-14|24446&4&1.0658141036401503E-14|24447&4&2.5087188951473682|24448&4&2.5087188951473682|24449&4&2.5087188951473682|24450&4&2.5087188951473682|24451&4&2.5087188951473682|24452&4&2.5087188951473682|24453&4&2.5087188951473682|24454&4&34.807222046301504|24455&4&2.5087188951473682|24456&4&10.011896538918041|24457&4&5.05506857372194|24458&4&5.05506857372194|24459&4&5.05506857372194|24460&4&296.92766844366093|24461&4&65.79916711537344|24462&4&5.05506857372194|24463&4&5.05506857372194|24464&4&5.05506857372194|24465&4&5.05506857372194|24466&4&341.3598893414176|24467&4&7.639472382037263|24468&4&51.801179179991216|24469&4&7.639472382037263|24470&4&7.639472382037263|24471&4&7.639472382037263|24472&4&7.639472382037263|24473&4&7.639472382037263|24474&4&7.639472382037263|24475&4&7.639472382037263|24476&4&7.639472382037263|24477&4&10.262357899870086|24478&4&10.262357899870086|24479&4&93.37077580551289|24480&4&10.262357899870086|24481&4&10.262357899870086|24482&4&175.59519398483766|24483&4&10.262357899870086|24484&4&10.262357899870086|24485&4&10.262357899870086|24486&4&10.262357899870086|24487&4&12.924156980148872|24488&4&12.924156980148872|24489&4&12.924156980148872|24490&4&12.924156980148872|24491&4&103.02820764707795|24492&4&12.924156980148872|24493&4&12.924156980148872|24494&4&67.16352721848159|24495&4&293.4104698495818|24496&4&12.924156980148872|24497&4&10.324754062983057|24498&4&10.312933837982449|24499&4&7.522973197388083|24504&4&43.080049896056686|24505&4&0.0|24506&4&0.0|24507&4&0.31194611912560466|24508&4&0.31194611912560466|24509&4&0.6285714300380938|24511&4&0.9499285736450647|24512&4&0.9499285736450647|24513&4&1.2760707172632033|24514&4&1.2760707172632033|24515&4&1.6070515595533497|24516&4&1.6070515595533497,2|24397&4&12.924156980148872|24398&4&241.51422554184072|24399&4&12.924156980148872|24400&4&12.924156980148872|24401&4&12.924156980148872|24402&4&12.924156980148872|24403&4&12.924156980148872|24404&4&12.924156980148872|24405&4&12.924156980148872|24406&4&12.924156980148872|24407&4&59.13397223293104|24408&4&123.57855613257652|24409&4&66.42987545359512|24410&4&318.2207700411129|24411&4&65.07879158830491|24412&4&95.85124984532533|24413&4&103.99840821605508|24414&4&32.92850087568047|24415&4&80.51551398406147|24416&4&67.66949016486643|24417&4&51.87191869035427|24420&4&17.53722998787265|24421&4&90.80426512661793|24433&4&41.302415830775026|24438&4&25.55641174471745|24442&4&244.09418826096783|24444&4&63.62273611066414|24447&4&1.0658141036401503E-14|24448&4&1.0658141036401503E-14|24449&4&1.0658141036401503E-14|24450&4&1.0658141036401503E-14|24451&4&1.0658141036401503E-14|24452&4&1.0658141036401503E-14|24453&4&1.0658141036401503E-14|24454&4&1.0658141036401503E-14|24455&4&1.0658141036401503E-14|24456&4&1.0658141036401503E-14|24457&4&2.5087188951473682|24458&4&2.5087188951473682|24459&4&2.5087188951473682|24460&4&2.5087188951473682|24461&4&77.76440215593297|24462&4&197.7201863010817|24463&4&2.5087188951473682|24464&4&25.807434676391708|24465&4&2.5087188951473682|24466&4&2.5087188951473682|24467&4&250.6456145452162|24468&4&39.4340984040491|24469&4&193.03005336667306|24470&4&5.05506857372194|24471&4&5.05506857372194|24472&4&302.78381301190154|24473&4&5.05506857372194|24474&4&5.05506857372194|24475&4&116.51940651879319|24476&4&5.05506857372194|24477&4&355.00034796731734|24478&4&7.639472382037263|24479&4&7.639472382037263|24480&4&7.639472382037263|24481&4&7.639472382037263|24482&4&7.639472382037263|24483&4&45.56944593874236|24484&4&7.639472382037263|24485&4&7.639472382037263|24486&4&7.639472382037263|24487&4&10.262357899870086|24488&4&10.262357899870086|24489&4&10.262357899870086|24490&4&11.343685880826303|24491&4&10.92203348553543|24492&4&10.262357899870086|24493&4&49.40184123840457|24494&4&10.262357899870086|24495&4&63.09035570976998|24496&4&10.262357899870086|24497&4&1.6070515595533497|24498&4&1.6070515595533497|24499&4&9.089971681278882|24500&4&3.2954643444845986|24507&4&0.0|24508&4&0.0|24509&4&0.31194611912560466|24511&4&8.599143520386102|24512&4&9.21019106042319|24513&4&0.9499285736450647|24514&4&0.9499285736450647|24515&4&1.2760707172632033|24516&4&1.2760707172632033,2|24397&4&10.262357899870086|24398&4&10.262357899870086|24399&4&10.262357899870086|24400&4&10.262357899870086|24401&4&10.262357899870086|24402&4&67.59472638749855|24403&4&10.262357899870086|24404&4&52.552751050271354|24405&4&10.262357899870086|24406&4&10.262357899870086|24407&4&12.924156980148872|24408&4&12.924156980148872|24409&4&12.924156980148872|24410&4&74.25237093449951|24411&4&12.924156980148872|24412&4&148.5194295014715|24413&4&202.46417754633273|24414&4&12.924156980148872|24415&4&12.924156980148872|24416&4&12.924156980148872|24417&4&74.88467852523249|24418&4&85.28590239193062|24419&4&70.74815571590464|24420&4&69.48291047740354|24421&4&66.3672286866978|24422&4&110.008787376713|24423&4&66.91162170307078|24424&4&58.975928409200755|24425&4&67.65949196533069|24426&4&83.04932379912319|24429&4&69.83803377403129|24432&4&195.81461526588964|24434&4&86.29608304156051|24441&4&220.77438038187069|24455&4&146.48155993247138|24457&4&1.0658141036401503E-14|24458&4&316.979395775067|24459&4&1.0658141036401503E-14|24460&4&1.0658141036401503E-14|24461&4&1.0658141036401503E-14|24462&4&1.0658141036401503E-14|24463&4&1.0658141036401503E-14|24464&4&1.0658141036401503E-14|24465&4&137.88695062574575|24466&4&1.0658141036401503E-14|24467&4&2.5087188951473682|24468&4&3.288534717896071|24469&4&169.1526593305009|24470&4&7.722567333673254|24471&4&2.5087188951473682|24472&4&2.5087188951473682|24473&4&2.5087188951473682|24474&4&59.476833768519484|24475&4&2.5087188951473682|24476&4&2.5087188951473682|24477&4&5.05506857372194|24478&4&5.05506857372194|24479&4&5.05506857372194|24480&4&5.05506857372194|24481&4&5.05506857372194|24482&4&5.05506857372194|24483&4&5.05506857372194|24484&4&5.05506857372194|24485&4&60.79114557395509|24486&4&5.05506857372194|24487&4&38.97257256489135|24488&4&7.639472382037263|24489&4&7.639472382037263|24490&4&52.233177713185974|24491&4&7.639472382037263|24492&4&7.639472382037263|24493&4&7.639472382037263|24494&4&331.27221711196546|24495&4&7.639472382037263|24496&4&349.2932118703206|24497&4&1.2760707172632033|24498&4&1.2760707172632033|24499&4&1.6070515595533497|24500&4&1.6070515595533497|24501&4&9.877961773979099|24502&4&8.223901269375004|24509&4&0.0|24511&4&30.327101732799534|24512&4&48.31234389836177|24513&4&0.6285714300380938|24514&4&0.6285714300380938|24515&4&0.9499285736450647|24516&4&0.9499285736450647,2|24397&4&7.639472382037263|24398&4&7.639472382037263|24399&4&7.639472382037263|24400&4&7.639472382037263|24401&4&7.639472382037263|24402&4&7.639472382037263|24403&4&164.41839585569218|24404&4&7.639472382037263|24405&4&7.639472382037263|24406&4&7.639472382037263|24407&4&226.96379139154214|24408&4&319.6640421983956|24409&4&54.40374687936968|24410&4&10.262357899870086|24411&4&290.5054023376069|24412&4&10.262357899870086|24413&4&110.08316071987736|24414&4&10.262357899870086|24415&4&10.262357899870086|24416&4&10.262357899870086|24417&4&12.924156980148872|24418&4&12.924156980148872|24419&4&12.924156980148872|24420&4&12.924156980148872|24421&4&12.924156980148872|24422&4&12.924156980148872|24423&4&12.924156980148872|24424&4&12.924156980148872|24425&4&12.924156980148872|24426&4&238.26811929323188|24427&4&55.47011342210655|24428&4&84.89842383468108|24429&4&54.20485105659538|24430&4&76.67508056000571|24431&4&54.4714063418872|24432&4&80.96563107786926|24433&4&54.86370506190143|24434&4&212.55520719547255|24435&4&75.4986571905383|24436&4&351.68889308170066|24441&4&179.93183855437417|24443&4&35.986096612692904|24453&4&47.74105501212449|24454&4&14.315066315789881|24467&4&1.0658141036401503E-14|24468&4&1.0658141036401503E-14|24469&4&1.0658141036401503E-14|24470&4&1.0658141036401503E-14|24471&4&1.0658141036401503E-14|24472&4&1.0658141036401503E-14|24473&4&1.0658141036401503E-14|24474&4&1.0658141036401503E-14|24475&4&1.0658141036401503E-14|24476&4&1.0658141036401503E-14|24477&4&2.5087188951473682|24478&4&2.5087188951473682|24479&4&202.35317107929143|24480&4&92.3214270226106|24481&4&2.5087188951473682|24482&4&2.5087188951473682|24483&4&2.5087188951473682|24484&4&2.5087188951473682|24485&4&2.5087188951473682|24486&4&2.5087188951473682|24487&4&5.05506857372194|24488&4&5.05506857372194|24489&4&75.8160868424433|24490&4&5.05506857372194|24491&4&5.05506857372194|24492&4&66.45916371444233|24493&4&5.05506857372194|24494&4&5.05506857372194|24495&4&5.05506857372194|24496&4&5.05506857372194|24497&4&0.9499285736450647|24498&4&0.9499285736450647|24499&4&1.2760707172632033|24500&4&1.2760707172632033|24501&4&1.6070515595533497|24502&4&1.6070515595533497|24503&4&7.532270689593745|24504&4&5.385084485147528|24511&4&0.0|24512&4&0.0|24513&4&0.31194611912560466|24514&4&0.31194611912560466|24515&4&0.6285714300380938|24516&4&0.6285714300380938,2|24397&4&66.55254302003044|24398&4&44.11968496950783|24399&4&5.05506857372194|24400&4&246.20747419157334|24401&4&5.05506857372194|24402&4&5.05506857372194|24403&4&5.05506857372194|24404&4&42.063413709466914|24405&4&5.05506857372194|24406&4&5.05506857372194|24407&4&7.639472382037263|24408&4&7.639472382037263|24409&4&7.639472382037263|24410&4&7.639472382037263|24411&4&7.639472382037263|24412&4&7.639472382037263|24413&4&7.639472382037263|24414&4&7.639472382037263|24415&4&7.639472382037263|24416&4&33.487113473284914|24417&4&10.262357899870086|24418&4&27.56967305036684|24419&4&10.262357899870086|24420&4&118.87783570868659|24421&4&10.262357899870086|24422&4&10.262357899870086|24423&4&10.262357899870086|24424&4&79.96847390179862|24425&4&10.262357899870086|24426&4&10.262357899870086|24427&4&245.90558453393038|24428&4&12.924156980148872|24429&4&12.924156980148872|24430&4&12.924156980148872|24431&4&357.73757934246447|24432&4&12.924156980148872|24433&4&12.924156980148872|24434&4&12.924156980148872|24435&4&12.924156980148872|24436&4&12.924156980148872|24437&4&134.42855761697498|24438&4&71.80148622964043|24439&4&66.23441612216126|24440&4&265.81852267560714|24441&4&65.03655897279086|24442&4&57.27627326469246|24443&4&101.68019129568371|24444&4&59.75135003046607|24445&4&400.1897614069911|24446&4&316.8964211605446|24451&4&148.3740120331599|24462&4&11.760937625348097|24467&4&189.11540165091094|24474&4&257.7435330916135|24477&4&1.0658141036401503E-14|24478&4&1.0658141036401503E-14|24479&4&1.0658141036401503E-14|24480&4&1.0658141036401503E-14|24481&4&1.0658141036401503E-14|24482&4&44.4042700631278|24483&4&228.4824093704277|24484&4&1.0658141036401503E-14|24485&4&1.0658141036401503E-14|24486&4&1.0658141036401503E-14|24487&4&2.5087188951473682|24488&4&2.5087188951473682|24489&4&2.5087188951473682|24490&4&2.5087188951473682|24491&4&205.39693998576843|24492&4&2.5087188951473682|24493&4&2.5087188951473682|24494&4&2.5087188951473682|24495&4&2.5087188951473682|24496&4&2.5087188951473682|24497&4&0.6285714300380938|24498&4&0.6285714300380938|24499&4&23.497088589933476|24500&4&0.9499285736450647|24501&4&1.2760707172632033|24502&4&1.2760707172632033|24503&4&1.6070515595533497|24504&4&1.6070515595533497|24505&4&8.191625599405285|24506&4&9.13279574012648|24513&4&0.0|24514&4&8.932433125474766|24515&4&0.31194611912560466|24516&4&0.31194611912560466,2|24397&4&2.5087188951473682|24398&4&33.504592647219994|24399&4&2.5087188951473682|24400&4&2.5087188951473682|24401&4&2.5087188951473682|24402&4&182.8646384462149|24403&4&181.88481231637996|24404&4&2.5087188951473682|24405&4&2.5087188951473682|24406&4&2.5087188951473682|24407&4&5.05506857372194|24408&4&5.05506857372194|24409&4&5.05506857372194|24410&4&5.05506857372194|24411&4&5.05506857372194|24412&4&5.05506857372194|24413&4&5.05506857372194|24414&4&5.05506857372194|24415&4&5.05506857372194|24416&4&381.3667001917207|24417&4&7.639472382037263|24418&4&7.639472382037263|24419&4&7.639472382037263|24420&4&7.639472382037263|24421&4&7.639472382037263|24422&4&7.639472382037263|24423&4&7.639472382037263|24424&4&7.639472382037263|24425&4&7.639472382037263|24426&4&7.639472382037263|24427&4&10.262357899870086|24428&4&10.262357899870086|24429&4&10.262357899870086|24430&4&10.262357899870086|24431&4&10.262357899870086|24432&4&10.262357899870086|24433&4&10.262357899870086|24434&4&10.262357899870086|24435&4&10.262357899870086|24436&4&10.262357899870086|24437&4&12.924156980148872|24438&4&12.924156980148872|24439&4&12.924156980148872|24440&4&12.924156980148872|24441&4&12.924156980148872|24442&4&12.924156980148872|24443&4&12.924156980148872|24444&4&275.89621041168726|24445&4&12.924156980148872|24446&4&12.924156980148872|24447&4&66.21901897382173|24448&4&75.95950637142418|24449&4&333.37743777439425|24450&4&100.39322243480485|24451&4&87.94709586663379|24452&4&190.89744339609507|24453&4&101.36767474260918|24454&4&104.15344866815465|24455&4&72.9233281045431|24456&4&94.6164956043323|24468&4&250.78812569912117|24471&4&263.28043704413216|24475&4&149.7962746770425|24481&4&219.5431571594948|24487&4&336.1755647020932|24488&4&1.0658141036401503E-14|24489&4&1.0658141036401503E-14|24490&4&1.0658141036401503E-14|24491&4&1.0658141036401503E-14|24492&4&1.0658141036401503E-14|24493&4&1.0658141036401503E-14|24494&4&1.0658141036401503E-14|24495&4&1.0658141036401503E-14|24496&4&1.0658141036401503E-14|24497&4&0.31194611912560466|24498&4&0.31194611912560466|24499&4&0.6285714300380938|24500&4&0.6285714300380938|24501&4&0.9499285736450647|24502&4&0.9499285736450647|24503&4&1.2760707172632033|24504&4&1.2760707172632033|24505&4&1.6070515595533497|24506&4&1.6070515595533497|24507&4&9.839248003047667|24508&4&9.139005323438797|24515&4&0.0|24516&4&0.0,2|24397&4&1.0658141036401503E-14|24398&4&1.0658141036401503E-14|24399&4&1.0658141036401503E-14|24400&4&46.59681356783527|24401&4&1.0658141036401503E-14|24402&4&1.0658141036401503E-14|24403&4&4.598704980321511|24404&4&1.0658141036401503E-14|24405&4&1.0658141036401503E-14|24406&4&1.0658141036401503E-14|24407&4&65.32249873546715|24408&4&2.5087188951473682|24409&4&123.3566989250698|24410&4&2.5087188951473682|24411&4&151.52168103318502|24412&4&2.5087188951473682|24413&4&2.5087188951473682|24414&4&360.5194910861745|24415&4&225.3278027085385|24416&4&2.5087188951473682|24417&4&5.05506857372194|24418&4&5.05506857372194|24419&4&5.05506857372194|24420&4&5.05506857372194|24421&4&5.05506857372194|24422&4&5.05506857372194|24423&4&29.648448609543895|24424&4&153.88407144201378|24425&4&297.3410340912151|24426&4&5.05506857372194|24427&4&7.639472382037263|24428&4&7.639472382037263|24429&4&81.2396715985379|24430&4&39.95059757367087|24431&4&7.639472382037263|24432&4&7.639472382037263|24433&4&7.639472382037263|24434&4&7.639472382037263|24435&4&440.6195312838245|24436&4&7.639472382037263|24437&4&10.262357899870086|24438&4&10.262357899870086|24439&4&10.262357899870086|24440&4&10.262357899870086|24441&4&10.262357899870086|24442&4&10.262357899870086|24443&4&167.20710839328848|24444&4&10.262357899870086|24445&4&10.262357899870086|24446&4&10.262357899870086|24447&4&12.924156980148872|24448&4&12.924156980148872|24449&4&12.924156980148872|24450&4&12.924156980148872|24451&4&78.3677793423316|24452&4&12.924156980148872|24453&4&19.460021639404253|24454&4&12.924156980148872|24455&4&84.63563138272471|24456&4&12.924156980148872|24457&4&79.78458008217112|24458&4&81.07948452204921|24459&4&53.375142946827935|24460&4&32.92800134762254|24461&4&118.4893066647907|24462&4&183.96301465758634|24463&4&344.02418831585913|24464&4&362.20230120595113|24465&4&163.21909844577024|24466&4&94.56720313407462|24470&4&275.998551666756|24472&4&136.1705266507338|24476&4&462.39415571615854|24481&4&6.567577380139468|24484&4&396.31483660431655|24485&4&313.9248110028799|24488&4&289.8379141404549|24489&4&202.01441768438116|24490&4&79.00322338427695|24493&4&264.8113463226065|24497&4&0.0|24498&4&0.0|24499&4&0.31194611912560466|24500&4&0.31194611912560466|24501&4&0.6285714300380938|24502&4&0.6285714300380938|24503&4&0.9499285736450647|24504&4&0.9499285736450647|24505&4&1.2760707172632033|24506&4&1.2760707172632033|24507&4&1.6070515595533497|24508&4&1.6070515595533497|24509&4&9.86017900706417,2|24399&4&88.20198488145292|24406&4&323.93801559441044|24407&4&1.0658141036401503E-14|24408&4&1.0658141036401503E-14|24409&4&79.99674070716297|24410&4&1.0658141036401503E-14|24411&4&1.0658141036401503E-14|24412&4&6.066441261995845|24413&4&1.0658141036401503E-14|24414&4&1.0658141036401503E-14|24415&4&1.0658141036401503E-14|24416&4&1.0658141036401503E-14|24417&4&2.5087188951473682|24418&4&2.5087188951473682|24419&4&2.5087188951473682|24420&4&2.5087188951473682|24421&4&2.5087188951473682|24422&4&2.5087188951473682|24423&4&2.5087188951473682|24424&4&2.5087188951473682|24425&4&2.5087188951473682|24426&4&2.5087188951473682|24427&4&5.05506857372194|24428&4&5.05506857372194|24429&4&160.81339445452602|24430&4&122.39781205021856|24431&4&5.05506857372194|24432&4&5.05506857372194|24433&4&244.67730809827304|24434&4&5.05506857372194|24435&4&5.05506857372194|24436&4&5.05506857372194|24437&4&7.639472382037263|24438&4&228.10308192251665|24439&4&7.639472382037263|24440&4&31.967593341747534|24441&4&7.639472382037263|24442&4&7.639472382037263|24443&4&7.639472382037263|24444&4&7.639472382037263|24445&4&7.639472382037263|24446&4&7.639472382037263|24447&4&12.685146169854413|24448&4&218.35627608489503|24449&4&10.262357899870086|24450&4&119.38853982483613|24451&4&10.262357899870086|24452&4&47.293126755992844|24453&4&10.262357899870086|24454&4&43.201558643202006|24455&4&130.60135968907503|24456&4&10.262357899870086|24457&4&12.924156980148872|24458&4&12.924156980148872|24459&4&214.38543117198068|24460&4&12.924156980148872|24461&4&12.924156980148872|24462&4&12.924156980148872|24463&4&12.924156980148872|24464&4&12.924156980148872|24465&4&12.924156980148872|24466&4&12.924156980148872|24467&4&85.8911926726233|24468&4&15.625305789000016|24469&4&69.99892357044159|24470&4&55.00543648499305|24471&4&64.05585661729569|24472&4&66.47402718500388|24473&4&196.68072978222708|24474&4&62.021329464601905|24475&4&15.625305789000016|24476&4&170.1508617059917|24499&4&0.0|24500&4&10.781456584739699|24501&4&0.31194611912560466|24502&4&0.31194611912560466|24503&4&0.6285714300380938|24504&4&0.6285714300380938|24505&4&0.9499285736450647|24506&4&0.9499285736450647|24507&4&1.2760707172632033|24508&4&1.2760707172632033|24509&4&1.6070515595533497|24511&4&1.9429253354999987|24512&4&1.9429253354999987,2|24399&4&66.97026206787542|24402&4&122.3661251512172|24404&4&209.13800935698532|24405&4&284.5015943267532|24417&4&276.76941193432964|24418&4&276.86408605035996|24419&4&1.0658141036401503E-14|24420&4&1.0658141036401503E-14|24421&4&47.41848491870786|24422&4&1.0658141036401503E-14|24423&4&1.0658141036401503E-14|24424&4&1.0658141036401503E-14|24425&4&1.0658141036401503E-14|24426&4&16.452038355296605|24427&4&2.5087188951473682|24428&4&2.5087188951473682|24429&4&2.5087188951473682|24430&4&111.64204834755334|24431&4&2.5087188951473682|24432&4&2.5087188951473682|24433&4&2.5087188951473682|24434&4&2.5087188951473682|24435&4&2.5087188951473682|24436&4&2.5087188951473682|24437&4&5.05506857372194|24438&4&5.05506857372194|24439&4&217.4844819054763|24440&4&5.05506857372194|24441&4&5.05506857372194|24442&4&5.05506857372194|24443&4&5.05506857372194|24444&4&5.05506857372194|24445&4&5.05506857372194|24446&4&5.05506857372194|24447&4&7.639472382037263|24448&4&7.639472382037263|24449&4&7.639472382037263|24450&4&121.07278016920046|24451&4&157.24309297062217|24452&4&7.639472382037263|24453&4&182.69242983884533|24454&4&7.639472382037263|24455&4&7.639472382037263|24456&4&86.74694244084776|24457&4&10.262357899870086|24458&4&10.262357899870086|24459&4&10.262357899870086|24460&4&10.262357899870086|24461&4&49.19080370496991|24462&4&10.262357899870086|24463&4&10.262357899870086|24464&4&10.262357899870086|24465&4&71.91996054621781|24466&4&10.262357899870086|24467&4&12.924156980148872|24468&4&12.924156980148872|24469&4&12.924156980148872|24470&4&12.924156980148872|24471&4&12.924156980148872|24472&4&12.924156980148872|24473&4&12.924156980148872|24474&4&12.924156980148872|24475&4&12.924156980148872|24476&4&12.924156980148872|24477&4&61.03987476776295|24478&4&64.08742012348043|24479&4&75.00452958031175|24480&4&73.2720979641536|24481&4&87.99829314521917|24482&4&57.36076269215842|24483&4&62.87750121735195|24484&4&87.89836705732316|24485&4&60.53484631604708|24486&4&169.97832552265598|24501&4&0.0|24502&4&0.0|24503&4&0.31194611912560466|24504&4&0.31194611912560466|24505&4&0.6285714300380938|24506&4&0.6285714300380938|24507&4&0.9499285736450647|24508&4&0.9499285736450647|24509&4&1.2760707172632033|24511&4&7.240865306679669|24512&4&1.6070515595533497|24513&4&9.080634998757136|24514&4&8.81211384415501,2|24409&4&72.02208988847394|24411&4&96.88404642530091|24414&4&36.34041278515856|24417&4&30.24003383237634|24419&4&250.01599089296226|24421&4&196.9964148854425|24423&4&232.799804934939|24427&4&160.28875436285074|24428&4&1.0658141036401503E-14|24429&4&14.293952159775785|24430&4&1.0658141036401503E-14|24431&4&1.0658141036401503E-14|24432&4&1.0658141036401503E-14|24433&4&1.0658141036401503E-14|24434&4&1.0658141036401503E-14|24435&4&1.0658141036401503E-14|24436&4&1.0658141036401503E-14|24437&4&2.5087188951473682|24438&4&30.137130987184776|24439&4&2.5087188951473682|24440&4&11.29162294740091|24441&4&2.5087188951473682|24442&4&2.5087188951473682|24443&4&2.5087188951473682|24444&4&2.5087188951473682|24445&4&2.5087188951473682|24446&4&2.5087188951473682|24447&4&88.2288080795858|24448&4&5.05506857372194|24449&4&5.05506857372194|24450&4&5.05506857372194|24451&4&5.05506857372194|24452&4&5.05506857372194|24453&4&5.05506857372194|24454&4&5.05506857372194|24455&4&5.05506857372194|24456&4&158.52138508664666|24457&4&302.3020722371969|24458&4&7.639472382037263|24459&4&35.21933122896035|24460&4&29.856200774948363|24461&4&57.99267888300861|24462&4&7.639472382037263|24463&4&7.639472382037263|24464&4&7.639472382037263|24465&4&7.639472382037263|24466&4&7.639472382037263|24467&4&10.262357899870086|24468&4&10.262357899870086|24469&4&10.262357899870086|24470&4&10.262357899870086|24471&4&10.262357899870086|24472&4&10.262357899870086|24473&4&48.69749355671192|24474&4&85.99530406000314|24475&4&10.262357899870086|24476&4&10.262357899870086|24477&4&12.924156980148872|24478&4&247.8254355616641|24479&4&12.924156980148872|24480&4&192.25355603785573|24481&4&12.924156980148872|24482&4&12.924156980148872|24483&4&12.924156980148872|24484&4&22.792209616587535|24485&4&12.924156980148872|24486&4&168.35119514371382|24487&4&54.32371747194242|24488&4&54.28506962833798|24489&4&89.90362544480152|24490&4&65.49207863109314|24491&4&57.669900738303824|24492&4&269.2481597684751|24493&4&61.83127027368673|24494&4&15.625305789000016|24495&4&64.96802727930131|24496&4&101.17091790047665|24503&4&36.55972177667388|24504&4&2.959159184407202|24505&4&0.31194611912560466|24506&4&0.31194611912560466|24507&4&0.6285714300380938|24508&4&0.6285714300380938|24509&4&0.9499285736450647|24511&4&1.2760707172632033|24512&4&1.2760707172632033|24513&4&1.6070515595533497|24514&4&1.6070515595533497|24515&4&7.582268270628961|24516&4&9.123782490709885
15|4,130,1,1,1,1,1,1,1,1,1,1,1,1,1,1,1,1,1,1,1,1,1,1,1,1,1,1,1,1,1,1,1,1,1,1,1,1,1,1,1,1,1,1,1,1,1,1,1,1,1,1,1,1,1,1,1,1,1,1,1,1,1,1,1,1,1,1,1,1,1,1,1,1,1,1,1,1,1,1,1,1,1,1,1,1,1,1,1,1,1,1,1,1,1,1,1,1,1,1,1,1,0,0,0,0,0,0,0,0,0,0,0,0,0,0,0,0,0,0,0,0,2|24397&4&247.8584621256505|24398&4&47.82913081505551|24399&4&209.31028806916942|24400&4&87.2192526478403|24401&4&342.10955756167994|24402&4&48.38260693963768|24403&4&84.07974700090102|24404&4&55.65233091879561|24405&4&58.832804622947876|24406&4&86.9789105954906|24407&4&90.14288200609718|24420&4&64.68000414906058|24424&4&233.5120674836448|24428&4&272.8251026000499|24434&4&33.532652458618244|24437&4&212.56082607249348|24442&4&59.40592652467731|24447&4&4.440892098500626E-15|24448&4&4.440892098500626E-15|24449&4&4.440892098500626E-15|24450&4&4.440892098500626E-15|24451&4&4.440892098500626E-15|24452&4&4.440892098500626E-15|24453&4&4.440892098500626E-15|24454&4&30.145269607743863|24455&4&4.440892098500626E-15|24456&4&6.967236383501343|24457&4&2.52753428686097|24458&4&2.52753428686097|24459&4&2.52753428686097|24460&4&326.77052155912133|24461&4&123.01369819145495|24462&4&2.52753428686097|24463&4&2.52753428686097|24464&4&2.52753428686097|24465&4&2.52753428686097|24466&4&378.0254462149578|24467&4&5.092981588024836|24468&4&95.087886227821|24469&4&5.092981588024836|24470&4&5.092981588024836|24471&4&5.092981588024836|24472&4&5.092981588024836|24473&4&5.092981588024836|24474&4&5.092981588024836|24475&4&5.092981588024836|24476&4&5.092981588024836|24477&4&7.696768424902566|24478&4&7.696768424902566|24479&4&85.09120624576033|24480&4&7.696768424902566|24481&4&7.696768424902566|24482&4&161.5462448457704|24483&4&7.696768424902566|24484&4&7.696768424902566|24485&4&7.696768424902566|24486&4&7.696768424902566|24487&4&10.339325584119095|24488&4&10.339325584119095|24489&4&10.339325584119095|24490&4&10.339325584119095|24491&4&94.00737263198182|24492&4&10.339325584119095|24493&4&10.339325584119095|24494&4&57.691311133773|24495&4&327.0239577334463|24496&4&10.339325584119095|24497&4&9.012741595918573|24498&4&8.993885705611033|24499&4&15.101294474318326|24504&4&48.76790738465591|24507&4&8.881784197001252E-16|24508&4&8.881784197001252E-16|24509&4&0.3142857150190479|24511&4&0.633285715763376|24512&4&0.633285715763376|24513&4&0.9570530379474019|24514&4&0.9570530379474019|24515&4&1.2856412476426797|24516&4&1.2856412476426797,2|24397&4&10.339325584119095|24398&4&267.2674369491165|24399&4&10.339325584119095|24400&4&10.339325584119095|24401&4&10.339325584119095|24402&4&10.339325584119095|24403&4&10.339325584119095|24404&4&10.339325584119095|24405&4&10.339325584119095|24406&4&10.339325584119095|24407&4&50.83596912013524|24408&4&109.18194917207228|24409&4&57.38530916783081|24410&4&293.61176521204294|24411&4&56.11846967522989|24412&4&83.76467603455859|24413&4&90.89390704369782|24414&4&27.852398231797547|24415&4&69.83981461384101|24416&4&58.42270375446276|24417&4&47.54925879949141|24420&4&16.07579415554993|24421&4&170.83259863977534|24428&4&15.219756348816645|24433&4&37.86792218824924|24434&4&64.01069416241108|24438&4&23.426710765990997|24439&4&62.23363589466348|24442&4&290.865505570016|24444&4&125.93727871688158|24457&4&4.440892098500626E-15|24458&4&4.440892098500626E-15|24459&4&4.440892098500626E-15|24460&4&4.440892098500626E-15|24461&4&70.82887836309233|24462&4&235.32051871896775|24463&4&4.440892098500626E-15|24464&4&21.357156132807315|24465&4&4.440892098500626E-15|24466&4&4.440892098500626E-15|24467&4&300.60965255720805|24468&4&32.30019976184937|24469&4&224.70552081920079|24470&4&2.52753428686097|24471&4&2.52753428686097|24472&4&309.23313357948865|24473&4&45.1093716681016|24474&4&2.52753428686097|24475&4&101.80061268009086|24476&4&2.52753428686097|24477&4&413.24047972514325|24478&4&5.092981588024836|24479&4&5.092981588024836|24480&4&5.092981588024836|24481&4&5.092981588024836|24482&4&5.092981588024836|24483&4&40.23391895324897|24484&4&5.092981588024836|24485&4&5.092981588024836|24486&4&5.092981588024836|24487&4&7.696768424902566|24488&4&7.696768424902566|24489&4&7.696768424902566|24490&4&8.718022629138993|24491&4&8.301471045095797|24492&4&7.696768424902566|24493&4&43.57462815189252|24494&4&7.696768424902566|24495&4&56.12243308397748|24496&4&74.59099885704126|24497&4&1.2856412476426797|24498&4&1.2856412476426797|24499&4&7.901103565408229|24500&4&2.778423596808227|24509&4&8.881784197001252E-16|24511&4&16.299608439087535|24512&4&7.904343749038995|24513&4&0.633285715763376|24514&4&0.633285715763376|24515&4&0.9570530379474019|24516&4&0.9570530379474019,2|24397&4&7.696768424902566|24398&4&7.696768424902566|24399&4&7.696768424902566|24400&4&7.696768424902566|24401&4&7.696768424902566|24402&4&60.251439538561996|24403&4&7.696768424902566|24404&4&46.96641920741803|24405&4&7.696768424902566|24406&4&7.696768424902566|24407&4&10.339325584119095|24408&4&10.339325584119095|24409&4&10.339325584119095|24410&4&66.55685504227385|24411&4&10.339325584119095|24412&4&136.74200423319888|24413&4&187.11507466389148|24414&4&10.339325584119095|24415&4&10.339325584119095|24416&4&10.339325584119095|24417&4&64.83717012641833|24418&4&75.3365018347884|24419&4&61.16114482005114|24420&4&60.039745347128665|24421&4&57.314228078947096|24422&4&96.83998124723121|24423&4&58.20694712313682|24424&4&50.696968897424426|24425&4&58.460519444576306|24426&4&72.09134727715278|24429&4&64.05799923321335|24432&4&182.72797834377215|24434&4&79.6579228075943|24441&4&205.00824142699355|24455&4&137.86307703171707|24458&4&352.89127269733746|24465&4&186.17762829050196|24467&4&4.440892098500626E-15|24468&4&0.6931696202210735|24469&4&155.48352678713144|24470&4&21.51936536836663|24471&4&4.440892098500626E-15|24472&4&4.440892098500626E-15|24473&4&4.440892098500626E-15|24474&4&52.22077196725778|24475&4&4.440892098500626E-15|24476&4&4.440892098500626E-15|24477&4&2.52753428686097|24478&4&2.52753428686097|24479&4&2.52753428686097|24480&4&2.52753428686097|24481&4&2.52753428686097|24482&4&2.52753428686097|24483&4&2.52753428686097|24484&4&2.52753428686097|24485&4&53.61893820374136|24486&4&2.52753428686097|24487&4&33.81499008897441|24488&4&5.092981588024836|24489&4&5.092981588024836|24490&4&45.97054480824448|24491&4&5.092981588024836|24492&4&5.092981588024836|24493&4&5.092981588024836|24494&4&364.99615479451563|24495&4&5.092981588024836|24496&4&326.39589378426695|24497&4&0.9570530379474019|24498&4&0.9570530379474019|24499&4&1.2856412476426797|24500&4&1.2856412476426797|24501&4&8.60069793890777|24502&4&7.138672275204872|24511&4&28.206308279371832|24512&4&54.155476678679044|24513&4&0.3142857150190479|24514&4&0.3142857150190479|24515&4&0.633285715763376|24516&4&0.633285715763376,2|24397&4&5.092981588024836|24398&4&5.092981588024836|24399&4&5.092981588024836|24400&4&5.092981588024836|24401&4&5.092981588024836|24402&4&5.092981588024836|24403&4&169.9544698019091|24404&4&5.092981588024836|24405&4&5.092981588024836|24406&4&5.092981588024836|24407&4&298.03996843979445|24408&4&360.5382704660633|24409&4&65.52275955982202|24410&4&7.696768424902566|24411&4&305.66303925682723|24412&4&7.696768424902566|24413&4&102.12419392386869|24414&4&7.696768424902566|24415&4&7.696768424902566|24416&4&7.696768424902566|24417&4&10.339325584119095|24418&4&10.339325584119095|24419&4&10.339325584119095|24420&4&10.339325584119095|24421&4&10.339325584119095|24422&4&10.339325584119095|24423&4&10.339325584119095|24424&4&10.339325584119095|24425&4&10.339325584119095|24426&4&293.4310996326765|24427&4&47.586768651722025|24428&4&73.73566941288666|24429&4&46.4691131873237|24430&4&66.50654664932676|24431&4&46.702349061954045|24432&4&72.68385391516887|24433&4&47.04562069911367|24434&4&194.83300101868417|24435&4&65.38014415303128|24436&4&362.08528832717184|24441&4&245.03563661022693|24443&4&88.44060072929389|24452&4&2.477539279667692|24453&4&110.08293423370955|24454&4&13.599313000000388|24477&4&4.440892098500626E-15|24478&4&4.440892098500626E-15|24479&4&252.60877953228322|24480&4&143.3982654436194|24481&4&90.39912895732081|24482&4&4.440892098500626E-15|24483&4&4.440892098500626E-15|24484&4&4.440892098500626E-15|24485&4&4.440892098500626E-15|24486&4&4.440892098500626E-15|24487&4&2.52753428686097|24488&4&2.52753428686097|24489&4&113.69607066823522|24490&4&2.52753428686097|24491&4&2.52753428686097|24492&4&116.13978076878166|24493&4&2.52753428686097|24494&4&2.52753428686097|24495&4&2.52753428686097|24496&4&2.52753428686097|24497&4&0.633285715763376|24498&4&0.633285715763376|24499&4&0.9570530379474019|24500&4&0.9570530379474019|24501&4&1.2856412476426797|24502&4&1.2856412476426797|24503&4&6.516740030985027|24504&4&4.606841219888291|24513&4&8.881784197001252E-16|24514&4&8.881784197001252E-16|24515&4&0.3142857150190479|24516&4&0.3142857150190479,2|24397&4&58.9002191959771|24398&4&38.33676598299804|24399&4&2.52753428686097|24400&4&292.016715120407|24401&4&2.52753428686097|24402&4&2.52753428686097|24403&4&2.52753428686097|24404&4&36.45185066129387|24405&4&2.52753428686097|24406&4&2.52753428686097|24407&4&5.092981588024836|24408&4&5.092981588024836|24409&4&5.092981588024836|24410&4&5.092981588024836|24411&4&5.092981588024836|24412&4&5.092981588024836|24413&4&5.092981588024836|24414&4&5.092981588024836|24415&4&5.092981588024836|24416&4&28.78665258833518|24417&4&7.696768424902566|24418&4&22.531609982471217|24419&4&7.696768424902566|24420&4&109.8358140147491|24421&4&7.696768424902566|24422&4&7.696768424902566|24423&4&7.696768424902566|24424&4&71.5940414266704|24425&4&7.696768424902566|24426&4&7.696768424902566|24427&4&286.0793017948632|24428&4&10.339325584119095|24429&4&10.339325584119095|24430&4&10.339325584119095|24431&4&405.2459729921043|24432&4&10.339325584119095|24433&4&10.339325584119095|24434&4&10.339325584119095|24435&4&10.339325584119095|24436&4&10.339325584119095|24437&4&120.06294817777489|24438&4&62.10379173086024|24439&4&57.11444294147157|24440&4&247.86272892118285|24441&4&56.11630221126388|24442&4&49.22520333785757|24443&4&89.12292724936873|24444&4&51.35138359132722|24445&4&434.3000054095401|24446&4&295.3466050486754|24451&4&139.01323696972702|24462&4&10.780859489902422|24467&4&175.11666925494745|24474&4&289.03365780496074|24482&4&40.7039142245338|24483&4&279.98500725205497|24487&4&4.440892098500626E-15|24488&4&4.440892098500626E-15|24489&4&4.440892098500626E-15|24490&4&4.440892098500626E-15|24491&4&247.76671301854086|24492&4&4.440892098500626E-15|24493&4&4.440892098500626E-15|24494&4&4.440892098500626E-15|24495&4&4.440892098500626E-15|24496&4&4.440892098500626E-15|24497&4&0.3142857150190479|24498&4&0.3142857150190479|24499&4&21.859020214599397|24500&4&0.633285715763376|24501&4&0.9570530379474019|24502&4&0.9570530379474019|24503&4&1.2856412476426797|24504&4&1.2856412476426797|24505&4&7.1021818366646245|24506&4&7.938420356208032|24514&4&8.039189812927289|24515&4&8.881784197001252E-16|24516&4&8.881784197001252E-16,2|24397&4&4.440892098500626E-15|24398&4&28.781882769781728|24399&4&4.440892098500626E-15|24400&4&4.440892098500626E-15|24401&4&4.440892098500626E-15|24402&4&168.88428523809208|24403&4&167.95807081775922|24404&4&4.440892098500626E-15|24405&4&4.440892098500626E-15|24406&4&4.440892098500626E-15|24407&4&2.52753428686097|24408&4&2.52753428686097|24409&4&2.52753428686097|24410&4&2.52753428686097|24411&4&2.52753428686097|24412&4&2.52753428686097|24413&4&2.52753428686097|24414&4&2.52753428686097|24415&4&2.52753428686097|24416&4&426.00205404072335|24417&4&5.092981588024836|24418&4&5.092981588024836|24419&4&5.092981588024836|24420&4&5.092981588024836|24421&4&5.092981588024836|24422&4&5.092981588024836|24423&4&5.092981588024836|24424&4&5.092981588024836|24425&4&5.092981588024836|24426&4&5.092981588024836|24427&4&7.696768424902566|24428&4&7.696768424902566|24429&4&7.696768424902566|24430&4&7.696768424902566|24431&4&7.696768424902566|24432&4&7.696768424902566|24433&4&7.696768424902566|24434&4&7.696768424902566|24435&4&7.696768424902566|24436&4&7.696768424902566|24437&4&10.339325584119095|24438&4&10.339325584119095|24439&4&10.339325584119095|24440&4&10.339325584119095|24441&4&10.339325584119095|24442&4&10.339325584119095|24443&4&10.339325584119095|24444&4&257.0281144772342|24445&4&10.339325584119095|24446&4&10.339325584119095|24447&4&57.13578311363757|24448&4&65.82104889958632|24449&4&307.3685405109057|24450&4&87.99663071586023|24451&4&76.4455159309437|24452&4&175.88047715116295|24453&4&89.22833617257518|24454&4&92.25219266794925|24455&4&63.12006492116372|24456&4&82.76736180303199|24468&4&233.73683126972793|24471&4&274.02874887819326|24475&4&140.77480876536384|24481&4&205.6051683267118|24487&4&378.773207559702|24497&4&8.881784197001252E-16|24498&4&8.881784197001252E-16|24499&4&0.3142857150190479|24500&4&0.3142857150190479|24501&4&0.633285715763376|24502&4&0.633285715763376|24503&4&0.9570530379474019|24504&4&0.9570530379474019|24505&4&1.2856412476426797|24506&4&1.2856412476426797|24507&4&8.56637977038746|24508&4&7.94395898675163,2|24400&4&43.268469741561304|24403&4&4.215479565294709|24407&4&58.75828421728545|24408&4&4.440892098500626E-15|24409&4&112.4486237549853|24410&4&4.440892098500626E-15|24411&4&139.0376323345501|24412&4&4.440892098500626E-15|24413&4&4.440892098500626E-15|24414&4&395.1170033671806|24415&4&235.75629927105706|24416&4&4.440892098500626E-15|24417&4&2.52753428686097|24418&4&2.52753428686097|24419&4&2.52753428686097|24420&4&2.52753428686097|24421&4&2.52753428686097|24422&4&2.52753428686097|24423&4&25.364244320124214|24424&4&141.90748548855325|24425&4&348.6796591391754|24426&4&2.52753428686097|24427&4&5.092981588024836|24428&4&5.092981588024836|24429&4&74.06964868855724|24430&4&35.096169265970325|24431&4&5.092981588024836|24432&4&5.092981588024836|24433&4&5.092981588024836|24434&4&5.092981588024836|24435&4&411.2808181517627|24436&4&5.092981588024836|24437&4&7.696768424902566|24438&4&7.696768424902566|24439&4&7.696768424902566|24440&4&7.696768424902566|24441&4&7.696768424902566|24442&4&7.696768424902566|24443&4&154.67023719216905|24444&4&7.696768424902566|24445&4&7.696768424902566|24446&4&7.696768424902566|24447&4&10.339325584119095|24448&4&10.339325584119095|24449&4&10.339325584119095|24450&4&10.339325584119095|24451&4&71.1084034918602|24452&4&10.339325584119095|24453&4&16.330534855103195|24454&4&10.339325584119095|24455&4&76.73023155265646|24456&4&10.339325584119095|24457&4&69.26805207655849|24458&4&70.34186408525449|24459&4&45.74321896419548|24460&4&27.851970064890754|24461&4&104.75219449848271|24462&4&166.67130934195785|24463&4&387.69501980822963|24464&4&397.3223759684238|24465&4&146.63271931366873|24466&4&82.3291750121036|24470&4&258.34266337444177|24472&4&126.42088563201473|24476&4&471.9922721456432|24481&4&6.020279265127845|24484&4&437.2127540685183|24485&4&352.7151979074539|24488&4&310.35985389952737|24489&4&189.0238370353444|24490&4&74.27623289830686|24493&4&303.62773613605|24499&4&8.881784197001252E-16|24500&4&8.881784197001252E-16|24501&4&0.3142857150190479|24502&4&0.3142857150190479|24503&4&0.633285715763376|24504&4&0.633285715763376|24505&4&0.9570530379474019|24506&4&0.9570530379474019|24507&4&1.2856412476426797|24508&4&1.2856412476426797|24509&4&8.584732197884442,2|24399&4&154.72231401362916|24406&4&374.64290862792325|24409&4&75.55247733454279|24412&4&5.763119198896042|24417&4&4.440892098500626E-15|24418&4&4.440892098500626E-15|24419&4&4.440892098500626E-15|24420&4&4.440892098500626E-15|24421&4&4.440892098500626E-15|24422&4&4.440892098500626E-15|24423&4&4.440892098500626E-15|24424&4&4.440892098500626E-15|24425&4&4.440892098500626E-15|24426&4&4.440892098500626E-15|24427&4&2.52753428686097|24428&4&2.52753428686097|24429&4&150.22018514928203|24430&4&169.9498594386626|24431&4&2.52753428686097|24432&4&2.52753428686097|24433&4&284.6866368337048|24434&4&2.52753428686097|24435&4&2.52753428686097|24436&4&2.52753428686097|24437&4&5.092981588024836|24438&4&274.9029042718569|24439&4&5.092981588024836|24440&4&71.20245241344921|24441&4&5.092981588024836|24442&4&5.092981588024836|24443&4&5.092981588024836|24444&4&5.092981588024836|24445&4&5.092981588024836|24446&4&5.092981588024836|24447&4&22.374344940997968|24448&4&204.23833721889173|24449&4&7.696768424902566|24450&4&180.42400509965847|24451&4&7.696768424902566|24452&4&40.3294197943426|24453&4&7.696768424902566|24454&4&38.698369124509085|24455&4&183.35244010752723|24456&4&7.696768424902566|24457&4&10.339325584119095|24458&4&10.339325584119095|24459&4&259.8472500791436|24460&4&10.339325584119095|24461&4&10.339325584119095|24462&4&10.339325584119095|24463&4&10.339325584119095|24464&4&10.339325584119095|24465&4&10.339325584119095|24466&4&10.339325584119095|24467&4&74.7091793895053|24468&4&13.021088157500017|24469&4&60.53186248441232|24470&4&47.16963569431884|24471&4&55.209574407719956|24472&4&57.35966832289901|24473&4&178.9020813309016|24474&4&53.45139246924931|24475&4&13.021088157500017|24476&4&151.9371112387283|24482&4&4.256761235130301|24500&4&9.592565659758371|24501&4&8.881784197001252E-16|24502&4&8.881784197001252E-16|24503&4&0.3142857150190479|24504&4&0.3142857150190479|24505&4&0.633285715763376|24506&4&0.633285715763376|24507&4&0.9570530379474019|24508&4&0.9570530379474019|24509&4&1.2856412476426797|24511&4&1.6191044462499988|24512&4&1.6191044462499988,2|24399&4&63.44551143272409|24402&4&190.24201847538455|24404&4&263.46549741916044|24405&4&267.3141529706877|24417&4&261.6032150042407|24418&4&321.46698872052025|24421&4&44.62916227643092|24426&4&15.081035159021877|24427&4&4.440892098500626E-15|24428&4&4.440892098500626E-15|24429&4&4.440892098500626E-15|24430&4&102.3124963616306|24431&4&4.440892098500626E-15|24432&4&4.440892098500626E-15|24433&4&4.440892098500626E-15|24434&4&4.440892098500626E-15|24435&4&4.440892098500626E-15|24436&4&4.440892098500626E-15|24437&4&2.52753428686097|24438&4&2.52753428686097|24439&4&202.74470960249266|24440&4&2.52753428686097|24441&4&2.52753428686097|24442&4&2.52753428686097|24443&4&2.52753428686097|24444&4&2.52753428686097|24445&4&2.52753428686097|24446&4&2.52753428686097|24447&4&5.092981588024836|24448&4&5.092981588024836|24449&4&5.092981588024836|24450&4&111.55484591932907|24451&4&203.8182052176542|24452&4&5.092981588024836|24453&4&169.878753654278|24454&4&5.092981588024836|24455&4&5.092981588024836|24456&4&131.82568017589753|24457&4&7.696768424902566|24458&4&7.696768424902566|24459&4&7.696768424902566|24460&4&7.696768424902566|24461&4&44.57634866131293|24462&4&7.696768424902566|24463&4&7.696768424902566|24464&4&7.696768424902566|24465&4&65.72745326852396|24466&4&7.696768424902566|24467&4&10.339325584119095|24468&4&10.339325584119095|24469&4&10.339325584119095|24470&4&10.339325584119095|24471&4&10.339325584119095|24472&4&10.339325584119095|24473&4&10.339325584119095|24474&4&10.339325584119095|24475&4&10.339325584119095|24476&4&10.339325584119095|24477&4&52.52840144639702|24478&4&55.36476066936434|24479&4&64.94192113672374|24480&4&63.39856489996667|24481&4&76.49011925214106|24482&4&49.23062732121575|24483&4&54.270058328347844|24484&4&76.48782970865696|24485&4&52.17507025555506|24486&4&151.72307352506346|24503&4&8.881784197001252E-16|24504&4&8.881784197001252E-16|24505&4&0.3142857150190479|24506&4&0.3142857150190479|24507&4&0.633285715763376|24508&4&0.633285715763376|24509&4&0.9570530379474019|24511&4&6.221965706267228|24512&4&1.2856412476426797|24513&4&7.891815789110335|24514&4&15.230709784193465,2|24409&4&66.02024906443444|24411&4&88.61756772044535|24414&4&31.991830495339435|24417&4&28.08003141577803|24419&4&295.06373880808883|24421&4&183.14797040001778|24423&4&279.4390791796154|24427&4&148.75898553506926|24429&4&12.705735253134021|24437&4&4.440892098500626E-15|24438&4&25.654954085463313|24439&4&4.440892098500626E-15|24440&4&8.050995381232418|24441&4&4.440892098500626E-15|24442&4&4.440892098500626E-15|24443&4&4.440892098500626E-15|24444&4&4.440892098500626E-15|24445&4&4.440892098500626E-15|24446&4&4.440892098500626E-15|24447&4&79.91028754208891|24448&4&2.52753428686097|24449&4&2.52753428686097|24450&4&2.52753428686097|24451&4&2.52753428686097|24452&4&2.52753428686097|24453&4&2.52753428686097|24454&4&2.52753428686097|24455&4&2.52753428686097|24456&4&146.99003681534236|24457&4&291.18717916970826|24458&4&5.092981588024836|24459&4&29.60841167417869|24460&4&24.532618931822043|24461&4&52.299112682685475|24462&4&5.092981588024836|24463&4&5.092981588024836|24464&4&5.092981588024836|24465&4&5.092981588024836|24466&4&5.092981588024836|24467&4&7.696768424902566|24468&4&7.696768424902566|24469&4&7.696768424902566|24470&4&7.696768424902566|24471&4&7.696768424902566|24472&4&7.696768424902566|24473&4&43.26390371865347|24474&4&78.02021843074041|24475&4&7.696768424902566|24476&4&7.696768424902566|24477&4&10.339325584119095|24478&4&282.7429577665369|24479&4&10.339325584119095|24480&4&178.74691017198018|24481&4&10.339325584119095|24482&4&10.339325584119095|24483&4&10.339325584119095|24484&4&19.385040500854537|24485&4&10.339325584119095|24486&4&165.21626758542948|24487&4&46.573221673670645|24488&4&46.53918762648219|24489&4&78.21329461452373|24490&4&56.563783332561556|24491&4&49.50103165881859|24492&4&246.61953388590192|24493&4&53.268436469922484|24494&4&13.021088157500017|24495&4&56.07905399204158|24496&4&88.58768595656795|24503&4&42.72724390723375|24504&4&2.6303637194730687|24505&4&0.16413606891544053|24506&4&8.881784197001252E-16|24507&4&0.3142857150190479|24508&4&0.3142857150190479|24509&4&0.633285715763376|24511&4&0.9570530379474019|24512&4&0.9570530379474019|24513&4&1.2856412476426797|24514&4&1.2856412476426797|24515&4&6.560286099647842|24516&4&7.930302128978208
16|4,130,1,1,1,1,1,1,1,1,1,1,1,1,1,1,1,1,1,1,1,1,1,1,1,1,1,1,1,1,1,1,1,1,1,1,1,1,1,1,1,1,1,1,1,1,1,1,1,1,1,1,1,1,1,1,1,1,1,1,1,1,1,1,1,1,1,1,1,1,1,1,1,1,1,1,1,1,1,1,1,1,1,1,1,1,1,1,1,1,1,1,1,1,1,1,1,1,1,1,1,1,0,0,0,0,0,0,0,0,0,0,0,0,0,0,0,0,0,0,0,0,2|24397&4&284.23719560264595|24398&4&39.921746948336974|24399&4&189.2484636548425|24400&4&74.71278822471595|24401&4&314.73829534838376|24402&4&40.53116887007806|24403&4&71.5931093961103|24404&4&46.77045532950571|24405&4&49.50182285153322|24406&4&74.38933876591628|24407&4&81.68788953795992|24412&4&1.3463613063470892|24420&4&71.0249055629369|24424&4&290.51936173318666|24428&4&255.08914938079772|24434&4&31.13746299728837|24437&4&265.2895964672456|24442&4&54.98743983897224|24454&4&27.992036064333583|24456&4&6.431295123232005|24457&4&0.0|24458&4&0.0|24459&4&0.0|24460&4&357.8115293064651|24461&4&151.79716282620663|24462&4&0.0|24463&4&0.0|24464&4&0.0|24465&4&0.0|24466&4&404.1066391091802|24467&4&2.546490794012409|24468&4&137.4243264115916|24469&4&2.546490794012409|24470&4&2.546490794012409|24471&4&2.546490794012409|24472&4&2.546490794012409|24473&4&2.546490794012409|24474&4&2.546490794012409|24475&4&2.546490794012409|24476&4&2.546490794012409|24477&4&5.131178949935046|24478&4&5.131178949935046|24479&4&76.81163668600774|24480&4&5.131178949935046|24481&4&5.131178949935046|24482&4&147.49729570670308|24483&4&5.131178949935046|24484&4&5.131178949935046|24485&4&5.131178949935046|24486&4&5.131178949935046|24487&4&7.754494188089318|24488&4&7.754494188089318|24489&4&7.754494188089318|24490&4&7.754494188089318|24491&4&84.9865376168857|24492&4&7.754494188089318|24493&4&7.754494188089318|24494&4&48.219095049064414|24495&4&360.60360697308994|24496&4&7.754494188089318|24497&4&7.700729128854086|24498&4&7.6748375732396195|24499&4&22.686756577400985|24504&4&54.282680428998184|24509&4&1.9984014443252818E-15|24511&4&0.3166428578816873|24512&4&0.3166428578816873|24513&4&0.6380353586316005|24514&4&0.6380353586316005|24515&4&0.9642309357320098|24516&4&0.9642309357320098,2|24397&4&7.754494188089318|24398&4&304.97938107336745|24399&4&7.754494188089318|24400&4&7.754494188089318|24401&4&7.754494188089318|24402&4&7.754494188089318|24403&4&7.754494188089318|24404&4&7.754494188089318|24405&4&7.754494188089318|24406&4&7.754494188089318|24407&4&42.537966007339435|24408&4&94.78534221156804|24409&4&48.34074288206652|24410&4&333.1347175825692|24411&4&47.15814776215487|24412&4&71.67810222379184|24413&4&77.78940587134056|24414&4&22.776295587914625|24415&4&59.16411524362056|24416&4&49.17591734405908|24417&4&43.22659890862855|24420&4&14.614358323227208|24421&4&235.35433412600798|24428&4&51.57800516749988|24433&4&34.433428545723444|24434&4&138.60536365688984|24438&4&21.297009787264543|24439&4&120.93326610570062|24442&4&274.37844778351564|24444&4&186.4562138739516|24461&4&66.40207346539906|24462&4&276.3661331963624|24464&4&19.415596484370283|24467&4&281.2732795814418|24468&4&25.166301119649635|24469&4&254.63189174755604|24470&4&0.0|24471&4&0.0|24472&4&352.81068806529674|24473&4&91.73310310857485|24474&4&0.0|24475&4&87.08181884138855|24476&4&0.0|24477&4&412.01562003982485|24478&4&2.546490794012409|24479&4&2.546490794012409|24480&4&2.546490794012409|24481&4&2.546490794012409|24482&4&2.546490794012409|24483&4&34.89839196775557|24484&4&2.546490794012409|24485&4&2.546490794012409|24486&4&2.546490794012409|24487&4&5.131178949935046|24488&4&5.131178949935046|24489&4&5.131178949935046|24490&4&6.092359377451684|24491&4&5.680908604656166|24492&4&5.131178949935046|24493&4&37.747415065380466|24494&4&5.131178949935046|24495&4&49.15451045818497|24496&4&134.15675599626599|24497&4&0.9642309357320098|24498&4&0.9642309357320098|24499&4&6.712235449537576|24500&4&2.2613828491318557|24511&4&23.685093736641004|24512&4&6.5984964376548|24513&4&0.7197555743308737|24514&4&0.3166428578816873|24515&4&0.6380353586316005|24516&4&0.6380353586316005,2|24397&4&5.131178949935046|24398&4&5.131178949935046|24399&4&5.131178949935046|24400&4&5.131178949935046|24401&4&5.131178949935046|24402&4&52.90815268962544|24403&4&5.131178949935046|24404&4&41.3800873645647|24405&4&5.131178949935046|24406&4&5.131178949935046|24407&4&7.754494188089318|24408&4&7.754494188089318|24409&4&7.754494188089318|24410&4&58.86133915004819|24411&4&7.754494188089318|24412&4&124.96457896492625|24413&4&171.76597178145022|24414&4&7.754494188089318|24415&4&7.754494188089318|24416&4&7.754494188089318|24417&4&54.78966172760416|24418&4&65.38710127764617|24419&4&51.57413392419763|24420&4&50.596580216853795|24421&4&48.2612274711964|24422&4&83.67117511774943|24423&4&49.50227254320288|24424&4&42.418009385648084|24425&4&49.26154692382191|24426&4&61.13337075518237|24429&4&58.277964692395415|24432&4&169.64134142165466|24434&4&73.0197625736281|24441&4&189.2421024721164|24455&4&129.2445941309627|24458&4&388.9757122278096|24465&4&235.05920986005694|24468&4&0.6065234176934355|24469&4&144.32311313890932|24470&4&98.66992898569595|24474&4&47.473429061143435|24477&4&0.0|24478&4&0.0|24479&4&0.0|24480&4&0.0|24481&4&0.0|24482&4&0.0|24483&4&0.0|24484&4&0.0|24485&4&46.446730833527624|24486&4&0.0|24487&4&28.65740761305748|24488&4&2.546490794012409|24489&4&2.546490794012409|24490&4&39.70791190330299|24491&4&2.546490794012409|24492&4&2.546490794012409|24493&4&2.546490794012409|24494&4&399.20918821424715|24495&4&2.546490794012409|24496&4&303.49857569821324|24497&4&0.6380353586316005|24498&4&0.6380353586316005|24499&4&0.9642309357320098|24500&4&0.9642309357320098|24501&4&7.323434103836442|24502&4&6.053443281034741|24511&4&26.397460945069735|24512&4&60.19536287867422|24513&4&1.9984014443252818E-15|24514&4&1.9984014443252818E-15|24515&4&0.3166428578816873|24516&4&0.3166428578816873,2|24397&4&2.546490794012409|24398&4&2.546490794012409|24399&4&2.546490794012409|24400&4&2.546490794012409|24401&4&9.865156284897088|24402&4&2.546490794012409|24403&4&179.41670008355123|24404&4&2.546490794012409|24405&4&2.546490794012409|24406&4&2.546490794012409|24407&4&349.98286110757397|24408&4&336.7033331863263|24409&4&99.2439669985418|24410&4&5.131178949935046|24411&4&286.3265330730583|24412&4&5.131178949935046|24413&4&107.62069265005829|24414&4&5.131178949935046|24415&4&5.131178949935046|24416&4&5.131178949935046|24417&4&7.754494188089318|24418&4&7.754494188089318|24419&4&7.754494188089318|24420&4&7.754494188089318|24421&4&7.754494188089318|24422&4&7.754494188089318|24423&4&7.754494188089318|24424&4&7.754494188089318|24425&4&7.754494188089318|24426&4&330.3774599182501|24427&4&39.7034238813375|24428&4&62.57291499109226|24429&4&38.73337531805201|24430&4&56.33801273864781|24431&4&67.65855375961866|24432&4&61.86643421682751|24433&4&39.22753633632592|24434&4&177.11079484189574|24435&4&55.26163111552427|24436&4&393.7840746364217|24441&4&305.2654994104355|24442&4&63.3676096217304|24443&4&145.06512164069036|24452&4&24.628995005800764|24453&4&174.51823016748722|24454&4&12.883559684210894|24479&4&308.57493570037616|24480&4&199.78049738811788|24481&4&167.0000127911777|24487&4&0.0|24488&4&0.0|24489&4&149.83758889886593|24490&4&0.0|24491&4&0.0|24492&4&168.63414694890466|24493&4&0.0|24494&4&0.0|24495&4&0.0|24496&4&0.0|24497&4&0.3166428578816873|24498&4&0.3166428578816873|24499&4&0.6380353586316005|24500&4&0.6380353586316005|24501&4&0.9642309357320098|24502&4&0.9642309357320098|24503&4&5.501209372376309|24504&4&3.8285979546290534|24515&4&1.9984014443252818E-15|24516&4&1.9984014443252818E-15,2|24397&4&51.24789537192376|24398&4&32.55384699648825|24399&4&0.0|24400&4&344.2917826486772|24401&4&0.0|24402&4&0.0|24403&4&0.0|24404&4&30.840287613120818|24405&4&0.0|24406&4&0.0|24407&4&2.546490794012409|24408&4&2.546490794012409|24409&4&2.546490794012409|24410&4&2.546490794012409|24411&4&2.546490794012409|24412&4&2.546490794012409|24413&4&2.546490794012409|24414&4&2.546490794012409|24415&4&2.546490794012409|24416&4&24.08619170338545|24417&4&5.131178949935046|24418&4&17.49354691457559|24419&4&5.131178949935046|24420&4&100.79379232081163|24421&4&5.131178949935046|24422&4&5.131178949935046|24423&4&5.131178949935046|24424&4&63.21960895154217|24425&4&5.131178949935046|24426&4&5.131178949935046|24427&4&300.82462700168077|24428&4&7.754494188089318|24429&4&7.754494188089318|24430&4&7.754494188089318|24431&4&377.6434165590726|24432&4&7.754494188089318|24433&4&7.754494188089318|24434&4&7.754494188089318|24435&4&7.754494188089318|24436&4&7.754494188089318|24437&4&105.6973387385748|24438&4&52.406097232080036|24439&4&47.99446976078188|24440&4&229.90693516675856|24441&4&47.19604544973689|24442&4&41.17413341102268|24443&4&76.56566320305373|24444&4&42.95141715218836|24445&4&451.214254070434|24446&4&295.4216417929557|24451&4&129.65246190629415|24462&4&9.800781354456747|24467&4&161.11793685898394|24474&4&272.7259116455396|24482&4&37.00355838593981|24483&4&331.9113384966009|24491&4&293.3181369864747|24497&4&1.9984014443252818E-15|24498&4&1.9984014443252818E-15|24499&4&20.22095183926532|24500&4&0.3166428578816873|24501&4&0.6380353586316005|24502&4&0.6380353586316005|24503&4&0.9642309357320098|24504&4&0.9642309357320098|24505&4&6.012738073923964|24506&4&6.744044972289583|24514&4&7.145946500379812,2|24398&4&26.567891787490822|24402&4&157.4126509251166|24403&4&156.5400482142858|24407&4&0.0|24408&4&0.0|24409&4&0.0|24410&4&0.0|24411&4&0.0|24412&4&0.0|24413&4&0.0|24414&4&0.0|24415&4&0.0|24416&4&463.9185581752314|24417&4&2.546490794012409|24418&4&2.546490794012409|24419&4&2.546490794012409|24420&4&2.546490794012409|24421&4&2.546490794012409|24422&4&2.546490794012409|24423&4&2.546490794012409|24424&4&2.546490794012409|24425&4&2.546490794012409|24426&4&2.546490794012409|24427&4&5.131178949935046|24428&4&5.131178949935046|24429&4&5.131178949935046|24430&4&5.131178949935046|24431&4&5.131178949935046|24432&4&5.131178949935046|24433&4&5.131178949935046|24434&4&5.131178949935046|24435&4&5.131178949935046|24436&4&5.131178949935046|24437&4&7.754494188089318|24438&4&7.754494188089318|24439&4&7.754494188089318|24440&4&7.754494188089318|24441&4&7.754494188089318|24442&4&7.754494188089318|24443&4&7.754494188089318|24444&4&238.16001854278122|24445&4&7.754494188089318|24446&4&7.754494188089318|24447&4&48.05254725345341|24448&4&55.682591427748434|24449&4&281.3596432474171|24450&4&75.60003899691563|24451&4&64.94393599525361|24452&4&160.8635109062308|24453&4&77.08899760254114|24454&4&80.35093666774384|24455&4&53.316801737784324|24456&4&70.91822800173169|24468&4&216.68553684033475|24471&4&287.4356732472153|24475&4&131.7533428536852|24481&4&191.66717949392887|24487&4&390.7787334525509|24499&4&1.9984014443252818E-15|24500&4&1.9984014443252818E-15|24501&4&0.3166428578816873|24502&4&0.3166428578816873|24503&4&0.6380353586316005|24504&4&0.6380353586316005|24505&4&0.9642309357320098|24506&4&0.9642309357320098|24507&4&7.293511537727252|24508&4&6.748912650064463,2|24400&4&39.940125915287354|24403&4&3.8322541502679175|24407&4&54.7027885942511|24409&4&104.0492674800482|24411&4&129.06230253106253|24414&4&429.3450293462352|24415&4&248.95614284074196|24417&4&0.0|24418&4&0.0|24419&4&0.0|24420&4&0.0|24421&4&0.0|24422&4&0.0|24423&4&21.080040030704534|24424&4&129.9308995350927|24425&4&324.98270179549746|24426&4&0.0|24427&4&2.546490794012409|24428&4&2.546490794012409|24429&4&66.89962577857658|24430&4&30.241740958269784|24431&4&2.546490794012409|24432&4&2.546490794012409|24433&4&2.546490794012409|24434&4&2.546490794012409|24435&4&381.9421050197009|24436&4&2.546490794012409|24437&4&5.131178949935046|24438&4&5.131178949935046|24439&4&5.131178949935046|24440&4&5.131178949935046|24441&4&5.131178949935046|24442&4&5.131178949935046|24443&4&142.1333659910496|24444&4&5.131178949935046|24445&4&5.131178949935046|24446&4&5.131178949935046|24447&4&7.754494188089318|24448&4&7.754494188089318|24449&4&7.754494188089318|24450&4&7.754494188089318|24451&4&63.84902764138881|24452&4&7.754494188089318|24453&4&13.201048070802134|24454&4&7.754494188089318|24455&4&68.82483172258821|24456&4&7.754494188089318|24457&4&58.75152407094586|24458&4&59.60424364845977|24459&4&38.11129498156301|24460&4&22.775938782158967|24461&4&91.01508233217473|24462&4&149.37960402632933|24463&4&356.98258252608053|24464&4&401.41803370355296|24465&4&130.04634018156722|24466&4&70.09114689013259|24470&4&240.68677508212767|24472&4&116.67124461329567|24476&4&442.58636478861666|24481&4&5.472981150116222|24484&4&477.9097903909718|24485&4&330.4094605075058|24488&4&291.2534796104497|24489&4&176.03325638630764|24490&4&69.54924241233678|24493&4&343.3577981540576|24501&4&1.9984014443252818E-15|24502&4&1.9984014443252818E-15|24503&4&0.3166428578816873|24504&4&0.3166428578816873|24505&4&0.6380353586316005|24506&4&0.6380353586316005|24507&4&0.9642309357320098|24508&4&0.9642309357320098|24509&4&7.309285388704716,2|24399&4&213.05837694854512|24406&4&402.661229334514|24409&4&71.10821396192262|24412&4&5.459797135796251|24427&4&0.0|24428&4&0.0|24429&4&182.53349268600124|24430&4&218.68275485435083|24431&4&0.0|24432&4&0.0|24433&4&322.6871765442087|24434&4&0.0|24435&4&0.0|24436&4&0.0|24437&4&2.546490794012409|24438&4&319.82722804267326|24439&4&2.546490794012409|24440&4&120.30475045712049|24441&4&2.546490794012409|24442&4&2.546490794012409|24443&4&2.546490794012409|24444&4&2.546490794012409|24445&4&2.546490794012409|24446&4&2.546490794012409|24447&4&19.068819669550717|24448&4&190.12039835288846|24449&4&5.131178949935046|24450&4&218.0780985631721|24451&4&5.131178949935046|24452&4&33.36571283269235|24453&4&5.131178949935046|24454&4&34.19517960581616|24455&4&242.62246930472728|24456&4&5.131178949935046|24457&4&7.754494188089318|24458&4&7.754494188089318|24459&4&306.12420035445075|24460&4&7.754494188089318|24461&4&7.754494188089318|24462&4&7.754494188089318|24463&4&7.754494188089318|24464&4&7.754494188089318|24465&4&7.754494188089318|24466&4&7.754494188089318|24467&4&63.52716610638727|24468&4&10.416870526000018|24469&4&51.06480139838306|24470&4&39.333834903644636|24471&4&46.36329219814422|24472&4&48.245309460794154|24473&4&161.12343287957614|24474&4&44.881455473896715|24475&4&10.416870526000018|24476&4&133.7233607714649|24482&4&19.32776085628468|24500&4&8.403674734777045|24503&4&1.9984014443252818E-15|24504&4&1.9984014443252818E-15|24505&4&0.3166428578816873|24506&4&0.3166428578816873|24507&4&0.6380353586316005|24508&4&0.6380353586316005|24509&4&0.9642309357320098|24511&4&1.295283556999999|24512&4&1.295283556999999,2|24399&4&59.920760797572754|24402&4&247.2128129285049|24404&4&248.68503340567295|24405&4&250.12671161462214|24417&4&278.64123071200237|24418&4&372.517828969335|24421&4&41.83983963415398|24426&4&13.71003196274716|24430&4&95.49166327085521|24437&4&0.0|24438&4&0.0|24439&4&188.0049372995091|24440&4&0.0|24441&4&0.0|24442&4&0.0|24443&4&0.0|24444&4&0.0|24445&4&0.0|24446&4&0.0|24447&4&2.546490794012409|24448&4&2.546490794012409|24449&4&2.546490794012409|24450&4&102.03691166945768|24451&4&258.8944471707567|24452&4&2.546490794012409|24453&4&157.06507746971067|24454&4&2.546490794012409|24455&4&2.546490794012409|24456&4&158.20703984837994|24457&4&5.131178949935046|24458&4&5.131178949935046|24459&4&5.131178949935046|24460&4&5.131178949935046|24461&4&39.961893617655946|24462&4&5.131178949935046|24463&4&5.131178949935046|24464&4&5.131178949935046|24465&4&59.534945990830096|24466&4&5.131178949935046|24467&4&7.754494188089318|24468&4&7.754494188089318|24469&4&7.754494188089318|24470&4&7.754494188089318|24471&4&7.754494188089318|24472&4&7.754494188089318|24473&4&7.754494188089318|24474&4&7.754494188089318|24475&4&7.754494188089318|24476&4&7.754494188089318|24477&4&44.016928125031086|24478&4&46.64210121524825|24479&4&54.879312693135695|24480&4&53.52503183577975|24481&4&64.98194535906296|24482&4&41.10049195027308|24483&4&45.66261543934373|24484&4&65.07729235999076|24485&4&43.81529419506305|24486&4&133.46782152747096|24505&4&1.9984014443252818E-15|24506&4&1.9984014443252818E-15|24507&4&0.3166428578816873|24508&4&0.3166428578816873|24509&4&0.6380353586316005|24511&4&5.203066105854788|24512&4&0.9642309357320098|24513&4&6.702996579463534|24514&4&21.470511610218033,2|24409&4&60.01840824039494|24411&4&80.35108901558979|24414&4&27.64324820552031|24417&4&25.92002899917972|24419&4&329.8170588657018|24421&4&169.29952591459306|24423&4&325.34114582342033|24427&4&137.22921670728783|24429&4&11.117518346492268|24438&4&23.68149607888921|24440&4&7.319086710211287|24447&4&71.59176700459201|24448&4&0.0|24449&4&0.0|24450&4&0.0|24451&4&0.0|24452&4&0.0|24453&4&0.0|24454&4&0.0|24455&4&0.0|24456&4&135.45868854403807|24457&4&329.66450527308103|24458&4&2.546490794012409|24459&4&23.997492119397034|24460&4&19.209037088695727|24461&4&46.60554648236234|24462&4&2.546490794012409|24463&4&2.546490794012409|24464&4&2.546490794012409|24465&4&2.546490794012409|24466&4&2.546490794012409|24467&4&5.131178949935046|24468&4&5.131178949935046|24469&4&5.131178949935046|24470&4&5.131178949935046|24471&4&5.131178949935046|24472&4&5.131178949935046|24473&4&37.83031388059503|24474&4&134.12126989475365|24475&4&5.131178949935046|24476&4&5.131178949935046|24477&4&7.754494188089318|24478&4&322.80160138826824|24479&4&7.754494188089318|24480&4&165.24026430610462|24481&4&7.754494188089318|24482&4&7.754494188089318|24483&4&7.754494188089318|24484&4&15.977871385121535|24485&4&7.754494188089318|24486&4&169.3447709406531|24487&4&38.82272587539887|24488&4&38.79330562462641|24489&4&66.52296378424595|24490&4&47.635488034029976|24491&4&41.33216257933336|24492&4&223.9909080033288|24493&4&44.70560266615824|24494&4&10.416870526000018|24495&4&47.19008070478183|24496&4&76.00445401265924|24503&4&48.66640788081833|24504&4&2.3015682545389353|24505&4&6.75946197659775|24507&4&1.9984014443252818E-15|24508&4&1.9984014443252818E-15|24509&4&0.3166428578816873|24511&4&0.6380353586316005|24512&4&0.6380353586316005|24513&4&0.9642309357320098|24514&4&0.9642309357320098|24515&4&5.538303928666721|24516&4&6.73682176724653
17|4,130,1,1,1,1,1,1,1,1,1,1,1,1,1,1,1,1,1,1,1,1,1,1,1,1,1,1,1,1,1,1,1,1,1,1,1,1,1,1,1,1,1,1,1,1,1,1,1,1,1,1,1,1,1,1,1,1,1,1,1,1,1,1,1,1,1,1,1,1,1,1,1,1,1,1,1,1,1,1,1,1,1,1,1,1,1,1,1,1,1,1,1,1,1,1,1,1,1,1,1,1,0,0,0,0,0,0,0,0,0,0,0,0,0,0,0,0,0,0,0,0,2|24397&4&311.92887614842607|24398&4&32.01436308161843|24399&4&169.18663924051566|24400&4&62.206323801591594|24401&4&287.3670331350875|24402&4&32.67973080051844|24403&4&59.10647179131955|24404&4&37.8885797402158|24405&4&40.17084108011857|24406&4&61.79976693634198|24407&4&73.23289706982266|24412&4&19.76278421900121|24420&4&80.06112206225339|24424&4&340.5749135582272|24428&4&237.3531961615455|24434&4&28.742273535958496|24437&4&315.7942430027101|24442&4&50.568953153267174|24454&4&189.77906526305108|24456&4&5.89535386296267|24460&4&391.44246092300085|24461&4&202.7059788548237|24466&4&435.0718955529657|24467&4&-1.7763568394002505E-14|24468&4&173.7762043228154|24469&4&-1.7763568394002505E-14|24470&4&-1.7763568394002505E-14|24471&4&-1.7763568394002505E-14|24472&4&-1.7763568394002505E-14|24473&4&-1.7763568394002505E-14|24474&4&-1.7763568394002505E-14|24475&4&-1.7763568394002505E-14|24476&4&-1.7763568394002505E-14|24477&4&2.5655894749675268|24478&4&2.5655894749675268|24479&4&68.53206712625517|24480&4&2.5655894749675268|24481&4&2.5655894749675268|24482&4&133.4483465676358|24483&4&2.5655894749675268|24484&4&2.5655894749675268|24485&4&5.354543999026783|24486&4&2.5655894749675268|24487&4&5.16966279205954|24488&4&5.16966279205954|24489&4&5.16966279205954|24490&4&5.16966279205954|24491&4&75.96570260178956|24492&4&5.16966279205954|24493&4&5.16966279205954|24494&4&38.74687896435583|24495&4&345.35530597256894|24496&4&5.16966279205954|24497&4&6.3887166617896|24498&4&6.355789440868204|24499&4&30.039258698509332|24504&4&59.3694260348057|24511&4&-1.4432899320127035E-15|24512&4&-1.4432899320127035E-15|24513&4&0.31901767931579916|24514&4&0.31901767931579916|24515&4&0.6428206238213399|24516&4&0.6428206238213399,2|24397&4&5.16966279205954|24398&4&345.6494348480794|24399&4&5.16966279205954|24400&4&5.16966279205954|24401&4&5.16966279205954|24402&4&5.16966279205954|24403&4&5.16966279205954|24404&4&5.16966279205954|24405&4&5.16966279205954|24406&4&5.16966279205954|24407&4&34.23996289454363|24408&4&80.38873525106379|24409&4&39.29617659630222|24410&4&305.31911489351944|24411&4&38.197825849079855|24412&4&59.5915284130251|24413&4&64.68490469898327|24414&4&17.700192944031702|24415&4&48.4884158734001|24416&4&39.9291309336554|24417&4&38.903939017765694|24420&4&13.152922490904487|24421&4&290.8323640737425|24428&4&73.49518920703139|24433&4&30.99893490319766|24434&4&210.85097970691766|24438&4&19.16730880853809|24439&4&114.73101871067894|24442&4&257.89138999701527|24444&4&244.17854524874585|24461&4&61.97526856770578|24462&4&316.51476507828454|24464&4&17.474036835933255|24467&4&264.4644408925365|24468&4&20.55993676431087|24469&4&286.92291016770014|24472&4&405.1657136963228|24473&4&145.63349805342878|24475&4&74.8905592895472|24477&4&450.85925180652936|24478&4&-1.7763568394002505E-14|24479&4&-1.7763568394002505E-14|24480&4&-1.7763568394002505E-14|24481&4&-1.7763568394002505E-14|24482&4&-1.7763568394002505E-14|24483&4&29.562864982262184|24484&4&-1.7763568394002505E-14|24485&4&-1.7763568394002505E-14|24486&4&-1.7763568394002505E-14|24487&4&2.5655894749675268|24488&4&2.5655894749675268|24489&4&2.5655894749675268|24490&4&3.4666961257643747|24491&4&3.0603461642165337|24492&4&2.5655894749675268|24493&4&31.920201978868405|24494&4&2.5655894749675268|24495&4&42.18658783239246|24496&4&136.2198047342078|24497&4&0.6428206238213399|24498&4&0.6428206238213399|24499&4&5.523367333666922|24500&4&1.744342101455484|24511&4&31.14777213657642|24512&4&5.606934841289649|24513&4&6.740470579880212|24514&4&-1.4432899320127035E-15|24515&4&0.31901767931579916|24516&4&0.31901767931579916,2|24397&4&2.5655894749675268|24398&4&2.5655894749675268|24399&4&2.5655894749675268|24400&4&2.5655894749675268|24401&4&2.5655894749675268|24402&4&45.564865840688874|24403&4&2.5655894749675268|24404&4&35.79375552171137|24405&4&2.5655894749675268|24406&4&2.5655894749675268|24407&4&5.16966279205954|24408&4&5.16966279205954|24409&4&5.16966279205954|24410&4&51.165823257822524|24411&4&5.16966279205954|24412&4&113.18715369665361|24413&4&156.41686889900893|24414&4&5.16966279205954|24415&4&5.16966279205954|24416&4&5.16966279205954|24417&4&44.742153328789996|24418&4&55.43770072050393|24419&4&41.98712302834412|24420&4&41.15341508657893|24421&4&39.2082268634457|24422&4&216.17111077606742|24423&4&40.79759796326892|24424&4&34.139049873871755|24425&4&40.06257440306752|24426&4&50.17539423321196|24429&4&52.49793015157747|24432&4&156.55470449953717|24434&4&66.3816023396619|24441&4&173.47596351723922|24455&4&120.62611123020838|24458&4&439.85267821842234|24465&4&285.5294869389948|24468&4&0.519877215165802|24469&4&133.1626994906872|24470&4&176.65939298874775|24474&4&42.726086155029094|24485&4&41.80205775017486|24487&4&23.499825137140544|24488&4&-1.7763568394002505E-14|24489&4&-1.7763568394002505E-14|24490&4&33.4452789983615|24491&4&-1.7763568394002505E-14|24492&4&-1.7763568394002505E-14|24493&4&-1.7763568394002505E-14|24494&4&419.0321411525646|24495&4&-1.7763568394002505E-14|24496&4&280.6012576121596|24497&4&0.31901767931579916|24498&4&0.31901767931579916|24499&4&0.6428206238213399|24500&4&0.6428206238213399|24501&4&6.046170268765113|24502&4&4.96821428686461|24511&4&24.588613610767634|24512&4&65.82350861663103|24515&4&-1.4432899320127035E-15|24516&4&-1.4432899320127035E-15,2|24397&4&-1.7763568394002505E-14|24398&4&-1.7763568394002505E-14|24399&4&-1.7763568394002505E-14|24400&4&-1.7763568394002505E-14|24401&4&32.57039525602168|24402&4&-1.7763568394002505E-14|24403&4&176.77237169659492|24404&4&-1.7763568394002505E-14|24405&4&-1.7763568394002505E-14|24406&4&-1.7763568394002505E-14|24407&4&395.89432402064017|24408&4&316.77900014000284|24409&4&146.22398486792534|24410&4&2.5655894749675268|24411&4&275.6297963359111|24412&4&2.5655894749675268|24413&4&118.12441514732927|24414&4&2.5655894749675268|24415&4&2.5655894749675268|24416&4&2.5655894749675268|24417&4&5.16966279205954|24418&4&5.16966279205954|24419&4&5.16966279205954|24420&4&5.16966279205954|24421&4&5.16966279205954|24422&4&5.16966279205954|24423&4&5.16966279205954|24424&4&5.16966279205954|24425&4&5.16966279205954|24426&4&370.99848648341816|24427&4&31.820079110952975|24428&4&51.41016056929786|24429&4&30.99763744878033|24430&4&46.16947882796886|24431&4&98.15599831560908|24432&4&51.04901451848615|24433&4&31.409451973538168|24434&4&159.38858866510736|24435&4&45.14311807801724|24436&4&423.4128363055127|24441&4&347.74985211124107|24442&4&124.00033235852504|24443&4&201.31564283253545|24452&4&54.016017947119266|24453&4&237.88557977524073|24454&4&12.1678063684214|24467&4&10.726525952325881|24479&4&360.72517080760406|24480&4&189.0383037334429|24481&4&236.0995226762651|24489&4&183.92072111600658|24492&4&170.4256056700972|24497&4&-1.4432899320127035E-15|24498&4&-1.4432899320127035E-15|24499&4&0.31901767931579916|24500&4&0.31901767931579916|24501&4&0.6428206238213399|24502&4&0.6428206238213399|24503&4&4.485678713767591|24504&4&3.0503546893698155|24506&4&1.9820527267601449,2|24397&4&46.12310583473139|24398&4&29.298462296839425|24400&4&324.12805980079554|24404&4&27.756258851808738|24407&4&-1.7763568394002505E-14|24408&4&-1.7763568394002505E-14|24409&4&-1.7763568394002505E-14|24410&4&-1.7763568394002505E-14|24411&4&-1.7763568394002505E-14|24412&4&-1.7763568394002505E-14|24413&4&-1.7763568394002505E-14|24414&4&-1.7763568394002505E-14|24415&4&-1.7763568394002505E-14|24416&4&19.385730818435714|24417&4&2.5655894749675268|24418&4&12.455483846679964|24419&4&2.5655894749675268|24420&4&91.75177062687415|24421&4&2.5655894749675268|24422&4&2.5655894749675268|24423&4&2.5655894749675268|24424&4&54.84517647641394|24425&4&2.5655894749675268|24426&4&2.5655894749675268|24427&4&281.3789872002978|24428&4&5.16966279205954|24429&4&5.16966279205954|24430&4&5.16966279205954|24431&4&350.040860126041|24432&4&5.16966279205954|24433&4&5.16966279205954|24434&4&5.16966279205954|24435&4&5.16966279205954|24436&4&5.16966279205954|24437&4&91.33172929937473|24438&4&42.708402733299835|24439&4&38.8744965800922|24440&4&211.95114141233427|24441&4&38.275788688209914|24442&4&33.12306348418778|24443&4&64.00839915673873|24444&4&34.551450713049505|24445&4&475.73003815554864|24446&4&298.4665073696334|24451&4&120.29168684286131|24462&4&8.820703219011072|24467&4&147.11920446302042|24474&4&256.4181654861186|24482&4&33.303202547345826|24483&4&311.7999616665796|24491&4&336.29245043219674|24499&4&18.582883463931246|24500&4&-1.4432899320127035E-15|24501&4&0.31901767931579916|24502&4&0.31901767931579916|24503&4&0.6428206238213399|24504&4&0.6428206238213399|24505&4&4.923294311183303|24506&4&5.549669588371133|24514&4&6.252703187832335,2|24398&4&24.35390080519992|24402&4&145.94101661214114|24403&4&145.12202561081241|24416&4&516.5235885871541|24417&4&-1.7763568394002505E-14|24418&4&-1.7763568394002505E-14|24419&4&-1.7763568394002505E-14|24420&4&-1.7763568394002505E-14|24421&4&-1.7763568394002505E-14|24422&4&-1.7763568394002505E-14|24423&4&-1.7763568394002505E-14|24424&4&-1.7763568394002505E-14|24425&4&-1.7763568394002505E-14|24426&4&-1.7763568394002505E-14|24427&4&2.5655894749675268|24428&4&2.5655894749675268|24429&4&2.5655894749675268|24430&4&2.5655894749675268|24431&4&2.5655894749675268|24432&4&2.5655894749675268|24433&4&2.5655894749675268|24434&4&2.5655894749675268|24435&4&2.5655894749675268|24436&4&2.5655894749675268|24437&4&5.16966279205954|24438&4&5.16966279205954|24439&4&5.16966279205954|24440&4&5.16966279205954|24441&4&5.16966279205954|24442&4&5.16966279205954|24443&4&5.16966279205954|24444&4&219.2919226083282|24445&4&5.16966279205954|24446&4&5.16966279205954|24447&4&38.96931139326926|24448&4&45.54413395591055|24449&4&255.35074598392868|24450&4&63.20344727797101|24451&4&53.44235605956353|24452&4&145.84654466129865|24453&4&64.94965903250711|24454&4&68.44968066753843|24455&4&43.51353855440494|24456&4&59.06909420043138|24468&4&199.6342424109415|24471&4&309.1508924505834|24475&4&122.73187694200655|24481&4&177.72919066114588|24483&4&16.10588617847054|24487&4&426.0194035971892|24501&4&-1.4432899320127035E-15|24502&4&-1.4432899320127035E-15|24503&4&0.31901767931579916|24504&4&0.31901767931579916|24505&4&0.6428206238213399|24506&4&0.6428206238213399|24507&4&6.020643305067043|24508&4&5.553866313377297,2|24400&4&36.6117820890134|24403&4&3.449028735241126|24407&4&50.64729297121676|24409&4&95.64991120511108|24411&4&119.08697272757496|24414&4&414.7430295324709|24415&4&274.8352747867279|24423&4&19.323370028145824|24424&4&120.4818478684931|24425&4&321.9382285757516|24427&4&-1.7763568394002505E-14|24428&4&-1.7763568394002505E-14|24429&4&59.72960286859591|24430&4&25.38731265056924|24431&4&-1.7763568394002505E-14|24432&4&-1.7763568394002505E-14|24433&4&-1.7763568394002505E-14|24434&4&-1.7763568394002505E-14|24435&4&352.6033918876391|24436&4&-1.7763568394002505E-14|24437&4&2.5655894749675268|24438&4&2.5655894749675268|24439&4&2.5655894749675268|24440&4&2.5655894749675268|24441&4&2.5655894749675268|24442&4&2.5655894749675268|24443&4&129.59649478993018|24444&4&2.5655894749675268|24445&4&2.5655894749675268|24446&4&2.5655894749675268|24447&4&5.16966279205954|24448&4&5.16966279205954|24449&4&5.16966279205954|24450&4&5.16966279205954|24451&4&56.58965179091741|24452&4&5.16966279205954|24453&4&10.071561286501074|24454&4&5.16966279205954|24455&4&60.91943189251998|24456&4&5.16966279205954|24457&4&48.234996065333235|24458&4&48.86662321166504|24459&4&30.479370998930552|24460&4&17.69990749942718|24461&4&77.27797016586672|24462&4&132.08789871070084|24463&4&326.27014524393155|24464&4&432.73617577948164|24465&4&113.45996104946572|24466&4&57.85311876816158|24470&4&223.03088678981354|24472&4&106.92160359457661|24476&4&413.18045743159007|24481&4&4.9256830351045995|24484&4&512.6954785928579|24485&4&308.10372310755764|24488&4&272.147105321372|24489&4&163.0426757372709|24490&4&64.82225192636669|24493&4&324.8815396883893|24503&4&-1.4432899320127035E-15|24504&4&-1.4432899320127035E-15|24505&4&0.31901767931579916|24506&4&0.31901767931579916|24507&4&0.6428206238213399|24508&4&0.6428206238213399|24509&4&6.033838579524988,2|24399&4&207.16281176730075|24406&4&378.45236489303693|24409&4&66.66395058930244|24412&4&5.156475072696459|24429&4&223.32287538865188|24430&4&270.31030825788815|24433&4&377.9283015355076|24437&4&-1.7763568394002505E-14|24438&4&362.9732764866334|24439&4&-1.7763568394002505E-14|24440&4&109.67164508919137|24441&4&-1.7763568394002505E-14|24442&4&-1.7763568394002505E-14|24443&4&-1.7763568394002505E-14|24444&4&-1.7763568394002505E-14|24445&4&-1.7763568394002505E-14|24446&4&-1.7763568394002505E-14|24447&4&15.763294398103467|24448&4&185.04956603984385|24449&4&2.5655894749675268|24450&4&224.65092949491444|24451&4&2.5655894749675268|24452&4&26.402005871042107|24453&4&2.5655894749675268|24454&4&29.69199008712323|24455&4&293.01990468901437|24456&4&2.5655894749675268|24457&4&5.16966279205954|24458&4&5.16966279205954|24459&4&350.6520546097846|24460&4&5.16966279205954|24461&4&5.16966279205954|24462&4&5.16966279205954|24463&4&5.16966279205954|24464&4&5.16966279205954|24465&4&5.16966279205954|24466&4&5.16966279205954|24467&4&52.34515282326926|24468&4&7.812652894500018|24469&4&41.59774031235379|24470&4&31.49803411297043|24471&4&37.517009988568496|24472&4&39.13095059868929|24473&4&143.3447844282507|24474&4&36.311518478544116|24475&4&7.812652894500018|24476&4&115.50961030420154|24482&4&42.85508483915702|24500&4&7.214783809795717|24505&4&-1.4432899320127035E-15|24506&4&-1.4432899320127035E-15|24507&4&0.31901767931579916|24508&4&0.31901767931579916|24509&4&0.6428206238213399|24511&4&0.971462667749999|24512&4&0.971462667749999,2|24399&4&56.39601016242142|24402&4&307.47648804902906|24404&4&241.31848377486358|24405&4&232.93927025855663|24410&4&62.59098457741296|24417&4&261.86482315002087|24418&4&423.68218166664207|24421&4&39.050516991877046|24426&4&12.339028766472442|24430&4&88.67083018007983|24439&4&175.79269928338647|24447&4&-1.7763568394002505E-14|24448&4&-1.7763568394002505E-14|24449&4&-1.7763568394002505E-14|24450&4&92.51897741958629|24451&4&310.82837956150007|24452&4&-1.7763568394002505E-14|24453&4&144.25140128514334|24454&4&-1.7763568394002505E-14|24455&4&-1.7763568394002505E-14|24456&4&151.00146074816575|24457&4&2.5655894749675268|24458&4&2.5655894749675268|24459&4&2.5655894749675268|24460&4&2.5655894749675268|24461&4&35.34743857399896|24462&4&2.5655894749675268|24463&4&2.5655894749675268|24464&4&2.5655894749675268|24465&4&53.34243871313623|24466&4&2.5655894749675268|24467&4&5.16966279205954|24468&4&5.16966279205954|24469&4&5.16966279205954|24470&4&5.16966279205954|24471&4&5.16966279205954|24472&4&5.16966279205954|24473&4&5.16966279205954|24474&4&5.16966279205954|24475&4&5.16966279205954|24476&4&5.16966279205954|24477&4&35.505454803665145|24478&4&37.91944176113216|24479&4&44.81670424954767|24480&4&43.65149877159281|24481&4&53.47377146598485|24482&4&32.970356579330414|24483&4&37.05517255033963|24484&4&53.666755011324575|24485&4&35.45551813457104|24486&4&115.21256952987844|24507&4&-1.4432899320127035E-15|24508&4&-1.4432899320127035E-15|24509&4&0.31901767931579916|24511&4&4.184166505442347|24512&4&0.6428206238213399|24513&4&5.514177369816733|24514&4&27.67736844511842,2|24409&4&54.01656741635544|24411&4&72.08461031073422|24414&4&23.294665915701188|24417&4&23.76002658258141|24419&4&362.0085576122813|24421&4&155.45108142916834|24423&4&368.7981629573281|24427&4&125.69944787950638|24429&4&9.529301439850515|24438&4&21.708038072315112|24440&4&68.98754045439883|24447&4&65.80078075395608|24456&4&126.45487455959474|24457&4&307.00840801236376|24458&4&-1.7763568394002505E-14|24459&4&18.386572564615374|24460&4&13.885455245569409|24461&4&40.91198028203921|24462&4&-1.7763568394002505E-14|24463&4&16.91954973802461|24464&4&-1.7763568394002505E-14|24465&4&-1.7763568394002505E-14|24466&4&-1.7763568394002505E-14|24467&4&2.5655894749675268|24468&4&2.5655894749675268|24469&4&2.5655894749675268|24470&4&2.5655894749675268|24471&4&2.5655894749675268|24472&4&2.5655894749675268|24473&4&32.39672404253658|24474&4&122.9423774108271|24475&4&2.5655894749675268|24476&4&2.5655894749675268|24477&4&5.16966279205954|24478&4&300.61363792831435|24479&4&5.16966279205954|24480&4&151.73361844022907|24481&4&5.16966279205954|24482&4&5.16966279205954|24483&4&5.16966279205954|24484&4&12.570702269388535|24485&4&5.16966279205954|24486&4&182.20760188340412|24487&4&31.0722300771271|24488&4&31.047423622770623|24489&4&54.832632953968144|24490&4&38.707192735498396|24491&4&33.16329349984812|24492&4&201.3622821207556|24493&4&36.14276886239401|24494&4&7.812652894500018|24495&4&38.30110741752209|24496&4&63.42122206875054|24500&4&3.4022708434808067|24503&4&54.57151464859385|24504&4&1.972772789604802|24505&4&13.217390904037952|24508&4&2.2887217009246115|24509&4&-1.4432899320127035E-15|24511&4&0.31901767931579916|24512&4&0.31901767931579916|24513&4&0.6428206238213399|24514&4&0.6428206238213399|24515&4&4.516321757685602|24516&4&5.543341405514852
18|4,130,1,1,1,1,1,1,1,1,1,1,1,1,1,1,1,1,1,1,1,1,1,1,1,1,1,1,1,1,1,1,1,1,1,1,1,1,1,1,1,1,1,1,1,1,1,1,1,1,1,1,1,1,1,1,1,1,1,1,1,1,1,1,1,1,1,1,1,1,1,1,1,1,1,1,1,1,1,1,1,1,1,1,1,1,1,1,1,1,1,1,1,1,1,1,1,1,1,1,1,1,0,0,0,0,0,0,0,0,0,0,0,0,0,0,0,0,0,0,0,0,2|24397&4&345.2675547313485|24398&4&24.106979214899894|24399&4&149.1248148261888|24400&4&49.699859378467245|24401&4&259.9957709217913|24402&4&24.828292730958815|24403&4&46.619834186528806|24404&4&29.00670415092589|24405&4&30.83985930870392|24406&4&49.210195106767664|24407&4&64.77790460168538|24412&4&232.71375533363252|24420&4&75.11159461198535|24424&4&389.34527257967835|24428&4&219.61724294229336|24434&4&26.347084074628622|24437&4&364.791590510997|24442&4&46.15046646756211|24454&4&179.4288185825344|24456&4&5.359412602693336|24460&4&422.4746658279653|24461&4&255.80107247276968|24466&4&407.198379471158|24468&4&219.00798823506727|24476&4&11.993511154369568|24477&4&7.105427357601002E-15|24478&4&0.6223754559752674|24479&4&126.95958837245075|24480&4&7.105427357601002E-15|24481&4&7.105427357601002E-15|24482&4&119.39939742856853|24483&4&7.105427357601002E-15|24484&4&7.105427357601002E-15|24485&4&11.082725658687732|24486&4&7.105427357601002E-15|24487&4&2.5848313960297635|24488&4&2.5848313960297635|24489&4&2.5848313960297635|24490&4&2.5848313960297635|24491&4&66.94486758669343|24492&4&2.5848313960297635|24493&4&2.5848313960297635|24494&4&29.274662879647245|24495&4&324.05667114210434|24496&4&2.5848313960297635|24497&4&5.076704194725114|24498&4&5.036741308496789|24499&4&37.89934561740675|24501&4&2.6770163965972245|24504&4&55.61687858428313|24513&4&-2.220446049250313E-15|24514&4&-2.220446049250313E-15|24515&4&0.32141031191066993|24516&4&0.32141031191066993,2|24397&4&2.5848313960297635|24398&4&322.68069557457426|24399&4&2.5848313960297635|24400&4&2.5848313960297635|24401&4&2.5848313960297635|24402&4&2.5848313960297635|24403&4&2.5848313960297635|24404&4&2.5848313960297635|24405&4&2.5848313960297635|24406&4&2.5848313960297635|24407&4&25.941959781747833|24408&4&65.99212829055955|24409&4&30.251610310537927|24410&4&277.5035122044697|24411&4&29.23750393600484|24412&4&47.50495460225836|24413&4&51.580403526626014|24414&4&12.624090300148776|24415&4&37.81271650317964|24416&4&30.682344523251714|24417&4&34.581279126902835|24420&4&11.691486658581766|24421&4&342.54590108843126|24428&4&102.93038924049847|24433&4&27.564441260671874|24434&4&282.81182328420755|24438&4&17.037607829811634|24439&4&108.52877131565725|24442&4&241.40433221051492|24444&4&230.99753192858685|24461&4&57.54846367001251|24462&4&352.092349767878|24464&4&15.532477187496227|24467&4&247.65560220363125|24468&4&15.953572408972107|24469&4&317.4177681005809|24472&4&444.62913519586357|24473&4&200.76225856952234|24475&4&62.69929973770584|24477&4&481.2214424614158|24483&4&26.773828790781234|24487&4&7.105427357601002E-15|24488&4&7.105427357601002E-15|24489&4&7.105427357601002E-15|24490&4&0.8410328740770652|24491&4&0.43978372377690234|24492&4&7.105427357601002E-15|24493&4&26.092988892356345|24494&4&7.105427357601002E-15|24495&4&35.21866520659996|24496&4&191.56364889481858|24497&4&0.32141031191066993|24498&4&0.32141031191066993|24499&4&4.334499217796269|24500&4&1.2273013537791126|24511&4&38.7625987578985|24512&4&4.615373244924499|24513&4&12.766038135159672|24515&4&-2.220446049250313E-15|24516&4&-2.220446049250313E-15,2|24397&4&7.105427357601002E-15|24398&4&7.105427357601002E-15|24399&4&7.105427357601002E-15|24400&4&7.105427357601002E-15|24401&4&7.105427357601002E-15|24402&4&38.22157899175232|24403&4&7.105427357601002E-15|24404&4&30.207423678858046|24405&4&7.105427357601002E-15|24406&4&7.105427357601002E-15|24407&4&2.5848313960297635|24408&4&2.5848313960297635|24409&4&2.5848313960297635|24410&4&43.47030736559686|24411&4&2.5848313960297635|24412&4&101.40972842838099|24413&4&141.0677660165677|24414&4&2.5848313960297635|24415&4&2.5848313960297635|24416&4&2.5848313960297635|24417&4&34.69464492997584|24418&4&45.488300163361714|24419&4&32.40011213249062|24420&4&31.710249956304057|24421&4&30.155226255695005|24422&4&195.71886755719564|24423&4&32.09292338333497|24424&4&25.860090362095416|24425&4&30.863601882313134|24426&4&39.217417711241545|24429&4&46.717895610759534|24432&4&143.46806757741967|24434&4&59.7434421056957|24441&4&157.7098245623621|24455&4&112.00762832945405|24458&4&476.2000171937159|24465&4&336.5494499711783|24468&4&0.43323101263816843|24469&4&122.0022858424651|24470&4&248.98710292411886|24474&4&37.97874324891475|24485&4&37.1573846668221|24487&4&20.888733455236054|24490&4&29.729136887432464|24494&4&443.6963694662661|24496&4&260.2504303201184|24497&4&-2.220446049250313E-15|24498&4&-2.220446049250313E-15|24499&4&0.32141031191066993|24500&4&0.32141031191066993|24501&4&4.768906433693785|24502&4&8.9114564431218|24511&4&22.779766276465537|24512&4&70.97605839491665,2|24401&4&50.8425861422175|24403&4&184.69745456810557|24407&4&435.84883887482414|24408&4&316.12328102398135|24409&4&186.7603852715909|24410&4&7.105427357601002E-15|24411&4&276.7396509384867|24412&4&7.105427357601002E-15|24413&4&132.4198261941748|24414&4&7.105427357601002E-15|24415&4&7.105427357601002E-15|24416&4&7.105427357601002E-15|24417&4&2.5848313960297635|24418&4&2.5848313960297635|24419&4&2.5848313960297635|24420&4&2.5848313960297635|24421&4&2.5848313960297635|24422&4&2.5848313960297635|24423&4&2.5848313960297635|24424&4&2.5848313960297635|24425&4&2.5848313960297635|24426&4&410.3529151935222|24427&4&23.936734340568453|24428&4&40.24740614750345|24429&4&23.26189957950865|24430&4&36.00094491728991|24431&4&86.96553969005588|24432&4&40.23159482014479|24433&4&23.591367610750414|24434&4&141.66638248831893|24435&4&35.024605040510224|24436&4&448.76518993297714|24441&4&375.52668076716157|24442&4&141.07942634660327|24443&4&271.0686481113519|24452&4&87.58915776172893|24453&4&311.49298941249424|24454&4&11.452053052631907|24467&4&37.71431577633093|24479&4&339.5472328899747|24480&4&178.29611007876792|24481&4&299.155466465963|24489&4&221.03812326581627|24492&4&161.01526283497347|24499&4&-2.220446049250313E-15|24500&4&-2.220446049250313E-15|24501&4&0.32141031191066993|24502&4&0.32141031191066993|24503&4&3.470148055158873|24504&4&2.2721114241105775|24506&4&7.7494341330102925,2|24397&4&40.99831629753902|24398&4&26.043077597190603|24400&4&314.43825541273634|24404&4&24.672230090496658|24416&4&17.231760727498425|24417&4&7.105427357601002E-15|24418&4&7.41742077878434|24419&4&7.105427357601002E-15|24420&4&82.70974893293666|24421&4&7.105427357601002E-15|24422&4&7.105427357601002E-15|24423&4&7.105427357601002E-15|24424&4&46.470744001285716|24425&4&7.105427357601002E-15|24426&4&7.105427357601002E-15|24427&4&327.45150245855604|24428&4&2.5848313960297635|24429&4&2.5848313960297635|24430&4&2.5848313960297635|24431&4&322.43830369300946|24432&4&2.5848313960297635|24433&4&2.5848313960297635|24434&4&2.5848313960297635|24435&4&2.5848313960297635|24436&4&2.5848313960297635|24437&4&76.96611986017466|24438&4&33.010708234519626|24439&4&29.754523399402515|24440&4&193.99534765790992|24441&4&29.355531926682943|24442&4&25.071993557352886|24443&4&51.451135110423735|24444&4&26.151484273910654|24445&4&508.46775397603983|24446&4&302.51055693478634|24451&4&110.93091177942844|24462&4&7.8406250835653974|24467&4&133.12047206705694|24474&4&240.1104193266975|24482&4&29.602846708751844|24483&4&291.68858483655833|24491&4&378.31399674695047|24499&4&17.261457946478856|24501&4&-2.220446049250313E-15|24502&4&-2.220446049250313E-15|24503&4&0.32141031191066993|24504&4&0.32141031191066993|24505&4&3.8338505484426433|24506&4&4.355294204452684|24514&4&5.359459875284858,2|24398&4&22.13990982290902|24402&4&134.46938229916566|24403&4&133.70400300733903|24416&4&562.9525680357474|24427&4&7.105427357601002E-15|24428&4&7.105427357601002E-15|24429&4&7.105427357601002E-15|24430&4&7.105427357601002E-15|24431&4&7.105427357601002E-15|24432&4&7.105427357601002E-15|24433&4&7.105427357601002E-15|24434&4&7.105427357601002E-15|24435&4&7.105427357601002E-15|24436&4&7.105427357601002E-15|24437&4&2.5848313960297635|24438&4&2.5848313960297635|24439&4&2.5848313960297635|24440&4&2.5848313960297635|24441&4&2.5848313960297635|24442&4&2.5848313960297635|24443&4&2.5848313960297635|24444&4&200.42382667387517|24445&4&2.5848313960297635|24446&4&2.5848313960297635|24447&4&29.886075533085098|24448&4&35.40567648407268|24449&4&229.3418487204401|24450&4&50.806855559026395|24451&4&41.94077612387345|24452&4&130.82957841636647|24453&4&52.81032046247309|24454&4&56.54842466733302|24455&4&33.710275371025546|24456&4&47.21996039913107|24457&4&2.34989485294298|24468&4&182.5829479815483|24471&4&333.047780701241|24475&4&113.71041103032792|24481&4&163.79120182836292|24483&4&50.5660222954936|24487&4&464.4578462010195|24503&4&-2.220446049250313E-15|24504&4&-2.220446049250313E-15|24505&4&0.32141031191066993|24506&4&0.32141031191066993|24507&4&4.747775072406836|24508&4&4.35881997669013,2|24400&4&33.28343826273945|24403&4&3.0658033202143344|24407&4&46.59179734818241|24409&4&87.25055493017396|24411&4&109.11164292408738|24414&4&455.9252513684637|24415&4&295.6109250032867|24423&4&17.566700025587114|24424&4&111.03279620189355|24425&4&306.0052078643122|24429&4&55.106070752627694|24430&4&23.07937513688114|24435&4&325.81116954958975|24437&4&7.105427357601002E-15|24438&4&7.105427357601002E-15|24439&4&7.105427357601002E-15|24440&4&7.105427357601002E-15|24441&4&7.105427357601002E-15|24442&4&7.105427357601002E-15|24443&4&117.05962358881072|24444&4&7.105427357601002E-15|24445&4&7.105427357601002E-15|24446&4&7.105427357601002E-15|24447&4&2.5848313960297635|24448&4&2.5848313960297635|24449&4&2.5848313960297635|24450&4&2.5848313960297635|24451&4&49.33027594044601|24452&4&2.5848313960297635|24453&4&6.942074502200015|24454&4&2.5848313960297635|24455&4&53.01403206245173|24456&4&2.5848313960297635|24457&4&37.7184680597206|24458&4&38.12900277487032|24459&4&22.84744701629809|24460&4&12.623876216695393|24461&4&63.54085799955874|24462&4&114.79619339507234|24463&4&295.5577079617824|24464&4&468.8881190523305|24465&4&96.87358191736419|24466&4&45.61509064619057|24470&4&205.37499849749938|24472&4&97.17196257585755|24476&4&383.7745500745635|24481&4&4.3783849200929765|24484&4&540.0623527944704|24485&4&285.7979857076095|24488&4&253.0407310322943|24489&4&150.05209508823418|24490&4&60.0952614403966|24493&4&304.13797322656416|24505&4&-2.220446049250313E-15|24506&4&-2.220446049250313E-15|24507&4&0.32141031191066993|24508&4&0.32141031191066993|24509&4&4.758391770345261,2|24399&4&231.7772673406228|24405&4&4.9975545760003035|24406&4&356.9504457188552|24409&4&62.21968721668228|24412&4&4.853153009596667|24429&4&264.63541013817337|24430&4&320.36530918527217|24432&4&9.75231553345306|24433&4&429.3153563119814|24438&4&407.2815204789953|24440&4&101.58503051527468|24447&4&12.457769126656217|24448&4&178.26697813020047|24449&4&7.105427357601002E-15|24450&4&242.7219029295929|24451&4&7.105427357601002E-15|24452&4&19.43829890939186|24453&4&7.105427357601002E-15|24454&4&25.188800568430302|24455&4&345.89652871616823|24456&4&7.105427357601002E-15|24457&4&2.5848313960297635|24458&4&2.5848313960297635|24459&4&346.2509669790338|24460&4&2.5848313960297635|24461&4&2.5848313960297635|24462&4&2.5848313960297635|24463&4&2.5848313960297635|24464&4&2.5848313960297635|24465&4&2.5848313960297635|24466&4&53.28429169454528|24467&4&41.16313954015125|24468&4&5.208435263000018|24469&4&32.130679226324524|24470&4&23.662233322296224|24471&4&28.67072777899276|24472&4&30.016591736584424|24473&4&125.5661359769253|24474&4&27.741581483191514|24475&4&5.208435263000018|24476&4&97.29585983693816|24482&4&75.08802080332|24500&4&6.02589288481439|24504&4&8.297494660056014|24507&4&-2.220446049250313E-15|24508&4&-2.220446049250313E-15|24509&4&0.32141031191066993|24511&4&0.647641778499999|24512&4&0.647641778499999,2|24399&4&52.871259527270084|24402&4&292.8809780766514|24404&4&246.12136167139147|24405&4&215.75182890249113|24410&4&59.46143534854231|24417&4&245.0884155880394|24418&4&397.1919036191511|24421&4&36.26119434960011|24426&4&10.968025570197725|24430&4&81.84999708930445|24435&4&11.480873466231845|24439&4&163.58046126726384|24447&4&190.25922620657605|24450&4&85.54753396372735|24451&4&356.5058488769846|24453&4&133.98421589458843|24456&4&182.6103319951782|24457&4&7.105427357601002E-15|24458&4&7.105427357601002E-15|24459&4&7.105427357601002E-15|24460&4&7.105427357601002E-15|24461&4&30.732983530341976|24462&4&7.105427357601002E-15|24463&4&7.105427357601002E-15|24464&4&7.105427357601002E-15|24465&4&47.149931435442376|24466&4&7.105427357601002E-15|24467&4&2.5848313960297635|24468&4&2.5848313960297635|24469&4&2.5848313960297635|24470&4&2.5848313960297635|24471&4&2.5848313960297635|24472&4&2.5848313960297635|24473&4&2.5848313960297635|24474&4&2.5848313960297635|24475&4&2.5848313960297635|24476&4&2.5848313960297635|24477&4&26.993981482299212|24478&4&29.19678230701608|24479&4&34.75409580595963|24480&4&33.77796570740589|24481&4&41.96559757290676|24482&4&24.84022120838774|24483&4&28.447729661335522|24484&4&42.256217662658386|24485&4&27.09574207407902|24486&4&96.95731753228591|24509&4&-2.220446049250313E-15|24511&4&3.165266905029907|24512&4&0.32141031191066993|24513&4&4.325358160169932|24514&4&33.783588421131554,2|24409&4&48.014726592315945|24411&4&63.818131605878655|24414&4&18.946083625882064|24417&4&22.743084026876986|24419&4&385.44989958894826|24421&4&141.60263694374362|24423&4&409.50483167551454|24427&4&114.16967905172494|24429&4&7.941084533208762|24438&4&19.734580065741014|24439&4&4.96399235427835|24440&4&125.23748202832112|24447&4&60.009794503320144|24456&4&117.45106057515143|24457&4&286.89880154565896|24459&4&15.32214380384616|24460&4&11.108364196455536|24461&4&37.764904875728526|24463&4&43.85394298335945|24467&4&7.105427357601002E-15|24468&4&7.105427357601002E-15|24469&4&7.105427357601002E-15|24470&4&7.105427357601002E-15|24471&4&7.105427357601002E-15|24472&4&7.105427357601002E-15|24473&4&26.963134204478138|24474&4&111.76348492690059|24475&4&7.105427357601002E-15|24476&4&7.105427357601002E-15|24477&4&2.5848313960297635|24478&4&278.4256744683605|24479&4&2.5848313960297635|24480&4&138.2269725743535|24481&4&2.5848313960297635|24482&4&2.5848313960297635|24483&4&2.5848313960297635|24484&4&9.163533153655536|24485&4&2.5848313960297635|24486&4&202.7421577774384|24487&4&23.321734278855324|24488&4&23.30154162091484|24489&4&43.14230212369034|24490&4&29.778897436966822|24491&4&24.994424420362893|24492&4&178.73365623818245|24493&4&27.579935058629765|24494&4&5.208435263000018|24495&4&29.41213413026234|24496&4&50.83799012484183|24500&4&9.67304929075986|24503&4&60.23283450428739|24504&4&1.6439773246706686|24505&4&19.0846553085625|24508&4&8.215354444760072|24511&4&-2.220446049250313E-15|24512&4&-2.220446049250313E-15|24513&4&0.32141031191066993|24514&4&0.32141031191066993|24515&4&3.4943395867044815|24516&4&4.349861043783173
19|4,130,1,1,1,1,1,1,1,1,1,1,1,1,1,1,1,1,1,1,1,1,1,1,1,1,1,1,1,1,1,1,1,1,1,1,1,1,1,1,1,1,1,1,1,1,1,1,1,1,1,1,1,1,1,1,1,1,1,1,1,1,1,1,1,1,1,1,1,1,1,1,1,1,1,1,1,1,1,1,1,1,1,1,1,1,1,1,1,1,1,1,1,1,1,1,1,1,1,1,1,1,0,0,0,0,0,0,0,0,0,0,0,0,0,0,0,0,0,0,0,0,2|24397&4&368.04629140380854|24398&4&16.199595348181354|24399&4&129.06299041186193|24400&4&37.1933949553429|24401&4&232.62450870849506|24402&4&16.976854661399194|24403&4&34.13319658173807|24404&4&20.124828561635983|24405&4&21.508877537289273|24406&4&36.62062327719335|24407&4&56.32291213354811|24412&4&255.12239370575105|24420&4&70.16206716171733|24424&4&390.24267267721893|24428&4&201.88128972304116|24434&4&23.951894613298748|24437&4&413.64338511198446|24442&4&41.73197978185705|24454&4&169.07857190201776|24456&4&4.823471342424002|24460&4&455.21533226368865|24461&4&241.5978991426276|24466&4&379.32486338935024|24468&4&255.9904762574456|24476&4&30.087826129740797|24478&4&24.700224368486793|24479&4&180.48773572055305|24482&4&107.91603776446875|24485&4&10.52161698944319|24487&4&-1.3322676295501878E-14|24488&4&-1.3322676295501878E-14|24489&4&-1.3322676295501878E-14|24490&4&-1.3322676295501878E-14|24491&4&57.92403257159729|24492&4&-1.3322676295501878E-14|24493&4&-1.3322676295501878E-14|24494&4&19.80244679493866|24495&4&311.3765748928091|24496&4&-1.3322676295501878E-14|24497&4&3.764691727660627|24498&4&3.7176931761253735|24499&4&45.59372743796551|24501&4&8.46024642643482|24504&4&51.86433113376056|24515&4&0.0|24516&4&0.0,2|24397&4&-1.3322676295501878E-14|24398&4&299.7119563010691|24399&4&-1.3322676295501878E-14|24400&4&-1.3322676295501878E-14|24401&4&-1.3322676295501878E-14|24402&4&-1.3322676295501878E-14|24403&4&-1.3322676295501878E-14|24404&4&-1.3322676295501878E-14|24405&4&-1.3322676295501878E-14|24406&4&-1.3322676295501878E-14|24407&4&17.643956668952026|24408&4&51.59552133005531|24409&4&21.20704402477363|24410&4&249.68790951542|24411&4&20.277182022929818|24412&4&35.41838079149162|24413&4&38.47590235426874|24414&4&7.547987656265852|24415&4&27.137017132959176|24416&4&21.43555811284803|24417&4&30.258619236039976|24420&4&10.230050826259045|24421&4&323.2545805732381|24428&4&143.37651048607395|24433&4&24.12994761814609|24434&4&336.94204731005226|24438&4&14.90790685108518|24439&4&102.32652392063557|24442&4&224.91727442401455|24444&4&245.27554576870497|24461&4&53.121658772319236|24462&4&389.03908818558835|24464&4&13.590917539059198|24467&4&230.84676351472598|24468&4&11.347208053633342|24469&4&341.73942962982466|24472&4&481.84146233243155|24473&4&256.42899392793703|24475&4&50.508040185864495|24477&4&512.3857016883434|24483&4&23.98479259930027|24490&4&0.7809590973572682|24491&4&0.3848107583047833|24493&4&22.8313652808118|24495&4&30.81633205577496|24496&4&247.5618688314222|24497&4&0.0|24498&4&0.0|24499&4&3.1456311019256153|24500&4&0.710260606102741|24511&4&46.23434640817259|24512&4&3.62381164855935|24513&4&18.348531966122117,2|24402&4&33.44388161778327|24404&4&27.186681310972233|24407&4&-1.3322676295501878E-14|24408&4&-1.3322676295501878E-14|24409&4&-1.3322676295501878E-14|24410&4&35.774791473371195|24411&4&-1.3322676295501878E-14|24412&4&89.63230316010836|24413&4&125.7186631341264|24414&4&-1.3322676295501878E-14|24415&4&-1.3322676295501878E-14|24416&4&-1.3322676295501878E-14|24417&4&24.64713653116167|24418&4&35.53889960621948|24419&4&22.813101236637106|24420&4&22.267084826029187|24421&4&21.102225647944305|24422&4&175.26662433832388|24423&4&23.388248803401016|24424&4&17.58113085031908|24425&4&21.664629361558738|24426&4&28.259441189271133|24429&4&40.9378610699416|24432&4&130.38143065530218|24434&4&53.1052818717295|24436&4&71.6616231433348|24441&4&141.94368560748495|24455&4&103.3891454286997|24458&4&505.75637171581224|24465&4&397.6698759973576|24468&4&0.3465848101105349|24469&4&110.841872194243|24470&4&313.12644891626974|24474&4&33.23140034280041|24485&4&32.51271158346933|24487&4&18.277641773331545|24490&4&26.012994776503405|24494&4&458.68857847639185|24496&4&239.8996030280772|24499&4&0.0|24500&4&0.0|24501&4&3.491642598622457|24502&4&13.41948912248726|24511&4&20.970918942163436|24512&4&76.46528418870183,2|24401&4&76.61960208187685|24403&4&198.62601635214037|24407&4&480.0505807724308|24408&4&323.7456773989863|24409&4&236.07061197959504|24411&4&284.928641175884|24413&4&160.66826553239432|24417&4&-1.3322676295501878E-14|24418&4&-1.3322676295501878E-14|24419&4&-1.3322676295501878E-14|24420&4&-1.3322676295501878E-14|24421&4&-1.3322676295501878E-14|24422&4&-1.3322676295501878E-14|24423&4&-1.3322676295501878E-14|24424&4&-1.3322676295501878E-14|24425&4&-1.3322676295501878E-14|24426&4&445.77777979030327|24427&4&16.053389570183928|24428&4&29.084651725709037|24429&4&15.526161710236966|24430&4&25.83241100661095|24431&4&75.77508106450266|24432&4&29.41417512180343|24433&4&15.77328324796266|24434&4&123.94417631153053|24435&4&24.906092003003202|24436&4&410.92921270719444|24441&4&409.4149436692086|24442&4&190.4569786628198|24443&4&325.61269910773575|24452&4&83.00317999924486|24453&4&377.8540001741424|24454&4&10.736299736842414|24467&4&35.80178367263357|24479&4&318.3692949723453|24480&4&168.99131327054124|24481&4&352.74812072913716|24489&4&255.0860408899987|24492&4&151.6049199998497|24501&4&0.0|24502&4&0.0|24503&4&2.4546173965501548|24504&4&1.4938681588513398|24506&4&13.24610003208792,2|24397&4&35.87352676034665|24398&4&22.78769289754178|24400&4&325.69489131040746|24404&4&21.588201329184578|24416&4&15.07779063656112|24418&4&4.944947185856227|24420&4&76.2333167139667|24424&4&40.661901001125|24427&4&342.9568152381487|24428&4&-1.3322676295501878E-14|24429&4&-1.3322676295501878E-14|24430&4&-1.3322676295501878E-14|24431&4&294.83574725997784|24432&4&-1.3322676295501878E-14|24433&4&-1.3322676295501878E-14|24434&4&-1.3322676295501878E-14|24435&4&-1.3322676295501878E-14|24436&4&-1.3322676295501878E-14|24437&4&62.600510420974565|24438&4&23.31301373573942|24439&4&20.63455021871283|24440&4&176.03955390348565|24441&4&20.43527516515596|24442&4&17.02092363051799|24443&4&38.893871064108744|24444&4&17.7515178347718|24445&4&532.5765952692321|24446&4&315.5556451602931|24451&4&101.57013671599559|24462&4&6.8605469481197225|24467&4&119.12173967109342|24474&4&223.80267316727642|24482&4&25.902490870157862|24483&4&271.57720800653703|24491&4&433.2525845099095|24499&4&15.94003242902647|24503&4&0.0|24504&4&0.0|24505&4&2.744406785701983|24506&4&3.160918820534235|24514&4&4.466216562737381,2|24398&4&19.925918840618117|24402&4&122.99774798619016|24403&4&122.28598040386564|24410&4&14.579728669698921|24416&4&587.4622973833239|24437&4&-1.3322676295501878E-14|24438&4&-1.3322676295501878E-14|24439&4&-1.3322676295501878E-14|24440&4&-1.3322676295501878E-14|24441&4&-1.3322676295501878E-14|24442&4&-1.3322676295501878E-14|24443&4&-1.3322676295501878E-14|24444&4&181.55573073942216|24445&4&-1.3322676295501878E-14|24446&4&-1.3322676295501878E-14|24447&4&20.80283967290094|24448&4&25.2672190122348|24449&4&203.3329514569516|24450&4&38.41026384008179|24451&4&30.439196188183367|24452&4&115.81261217143432|24453&4&40.670981892439066|24454&4&44.647168667127616|24455&4&23.90701218764616|24456&4&35.37082659783076|24457&4&24.491915483179945|24468&4&165.5316535521551|24471&4&354.0096063874721|24475&4&104.68894511864926|24481&4&149.85321299557992|24483&4&90.6786660359418|24487&4&502.71468843758714|24505&4&0.0|24506&4&0.0|24507&4&3.4749068397466285|24508&4&3.1637736400029635,2|24400&4&29.955094436465505|24403&4&2.682577905187543|24407&4&42.536301725148064|24409&4&78.85119865523686|24411&4&99.13631312059982|24414&4&424.44502795471146|24415&4&323.54455767880467|24423&4&15.810030023028403|24424&4&101.58374453529399|24425&4&283.62240482378013|24429&4&50.48253863665946|24430&4&20.771437623193023|24435&4&299.0189472115404|24443&4&107.0883418626588|24447&4&-1.3322676295501878E-14|24448&4&-1.3322676295501878E-14|24449&4&-1.3322676295501878E-14|24450&4&-1.3322676295501878E-14|24451&4&42.07090008997461|24452&4&-1.3322676295501878E-14|24453&4&3.8125877178989565|24454&4&-1.3322676295501878E-14|24455&4&45.108632232383485|24456&4&-1.3322676295501878E-14|24457&4&27.201940054107972|24458&4&27.3913823380756|24459&4&15.21552303366563|24460&4&7.547844933963606|24461&4&49.803745833250744|24462&4&97.50448807944383|24463&4&264.8452706796333|24464&4&496.36650983836233|24465&4&80.28720278526266|24466&4&33.37706252421956|24470&4&187.71911020518525|24472&4&87.4223215571385|24476&4&354.3686427175369|24481&4&3.831086805081354|24484&4&560.6156140261113|24485&4&263.4922483076614|24488&4&233.93435674321657|24489&4&137.06151443919742|24490&4&55.368270954426514|24493&4&287.22615017066863|24507&4&0.0|24508&4&0.0|24509&4&3.4829449611655336,2|24399&4&258.062150880108|24405&4&13.27376215111197|24406&4&349.26744032358806|24409&4&57.77542384406212|24412&4&4.549830946496876|24429&4&249.1707123601276|24430&4&368.0355452319319|24432&4&208.5440101594097|24433&4&466.44341871217034|24438&4&456.26005186083404|24440&4&93.49841594135799|24447&4&11.717833330176479|24448&4&169.78023512214097|24450&4&264.60464850506736|24452&4&15.040181422709125|24454&4&23.25120052470489|24455&4&326.2347254909644|24457&4&-1.3322676295501878E-14|24458&4&-1.3322676295501878E-14|24459&4&379.35765872320763|24460&4&-1.3322676295501878E-14|24461&4&-1.3322676295501878E-14|24462&4&-1.3322676295501878E-14|24463&4&-1.3322676295501878E-14|24464&4&-1.3322676295501878E-14|24465&4&-1.3322676295501878E-14|24466&4&103.91271953127713|24467&4&29.98112625703324|24468&4&2.604217631500018|24469&4&22.663618140295256|24470&4&15.826432531622018|24471&4&19.82444556941703|24472&4&20.90223287447956|24473&4&107.78748752559983|24474&4&19.17164448783892|24475&4&2.604217631500018|24476&4&79.08210936967478|24482&4&122.40032406541074|24490&4&235.66309781872937|24500&4&4.837001959833062|24504&4&17.133901656485662|24509&4&0.0|24511&4&0.3238208892499991|24512&4&0.3238208892499991,2|24399&4&49.34650889211875|24402&4&342.70609457395284|24404&4&229.97250005731263|24405&4&198.5643875464256|24410&4&56.33188611967166|24417&4&228.31200802605792|24418&4&390.4029825492836|24421&4&33.471871707323174|24426&4&9.597022373923007|24430&4&75.02916399852907|24435&4&32.08600977709608|24439&4&151.36822325114125|24447&4&200.63083987310762|24450&4&78.57609050786839|24451&4&410.3270214738187|24453&4&123.71703050403353|24456&4&172.11545383923124|24461&4&28.684117961652504|24465&4&43.52301363271603|24467&4&-1.3322676295501878E-14|24468&4&-1.3322676295501878E-14|24469&4&-1.3322676295501878E-14|24470&4&-1.3322676295501878E-14|24471&4&-1.3322676295501878E-14|24472&4&-1.3322676295501878E-14|24473&4&-1.3322676295501878E-14|24474&4&-1.3322676295501878E-14|24475&4&-1.3322676295501878E-14|24476&4&-1.3322676295501878E-14|24477&4&18.48250816093328|24478&4&20.474122852899992|24479&4&24.691487362371596|24480&4&23.90443264321896|24481&4&30.45742367982865|24482&4&16.71008583744507|24483&4&19.840286772331414|24484&4&30.845680313992187|24485&4&18.735966013587003|24486&4&78.7020655346934|24511&4&2.1463673046174665|24512&4&0.0|24513&4&3.1365389505231307|24514&4&39.873866561349004,2|24409&4&42.01288576827645|24411&4&55.55165290102309|24414&4&14.59750133606294|24417&4&36.00156776933529|24419&4&389.10379711284986|24421&4&127.75419245831887|24423&4&384.5329206199563|24427&4&102.6399102239435|24429&4&6.352867626567008|24438&4&17.761122059166915|24439&4&26.122946529321162|24440&4&183.63565226946395|24447&4&54.21880825268421|24456&4&108.44724659070812|24457&4&266.7891950789542|24459&4&12.257715043076928|24460&4&8.331273147341646|24461&4&96.31510616957536|24463&4&83.18874426458623|24467&4&30.225961907118002|24473&4&24.095133841387202|24474&4&107.26648342111139|24477&4&-1.3322676295501878E-14|24478&4&256.2377110084067|24479&4&-1.3322676295501878E-14|24480&4&124.72032670847796|24481&4&-1.3322676295501878E-14|24482&4&-1.3322676295501878E-14|24483&4&-1.3322676295501878E-14|24484&4&5.756364037922537|24485&4&-1.3322676295501878E-14|24486&4&230.8239899636332|24487&4&15.571238480583549|24488&4&15.555659619059053|24489&4&31.45197129341255|24490&4&20.850602138435242|24491&4&16.82555534087766|24492&4&156.10503035560927|24493&4&19.017101254865523|24494&4&2.604217631500018|24495&4&20.5231608430026|24496&4&38.25475818093312|24500&4&15.75492111416028|24503&4&65.97720494843699|24504&4&1.3151818597365352|24505&4&24.651827797586677|24508&4&13.92519521991197|24513&4&0.0|24514&4&0.0|24515&4&2.4723574157233617|24516&4&3.1563806820514957
20|4,130,1,1,1,1,1,1,1,1,1,1,1,1,1,1,1,1,1,1,1,1,1,1,1,1,1,1,1,1,1,1,1,1,1,1,1,1,1,1,1,1,1,1,1,1,1,1,1,1,1,1,1,1,1,1,1,1,1,1,1,1,1,1,1,1,1,1,1,1,1,1,1,1,1,1,1,1,1,1,1,1,1,1,1,1,1,1,1,1,1,1,1,1,1,1,1,1,1,1,1,1,0,0,0,0,0,0,0,0,0,0,0,0,0,0,0,0,0,0,0,0,2|24397&4&395.73592810615884|24398&4&8.292211481462816|24399&4&109.00116599753503|24400&4&24.68693053221855|24401&4&205.25324649519888|24402&4&9.125416591839572|24403&4&21.64655897694733|24404&4&11.242952972346071|24405&4&12.17789576587462|24406&4&24.031051447619042|24407&4&47.86791966541084|24412&4&268.8290237137659|24420&4&65.2125397114493|24424&4&427.85318856181243|24428&4&184.145336503789|24434&4&21.556705151968874|24437&4&461.47958689655377|24442&4&37.31349309615198|24454&4&158.7283252215011|24456&4&4.287530082154667|24460&4&486.23023758194034|24461&4&227.39472581248555|24466&4&351.4513473075425|24468&4&250.31002043187718|24476&4&53.185350217199584|24478&4&55.191620114721104|24479&4&230.29598896697013|24482&4&153.99573515849698|24485&4&9.960508320198656|24491&4&51.48802895253094|24494&4&12.915062106259866|24495&4&310.28600096720345|24497&4&2.452679260596141|24498&4&2.3986450437539584|24499&4&53.13975809790497|24501&4&13.781535191874548|24504&4&48.11178368323798,2|24398&4&309.85711399244684|24407&4&9.345953556156221|24408&4&37.198914369551076|24409&4&12.162477739009333|24410&4&221.87230682637028|24411&4&43.31087149903939|24412&4&23.331806980724874|24413&4&25.371401181911473|24414&4&2.471885012382928|24415&4&16.461317762738716|24416&4&12.18877170244435|24417&4&25.935959345177118|24420&4&8.768614993936325|24421&4&327.21840996441733|24428&4&187.1339428559976|24433&4&20.695453975620303|24434&4&385.13314390293164|24438&4&12.778205872358726|24439&4&96.12427652561388|24442&4&208.43021663751418|24444&4&230.7215810905321|24461&4&48.69485387462596|24462&4&366.2053014272549|24464&4&11.64935789062217|24467&4&214.0379248258207|24468&4&6.740843698294577|24469&4&375.7332920948113|24472&4&513.2886355257373|24473&4&310.71080914683796|24475&4&38.31678063402314|24477&4&482.8514643204927|24483&4&21.195756407819303|24490&4&0.7208853206374783|24491&4&0.32983779283267134|24493&4&19.56974166926726|24495&4&26.41399890494997|24496&4&300.26047582592594|24499&4&1.956762986054962|24500&4&0.19321985842636946|24511&4&53.65407407823728|24512&4&2.632250052194201|24513&4&23.551579813478014,2|24402&4&28.666184243814232|24404&4&24.165938943086427|24410&4&30.664106977175322|24412&4&80.43970928786553|24413&4&112.95439164771493|24417&4&14.599628132347505|24418&4&25.58949904907725|24419&4&13.2260903407836|24420&4&205.4916520634973|24421&4&12.049225040193608|24422&4&0.0|24423&4&14.683574223467064|24424&4&9.302171338542749|24425&4&12.46565684080435|24426&4&17.30146466730072|24429&4&35.15782652912365|24432&4&117.29479373318469|24434&4&46.467121637763306|24436&4&131.02204898011104|24441&4&126.17754665260779|24452&4&11.488459559079876|24455&4&94.77066252794538|24458&4&538.5871643400856|24465&4&442.8325372647278|24468&4&0.2599386075829013|24469&4&99.68145854602088|24470&4&350.2139965344381|24474&4&28.484057436686072|24485&4&27.868038500116572|24487&4&15.666550091427037|24490&4&23.55682976274449|24494&4&472.88409464633565|24496&4&219.54877573603596|24501&4&2.214378763551129|24502&4&17.741576151760015|24511&4&19.16207160786134|24512&4&81.26145198556134,2|24401&4&108.30332703281358|24403&4&219.44970010521092|24407&4&518.4328039295303|24408&4&334.78755956710654|24409&4&280.4006592918876|24411&4&265.36002788774454|24413&4&150.62786763059154|24426&4&481.0647915510229|24427&4&8.1700447997994|24428&4&17.921897303914623|24429&4&7.790423840965283|24430&4&15.663877095931998|24431&4&64.58462243894945|24432&4&18.59675542346207|24433&4&7.955198885174908|24434&4&106.22197013474212|24435&4&14.78757896549618|24436&4&373.0932354814118|24441&4&442.3113937539712|24442&4&180.0812733173513|24443&4&307.3607972887003|24452&4&78.4172022367608|24453&4&421.7507590700488|24454&4&10.02054642105292|24467&4&33.8892515689362|24479&4&297.191357054716|24480&4&177.6111350490616|24481&4&403.2098393941744|24489&4&240.23809493892816|24492&4&142.19457716472593|24503&4&1.4390867379414365|24504&4&0.715624893592102|24506&4&18.465337188761005,2|24397&4&30.748737223154276|24398&4&19.53230819789296|24400&4&340.32622431982924|24404&4&18.504172567872498|24416&4&12.923820545623816|24418&4&2.472473592928122|24420&4&69.75688449499675|24424&4&34.853058000964296|24427&4&368.76091005003343|24431&4&269.81802222297597|24437&4&48.23490098177448|24438&4&13.615319236959216|24439&4&11.514577038023141|24440&4&158.0837601490614|24441&4&11.51501840362898|24442&4&8.969853703683096|24443&4&26.336607017793746|24444&4&9.351551395632947|24445&4&498.2010536912716|24446&4&329.7592300923743|24451&4&92.20936165256273|24462&4&5.880468812674048|24467&4&105.12300727512992|24474&4&207.49492700785535|24482&4&22.20213503156388|24483&4&251.46583117651574|24491&4&482.9915527487175|24499&4&14.61860691157408|24505&4&1.6549630229613226|24506&4&1.9665434366157855|24514&4&3.5729732501899045,2|24398&4&17.711927858327215|24402&4&111.52611367321471|24403&4&110.86795780039225|24410&4&48.674577846572895|24416&4&620.6771962421664|24444&4&165.27246620099893|24447&4&11.71960381271678|24448&4&15.128761540396923|24449&4&177.32405419346304|24450&4&26.013672121137176|24451&4&18.937616252493278|24452&4&100.79564592650217|24453&4&28.531643322405042|24454&4&32.74591266692221|24455&4&14.10374900426677|24456&4&23.521692796530452|24457&4&48.76024216460488|24468&4&148.48035912276188|24471&4&331.1869941965079|24475&4&95.66747920697063|24481&4&135.91522416279696|24483&4&126.98097518011465|24487&4&534.5401468120303|24489&4&1.6295224263763581|24507&4&2.2020386070864206|24508&4&1.9687273033157964,2|24400&4&26.626750610191557|24403&4&2.2993524901607514|24407&4&38.480806102113725|24409&4&70.45184238029974|24411&4&89.16098331711225|24414&4&422.9318006791644|24415&4&350.4173354488562|24423&4&14.053360020469693|24424&4&92.13469286869442|24425&4&261.2396017832481|24429&4&45.85900652069123|24430&4&18.463500109504906|24435&4&272.2267248734911|24443&4&97.11706013650688|24451&4&37.396355635533|24453&4&3.267932329627688|24455&4&39.788063798345036|24457&4&16.685412048495344|24458&4&16.653761901280877|24459&4&7.5835990510331674|24460&4&2.4718136512318187|24461&4&36.06663366694275|24462&4&80.21278276381534|24463&4&234.13283339748426|24464&4&518.3299855006394|24465&4&63.70082365316115|24466&4&21.13903440224855|24470&4&170.06322191287111|24472&4&77.67268053841944|24476&4&324.9627353605103|24481&4&3.2837886900697315|24484&4&579.5709428536725|24485&4&241.18651090771317|24488&4&214.82798245413892|24489&4&124.0709337901607|24490&4&50.64128046845642|24493&4&288.1711356519558|24509&4&2.207498151985807,2|24399&4&290.41810709670597|24405&4&19.938671354717208|24406&4&345.73713879065156|24409&4&53.331160471441954|24412&4&4.246508883397084|24429&4&233.70601458208188|24430&4&411.85466562494946|24432&4&229.92076155722268|24433&4&496.01996796801143|24438&4&493.65939672091025|24440&4&85.41180136744129|24447&4&10.977897533696748|24448&4&179.57178382024324|24450&4&248.57596379292409|24452&4&10.6420639360264|24454&4&21.31360048097948|24455&4&306.57292226576067|24459&4&415.81235487847044|24466&4&150.74533230891134|24467&4&18.799112973915225|24468&4&1.7763568394002505E-14|24469&4&13.196557054265986|24470&4&7.990631740947811|24471&4&10.978163359841293|24472&4&11.787874012374694|24473&4&90.00883907427439|24474&4&10.601707492486316|24475&4&1.7763568394002505E-14|24476&4&60.868358902411394|24482&4&115.91450173850694|24490&4&223.8799429277929|24500&4&3.648111034851735|24504&4&25.714226353955663|24511&4&-8.881784197001252E-16|24512&4&-8.881784197001252E-16,2|24399&4&45.821758256967414|24402&4&385.63849311026087|24404&4&213.8236384432338|24405&4&181.3769461903601|24410&4&53.20233689080101|24417&4&211.53560046407645|24418&4&401.3965987933316|24421&4&30.682549065046242|24426&4&8.22601917764829|24429&4&11.817399108538016|24430&4&68.20833090775369|24435&4&60.34545758486822|24439&4&139.15598523501862|24447&4&199.13786998123535|24450&4&71.60464705200943|24451&4&445.8802923758735|24453&4&113.44984511347863|24456&4&170.82180406435614|24461&4&26.63525239296304|24465&4&39.89609582998969|24477&4&9.97103483956734|24478&4&11.751463398783905|24479&4&14.628878918783563|24480&4&14.030899579032031|24481&4&18.94924978675055|24482&4&8.5799504665024|24483&4&11.232843883327305|24484&4&19.435142965325994|24485&4&10.376189953094986|24486&4&60.446813537100894|24511&4&1.448878016115696|24513&4&1.9477197408763298|24514&4&45.92919709584511,2|24404&4&6.912102793209687|24409&4&36.01104494423695|24411&4&47.28517419616752|24414&4&10.248919046243817|24417&4&61.54245952145614|24419&4&363.42692051152875|24421&4&113.90574797289415|24423&4&391.9072655667713|24425&4&14.242429980523514|24427&4&91.11014139616206|24429&4&4.764650719925254|24431&4&7.561073427372788|24438&4&15.787664052592815|24439&4&52.9008973818197|24440&4&235.5926017238127|24447&4&48.42782200204827|24456&4&99.44343260626479|24457&4&246.6795886122494|24459&4&9.193286282307696|24460&4&5.554182098227756|24461&4&157.15367090870694|24463&4&123.38186905741227|24467&4&63.03245367121232|24473&4&21.227133478296274|24474&4&122.4921531195751|24478&4&236.6345789444826|24480&4&113.7985122386322|24484&4&4.934026318219328|24486&4&265.6415952170911|24487&4&7.820742682311774|24488&4&7.809777617203265|24489&4&19.761640463134757|24490&4&11.922306839903662|24491&4&8.656686261392426|24492&4&133.4764044730361|24493&4&10.45426745110128|24494&4&1.7763568394002505E-14|24495&4&11.634187555742855|24496&4&25.671526237024416|24500&4&21.532095400913818|24503&4&71.74072439447659|24504&4&0.9863863948024018|24505&4&29.713700072922563|24508&4&19.431186560898354|24515&4&1.4503752447422418|24516&4&1.9629003203198176
21|4,130,1,1,1,1,1,1,1,1,1,1,1,1,1,1,1,1,1,1,1,1,1,1,1,1,1,1,1,1,1,1,1,1,1,1,1,1,1,1,1,1,1,1,1,1,1,1,1,1,1,1,1,1,1,1,1,1,1,1,1,1,1,1,1,1,1,1,1,1,1,1,1,1,1,1,1,1,1,1,1,1,1,1,1,1,1,1,1,1,1,1,1,1,1,1,1,1,1,1,1,1,0,0,0,0,0,0,0,0,0,0,0,0,0,0,0,0,0,0,0,0,2|24397&4&417.0033447690274|24398&4&2.9890452462442627|24399&4&91.54355921470814|24400&4&14.784683740594183|24401&4&180.48620191340262|24402&4&3.878196153779932|24403&4&11.76413900365657|24404&4&4.965295014556146|24405&4&5.451131625959953|24406&4&14.045697249544709|24407&4&39.41292719727356|24412&4&254.08052530829062|24420&4&60.263012261181274|24424&4&460.473755297937|24428&4&166.40938328453683|24434&4&19.161515690639|24437&4&507.6090173572757|24442&4&32.89500641044691|24454&4&148.37807854098443|24456&4&3.7515888218853335|24460&4&516.2556679834371|24461&4&213.19155248234347|24466&4&323.5778312257348|24468&4&249.6811568584579|24476&4&81.22784313828134|24478&4&91.02298967792879|24479&4&218.4460492183931|24482&4&196.28540091627391|24485&4&9.399399650954123|24491&4&45.05202533346458|24494&4&6.0276774175810575|24495&4&317.0289717606327|24497&4&1.4644876827816558|24498&4&1.4034178006325435|24499&4&60.67430024581763|24501&4&18.695822306613895|24504&4&44.35923623271542,2|24398&4&332.1408201467544|24407&4&3.6521680748603984|24408&4&25.406525040546814|24409&4&5.722129084745019|24410&4&196.6609217688205|24411&4&69.92673151144491|24412&4&13.849450801458115|24413&4&14.871117641054182|24414&4&-1.4210854715202004E-14|24415&4&8.389836024018237|24416&4&5.546202923540653|24417&4&21.61329945431426|24420&4&7.307179161613604|24421&4&342.9120105658278|24428&4&176.7505218069806|24433&4&17.260960333094516|24434&4&419.2306825981802|24438&4&10.648504893632271|24439&4&89.9220291305922|24442&4&191.9431588510138|24444&4&216.16761641235925|24461&4&44.26804897693269|24462&4&405.80031441064057|24464&4&9.707798242185142|24467&4&197.22908613691544|24468&4&2.1344793429558115|24469&4&402.1728402738179|24472&4&538.955914735664|24473&4&363.8844629324701|24475&4&0.0|24477&4&474.6288412253979|24483&4&18.40672021633834|24490&4&0.6608115439176885|24491&4&0.2748648273605594|24493&4&16.30811805772272|24495&4&22.01166575412498|24496&4&343.97674660491714|24499&4&1.0917157594343094|24500&4&-1.27675647831893E-15|24511&4&60.46658440150884|24512&4&1.640688455829051|24513&4&28.28893130147879,2|24402&4&23.888486869845195|24404&4&21.14519657520062|24410&4&25.553422480979435|24412&4&71.24711541562269|24413&4&100.19012016130343|24417&4&7.156337365033321|24418&4&18.244316123435006|24419&4&6.243297076430073|24420&4&211.77100612519752|24421&4&5.600442063942892|24423&4&8.583117275033093|24424&4&3.6274294582663957|24425&4&5.870901951549941|24426&4&8.94770577683029|24428&4&53.058529676942776|24429&4&29.37779198830571|24432&4&104.20815681106721|24434&4&39.82896140379711|24436&4&192.62084570270144|24441&4&110.41140769773065|24452&4&10.914036581125883|24455&4&86.15217962719105|24458&4&561.2879583997676|24465&4&416.04492309481464|24468&4&0.17329240505526775|24469&4&88.52104489779876|24470&4&399.13005817032865|24474&4&23.73671453057173|24485&4&23.223365416763812|24487&4&13.05545840952253|24488&4&6.667379822951954|24490&4&19.777688796956923|24494&4&483.40009180664094|24496&4&199.19794844399473|24501&4&1.2609358177298013|24502&4&22.027350990089698|24511&4&17.353224273559242|24512&4&86.39274998331365,2|24401&4&143.80988516589628|24403&4&205.20190110690592|24407&4&553.7375229386187|24408&4&348.84488239864595|24409&4&327.7660284441845|24411&4&245.7914145996051|24413&4&140.58746972878873|24426&4&448.1669148002592|24427&4&2.8909176609148575|24428&4&9.363360513620194|24429&4&2.6589036031935827|24430&4&8.099560816753026|24431&4&55.99838144489621|24432&4&10.383553356620695|24433&4&2.741332153887137|24434&4&91.1039815894537|24435&4&7.273283559489143|24436&4&337.861475887129|24441&4&469.77078650759296|24442&4&178.96324919325608|24443&4&300.2916057649573|24452&4&73.83122447427675|24453&4&397.2533344169894|24454&4&9.304793105263427|24467&4&31.976719465238844|24479&4&276.0134191370866|24480&4&193.80456024149203|24481&4&436.7724503852708|24489&4&225.39014898785763|24492&4&132.78423432960216|24503&4&0.747376968582719|24504&4&0.261202517582865|24506&4&23.29629365136619,2|24397&4&25.6239476859619|24398&4&16.276923498244138|24400&4&354.09424980434153|24404&4&15.420143806560418|24416&4&10.76985045468651|24418&4&1.687538997430238E-14|24420&4&63.2804522760268|24424&4&29.044215000803586|24427&4&343.93352339896785|24431&4&244.80029718597416|24437&4&36.47350917407438|24438&4&6.521842369678995|24439&4&4.998821488833439|24440&4&142.73218402613708|24441&4&5.198979273601985|24442&4&3.523001408348183|24443&4&16.383560602978736|24444&4&3.5558025879940756|24445&4&490.4154633160433|24446&4&345.0126085603956|24451&4&82.84858658912987|24462&4&4.900390677228373|24467&4&91.12427487916642|24474&4&191.18718084843425|24482&4&18.5017791929699|24483&4&231.35445434649444|24491&4&466.76744282083223|24499&4&13.297181394121694|24505&4&0.889340149470663|24506&4&1.0959889419473368|24514&4&2.6797299376424277,2|24398&4&15.497936876036313|24402&4&100.05447936023924|24403&4&99.44993519691886|24410&4&85.16834352230671|24413&4&11.323981810891055|24416&4&641.8578399330011|24422&4&193.29168496942168|24444&4&148.98920166257568|24447&4&5.240585584032603|24448&4&7.594521700059026|24449&4&153.91937456147454|24450&4&21.595109292605354|24451&4&10.040253948303178|24452&4&88.38289731307|24453&4&18.996522383871|24454&4&23.448874298216783|24455&4&6.9047034523873645|24456&4&14.276776626730124|24457&4&46.25483179367771|24468&4&131.42906469336867|24471&4&320.44604559687247|24475&4&0.0|24481&4&121.97723533001397|24483&4&172.4637962240141|24487&4&554.913298180619|24489&4&13.597138894134687|24507&4&1.2529912636762135|24508&4&1.09750185587863,2|24400&4&23.29840678391761|24403&4&1.9161270751339599|24407&4&34.42531047907938|24409&4&62.052486105362625|24411&4&79.18565351362469|24414&4&430.0422067988229|24415&4&374.60817914928236|24423&4&12.296690017910983|24424&4&82.68564120209484|24425&4&238.85679874271605|24429&4&41.235474404723|24430&4&16.15556259581679|24435&4&245.4345025354417|24443&4&87.14577841035495|24451&4&32.721811181091375|24453&4&2.723276941356406|24455&4&34.46749536430657|24457&4&8.773101674382698|24458&4&8.520359095986137|24459&4&2.5558926999006886|24460&4&1.4210854715202004E-14|24461&4&24.933739132134736|24462&4&65.52529507968681|24463&4&206.02461374683514|24464&4&531.6757308137228|24465&4&49.71866215255962|24466&4&11.505223911777524|24470&4&152.40733362055698|24472&4&67.92303951970038|24476&4&295.55682800348376|24481&4&2.736490575058109|24484&4&536.3881931059112|24485&4&218.880773507765|24488&4&195.7216081650612|24489&4&111.08035314112395|24490&4&45.91428998248634|24493&4&296.9137995458918|24509&4&1.2558722320560802,2|24399&4&321.0911341164194|24405&4&49.750089932583464|24406&4&349.0990854307902|24409&4&48.88689709882179|24412&4&3.943186820297292|24429&4&218.24131680403616|24430&4&449.4887798342695|24432&4&237.0961244854256|24433&4&519.4251774171427|24438&4&524.7779565530479|24440&4&77.32518679352458|24447&4&10.237961737217017|24448&4&363.47373488386006|24450&4&232.5472790807808|24452&4&6.2439464493436745|24454&4&19.376000437254074|24455&4&286.91111904055685|24459&4&402.1160967322728|24466&4&200.47003325828925|24467&4&10.221317322297196|24469&4&6.333713599736701|24470&4&2.759048581773587|24471&4&4.736098781765541|24472&4&5.277732781769812|24473&4&74.83440825444893|24474&4&4.6359881286337|24476&4&45.258826066648|24482&4&109.42867941160316|24490&4&212.09678803685645|24500&4&2.459220109870408|24504&4&33.85884628005859,2|24399&4&42.29700762181608|24402&4&426.09108752741935|24404&4&197.67477682915498|24405&4&164.18950483429455|24410&4&50.072787661930356|24417&4&194.75919290209498|24418&4&412.63483985246194|24421&4&27.89322642276931|24426&4&6.855015981373573|24429&4&39.870487390232846|24430&4&61.38749781697832|24435&4&92.52205548696324|24439&4&126.94374721889602|24447&4&206.9183250722402|24449&4&249.34990168512854|24450&4&64.63320359615047|24451&4&489.04706923724723|24453&4&103.18265972292373|24456&4&188.1143073747843|24461&4&24.586386824273575|24465&4&36.26917802726335|24477&4&4.063779149701386|24478&4&5.633021576167799|24479&4&7.170488106695512|24480&4&6.761584146345086|24481&4&10.045293525172427|24482&4&3.0540327270597114|24483&4&5.229618625823182|24484&4&10.628823248159783|24485&4&4.620631524102951|24486&4&44.79577917100836|24511&4&0.7513887276139253|24513&4&1.0827214204795297|24514&4&52.1482094052087,2|24404&4&6.566497653549203|24409&4&30.009204120197452|24411&4&39.01869549131195|24414&4&5.900336756424692|24417&4&94.16895565417592|24419&4&348.2414069594801|24421&4&100.0573034874694|24423&4&364.4157280455477|24425&4&13.53030848149734|24427&4&79.58037256838062|24429&4&3.1764338132835004|24431&4&26.222737315748077|24438&4&13.814206046018715|24439&4&86.79856493449157|24440&4&284.7222800338001|24447&4&42.63683575141235|24456&4&90.43961862182147|24457&4&226.56998214554457|24459&4&6.128857521538464|24460&4&2.7770910491138654|24461&4&208.88481801616265|24463&4&163.79957432866985|24467&4&97.81140880093211|24473&4&18.35913311520535|24474&4&143.18202471192578|24478&4&217.03144688055846|24480&4&102.87669776878641|24484&4&4.111688598516105|24486&4&309.60433746934166|24487&4&2.6744645155399827|24488&4&2.6681132468474607|24489&4&10.675527264356944|24490&4&5.598229172872063|24491&4&3.0920348134071762|24492&4&113.45199622196293|24493&4&4.495651278837022|24495&4&5.349431899983094|24496&4&15.692511924615697|24497&4&3.8610028727109125|24500&4&27.049274808144023|24503&4&77.33703610669967|24504&4&0.6575909298682683|24505&4&36.82371079104551|24508&4&24.497043847009703|24515&4&0.7522139630111229|24516&4&1.09324084783814
22|4,130,1,1,1,1,1,1,1,1,1,1,1,1,1,1,1,1,1,1,1,1,1,1,1,1,1,1,1,1,1,1,1,1,1,1,1,1,1,1,1,1,1,1,1,1,1,1,1,1,1,1,1,1,1,1,1,1,1,1,1,1,1,1,1,1,1,1,1,1,1,1,1,1,1,1,1,1,1,1,1,1,1,1,1,1,1,1,1,1,1,1,1,1,1,1,1,1,1,1,1,1,0,0,0,0,0,0,0,0,0,0,0,0,0,0,0,0,0,0,0,0,2|24397&4&445.3110080917198|24398&4&0.15775967303186061|24399&4&76.55856906645934|24400&4&7.354317610975967|24401&4&158.19186377728542|24402&4&1.1024526228938993|24403&4&4.35319593753942|24404&4&1.1591779067786507|24405&4&1.1970668358907854|24406&4&6.533894174978707|24407&4&30.95793472913629|24412&4&239.33202690281541|24420&4&55.31348481091325|24424&4&491.145721910088|24428&4&148.67343006528463|24434&4&16.766326229309126|24437&4&536.278595999725|24442&4&28.47651972474185|24454&4&0.0|24456&4&3.2156475616159996|24460&4&545.387668164841|24461&4&198.98837915220136|24466&4&295.7043151439271|24468&4&258.88209896377566|24476&4&114.23669696005621|24478&4&127.69176972149373|24479&4&234.87636194517296|24482&4&246.6768784792569|24485&4&8.838290981709589|24491&4&38.616021714398215|24494&4&1.6129093634803258|24495&4&339.7763620529848|24497&4&0.6695159633935424|24498&4&0.6014104159375011|24499&4&67.95926390256261|24501&4&23.321018260217798|24504&4&40.60668878219284,2|24398&4&356.9603149050815|24407&4&0.4310890392436253|24408&4&16.085720868389398|24409&4&1.7528614221862313|24410&4&173.9222431569498|24411&4&99.84551482284658|24412&4&6.840355160569944|24413&4&6.842374950209326|24415&4&2.7899963279474687|24416&4&1.375514806643106|24417&4&17.2906395634514|24420&4&5.845743329290883|24421&4&368.2558117316677|24428&4&166.3671007579636|24433&4&13.82646669056873|24434&4&459.7419152220674|24438&4&8.518803914905817|24439&4&83.7197817355705|24442&4&175.45610106451343|24444&4&201.6136517341864|24461&4&39.84124407923942|24462&4&440.424900307262|24464&4&7.766238593748113|24467&4&180.42024744801017|24468&4&-1.509903313490213E-14|24469&4&431.4999097880657|24472&4&562.1493404886065|24473&4&404.16912523250033|24477&4&453.3502221766029|24483&4&15.617684024857374|24490&4&0.6007377671978986|24491&4&0.21989186188844748|24493&4&13.04649444617818|24495&4&17.60933260329999|24496&4&387.12464912340295|24499&4&0.41988839124002875|24511&4&67.62120877904863|24512&4&0.8423467178902744|24513&4&36.26465875168962,2|24402&4&19.11078949587616|24404&4&18.124454207314816|24410&4&20.442737984783548|24412&4&62.054521543379835|24413&4&87.42584867489194|24417&4&2.1855201906472437|24418&4&10.899133197792779|24419&4&1.7321458547262578|24420&4&206.89644980366225|24421&4&1.624919626070765|24423&4&4.953483825295591|24424&4&0.425661230576798|24425&4&3.0915578756447735|24426&4&3.0665635209379563|24428&4&84.59006034324088|24429&4&23.597757447487766|24432&4&91.1215198889497|24434&4&33.19080116983091|24436&4&245.61398019016593|24441&4&94.64526874285349|24444&4&8.716686814558647|24452&4&10.33961360317189|24455&4&77.53369672643672|24457&4&2.5565152652385943|24458&4&589.0912483620048|24465&4&456.86741411671323|24468&4&0.08664620252763416|24469&4&77.36063124957666|24470&4&439.0432444589259|24474&4&18.98937162445739|24475&4&180.0013515974229|24485&4&30.84406214009457|24487&4&10.444366727618021|24488&4&31.181513432443417|24490&4&15.998547831169356|24494&4&488.81985938344354|24496&4&178.84712115195353|24498&4&4.04313886699191|24501&4&0.5007127303348459|24502&4&26.115208021145094|24507&4&4.383857819335276|24509&4&4.105468539296112|24511&4&15.544376939257141|24512&4&91.3142929613448,2|24401&4&180.53209904167264|24403&4&190.95410210860092|24407&4&577.0232646685439|24408&4&362.7011315966661|24409&4&370.5271964876155|24411&4&226.22280131146562|24413&4&130.5470718269859|24426&4&454.7185308677442|24427&4&0.08505106040890305|24428&4&3.2783748468340908|24429&4&-2.3092638912203256E-14|24430&4&3.006721444747664|24431&4&49.88475708542107|24432&4&4.641174788475787|24433&4&-1.865174681370263E-14|24434&4&78.45860967874336|24435&4&2.2299393193359904|24436&4&305.10119320001996|24441&4&439.25404305803625|24442&4&186.83641697234012|24443&4&310.91550086821695|24452&4&69.2452467117927|24453&4&392.6844141172624|24454&4&0.0|24467&4&30.064187361541485|24479&4&254.83548121945725|24480&4&193.657522742138|24481&4&478.565651793425|24489&4&210.54220303678713|24492&4&123.37389149447839|24503&4&0.24888705765037364|24504&4&0.0|24506&4&27.740768543474246,2|24397&4&20.499158148769528|24398&4&13.021538798595314|24400&4&379.9207452521788|24404&4&12.336115045248338|24416&4&8.615880363749206|24420&4&56.804020057056846|24424&4&23.235372000642876|24427&4&319.1061367479024|24431&4&219.78257214897235|24437&4&27.1856684898826|24438&4&1.8999063524112056|24439&4&0.9547079822934464|24440&4&129.85308149614087|24441&4&1.3559137961617438|24442&4&0.5486836904138856|24443&4&8.902700499703869|24444&4&0.23169582300491565|24445&4&482.8052691538204|24446&4&361.52461028442156|24451&4&73.48781152569701|24454&4&0.0|24462&4&3.9203125417826983|24467&4&77.12554248320289|24474&4&174.8794346890132|24482&4&14.801423354375917|24483&4&211.2430775164732|24491&4&465.5879338080546|24499&4&11.975755876669304|24505&4&0.3169371344063753|24506&4&0.4186543057052601|24514&4&1.7864866250949507,2|24398&4&13.283945893745411|24402&4&88.58284504726376|24403&4&88.03191259344547|24410&4&123.7390787740172|24413&4&34.51999187838591|24416&4&667.8227831691523|24422&4&222.10665492253588|24427&4&3.029116314061601|24441&4&47.57433663576338|24444&4&132.70593712415243|24447&4&1.2334523677313824|24448&4&2.5318227097335635|24449&4&132.9871685224141|24450&4&31.00732747782567|24451&4&3.6155980897921265|24452&4&253.06308938026714|24453&4&11.934661983715547|24454&4&0.0|24455&4&7.9570281768282|24456&4&7.503745469312753|24457&4&43.749421422750544|24468&4&114.37777026397548|24471&4&320.9876063184231|24481&4&108.039246497231|24483&4&214.68373350244798|24487&4&574.5421353626422|24489&4&36.09831726831125|24507&4&0.4971637786923786|24508&4&0.41949626686783587,2|24400&4&19.970062957643663|24403&4&1.5329016601071683|24407&4&30.369814856045036|24409&4&53.65312983042551|24411&4&69.21032371013712|24414&4&447.984528131438|24415&4&402.8575063880005|24423&4&10.540020015352273|24424&4&73.23658953549528|24425&4&216.473995702184|24429&4&36.61194228875476|24430&4&13.847625082128674|24435&4&218.64228019739238|24443&4&77.17449668420304|24451&4&28.04726672664975|24453&4&2.178621553085124|24455&4&29.1469269302681|24457&4&3.332977611810195|24458&4&2.8588413030743514|24459&4&0.0|24461&4&16.272725259332876|24462&4&53.30863089425476|24463&4&180.38965463456464|24464&4&544.1183783496612|24465&4&38.20797755913169|24466&4&4.342364587160383|24470&4&134.75144532824285|24472&4&58.17339850098132|24476&4&266.15092064645717|24481&4&2.1891924600464865|24484&4&493.20544335815|24485&4&196.57503610781686|24488&4&176.6152338759835|24489&4&98.08977249208723|24490&4&41.187299496516246|24493&4&311.3366766866826|24509&4&0.49746617055272574,2|24399&4&347.3532015637719|24403&4&7.68788255648969|24405&4&290.1535077121522|24406&4&355.4087967204444|24409&4&44.44263372620163|24412&4&3.6398647571975005|24429&4&202.7766190259904|24430&4&475.2525898972524|24432&4&252.06349416872538|24433&4&538.5316246057464|24438&4&556.2855901755288|24440&4&69.23857221960787|24447&4&9.498025940737286|24448&4&375.2840459403578|24450&4&216.5185943686376|24452&4&1.845828962660948|24454&4&0.0|24455&4&267.24931581535304|24459&4&400.80544415670425|24466&4&221.80315329175232|24467&4&4.116782209057756|24469&4&1.9418213110613012|24470&4&-2.220446049250313E-14|24471&4&0.9656193605366332|24472&4&1.2402909010104297|24473&4&62.13323797300205|24474&4&1.1413497564866097|24476&4&32.12182780828521|24482&4&102.94285708469934|24490&4&200.31363314592|24500&4&1.2703291848890808|24504&4&41.9200922798025|24516&4&2.6102870385549863,2|24399&4&38.77225698666474|24402&4&454.96240309365174|24404&4&181.5259152150761|24405&4&147.00206347822902|24410&4&46.943238433059705|24417&4&177.9827853401135|24418&4&420.70181545150325|24421&4&25.103903780492377|24426&4&5.484012785098857|24429&4&75.59419946647667|24430&4&54.566664726202944|24435&4&127.86608131091683|24439&4&114.7315092027734|24447&4&223.73288769396254|24449&4&243.93256756289205|24450&4&57.661760140291506|24451&4&515.9269292857709|24453&4&92.91547433236883|24456&4&210.48021187311917|24461&4&22.53752125558411|24465&4&32.64226022453701|24477&4&0.6274530593938972|24478&4&1.9854032522481622|24479&4&2.1836381446198914|24480&4&1.9658198371664675|24481&4&3.613150914826096|24482&4&-2.042810365310288E-14|24483&4&1.6988669612471634|24484&4&7.5406196908308045|24485&4&1.3369581074938717|24486&4&31.616931116455973|24511&4&0.24711929753852768|24513&4&0.4109429585091017|24514&4&58.77611827909557,2|24404&4&6.220892513888719|24409&4&24.007363296157955|24411&4&30.752216786456387|24414&4&1.5517544666055674|24417&4&130.66538152987124|24419&4&341.57591119784706|24421&4&86.20885900204465|24423&4&336.92419052432416|24425&4&12.818186982471165|24427&4&68.05060374059917|24429&4&1.5882169066417469|24431&4&51.4299367566648|24438&4&11.840748039444614|24439&4&123.46001927489226|24440&4&268.3809991167259|24447&4&36.84584950077641|24456&4&81.43580463737814|24457&4&206.46037567883977|24459&4&3.064428760769232|24460&4&-2.4868995751603507E-14|24461&4&257.6870083013637|24463&4&201.13809898885614|24467&4&134.42942778501683|24473&4&15.491132752114423|24474&4&170.1534289416153|24478&4&197.4283148166344|24480&4&91.95488329894062|24484&4&3.289350878812883|24486&4&350.58460527266897|24487&4&-1.865174681370263E-14|24488&4&-1.687538997430238E-14|24489&4&4.0604950572846565|24490&4&1.747702629348793|24491&4&2.042810365310288E-14|24492&4&95.89946863289589|24493&4&1.009221418112909|24495&4&1.5372928788014277|24496&4&8.186758150585561|24497&4&8.571368844455847|24500&4&35.001417917364634|24503&4&82.6217765857964|24504&4&0.3287954649341348|24505&4&44.20988520235312|24508&4&29.2739007643391|24515&4&0.24727253970637583|24516&4&0.4168012337828345
23|4,130,1,1,1,1,1,1,1,1,1,1,1,1,1,1,1,1,1,1,1,1,1,1,1,1,1,1,1,1,1,1,1,1,1,1,1,1,1,1,1,1,1,1,1,1,1,1,1,1,1,1,1,1,1,1,1,1,1,1,1,1,1,1,1,1,1,1,1,1,1,1,1,1,1,1,1,1,1,1,1,1,1,1,1,1,1,1,1,1,1,1,1,1,1,1,1,1,1,1,1,1,0,0,0,0,0,0,0,0,0,0,0,0,0,0,0,0,0,0,0,0,2|24397&4&424.8004311073964|24398&4&-6.661338147750939E-16|24399&4&64.63395351288702|24400&4&2.452977007963711|24401&4&138.45244856265424|24402&4&7.549516567451064E-15|24403&4&3.019806626980426E-14|24404&4&12.185279187338535|24405&4&-1.1546319456101628E-14|24406&4&1.8326569084991942|24407&4&22.50294226099902|24412&4&224.58352849734018|24420&4&50.36395736064522|24424&4&510.0535697912578|24428&4&130.9374768460325|24434&4&14.371136767979252|24437&4&572.9902237506603|24442&4&24.058033039036786|24456&4&2.6797063013466658|24460&4&524.1311956788381|24461&4&184.78520582205925|24466&4&267.83079906211935|24468&4&275.7193062311467|24476&4&152.80311451280946|24478&4&174.377025468482|24479&4&266.85388108599705|24482&4&290.719048524366|24485&4&8.277182312465055|24491&4&32.18001809533185|24494&4&7.549516567451064E-15|24495&4&364.8303229468462|24497&4&0.13367462033641636|24498&4&0.05534097958510423|24499&4&75.11695865346806|24501&4&27.678151695390103|24504&4&36.85414133167026,2|24398&4&378.27349647297444|24407&4&8.881784197001252E-16|24408&4&8.950824429287529|24409&4&6.661338147750939E-15|24410&4&153.97664546624796|24411&4&93.58357097994855|24412&4&1.9601217829208102|24413&4&1.8767962448510696|24415&4&1.865174681370263E-14|24416&4&-1.4210854715202004E-14|24417&4&12.967979672588541|24420&4&4.384307496968162|24421&4&394.9094194420321|24428&4&155.98367970894665|24433&4&10.391973048042944|24434&4&485.3817341378295|24438&4&6.389102936179363|24439&4&77.51753434054882|24442&4&158.96904327801306|24444&4&187.05968705601356|24461&4&35.41443918154614|24462&4&469.4317686967896|24464&4&5.824678945311085|24467&4&163.6114087591049|24469&4&456.2131803116434|24472&4&579.2241459633899|24473&4&451.3544216543024|24477&4&418.09558227186244|24483&4&12.828647833376408|24490&4&0.0|24491&4&0.16491889641633556|24493&4&9.78487083463364|24495&4&13.206999452475|24496&4&429.0417054330999|24499&4&2.9976021664879227E-15|24511&4&74.26367565229856|24512&4&0.3057189327223254|24513&4&42.29124473960078,2|24402&4&14.333092121907121|24404&4&15.10371183942901|24410&4&15.332053488587661|24412&4&52.861927671136996|24413&4&74.66157718848044|24417&4&-6.217248937900877E-15|24418&4&6.352149635168663|24419&4&5.773159728050814E-15|24420&4&213.28648321876278|24421&4&7.549516567451064E-15|24423&4&2.7278420308263702|24424&4&-9.992007221626409E-16|24425&4&22.55686956169658|24426&4&-1.865174681370263E-14|24428&4&80.22791100188648|24429&4&17.81772290666982|24432&4&78.03488296683221|24434&4&26.552640935864716|24436&4&303.5887230622262|24441&4&78.87912978797635|24444&4&29.575360244702765|24452&4&9.765190625217896|24455&4&68.9152138256824|24457&4&18.07075917724488|24458&4&616.4844466704224|24465&4&489.0221651959634|24468&4&5.828670879282072E-16|24469&4&66.20021760135455|24470&4&453.86402873643294|24474&4&14.242028718343049|24475&4&171.00128401755177|24485&4&58.053016604325514|24487&4&7.8332750457135125|24488&4&93.35339537442383|24490&4&0.0|24494&4&487.8981625345639|24496&4&158.49629385991233|24498&4&8.563106090293584|24501&4&3.552713678800501E-15|24502&4&29.944479190695965|24507&4&9.025592953743132|24509&4&8.678245238078848|24511&4&13.735529604955044|24512&4&95.80022633912706,2|24401&4&226.95797082309247|24403&4&176.70630311029595|24407&4&592.2714177648527|24408&4&388.0955146355061|24409&4&415.9500110671071|24411&4&206.65418802332616|24413&4&120.5066739251831|24426&4&477.0695944924768|24427&4&-3.0531133177191805E-16|24428&4&2.042810365310288E-14|24430&4&1.865174681370263E-14|24431&4&46.463355739800996|24432&4&1.4489385917948523|24434&4&68.36855105276729|24435&4&-1.7763568394002505E-14|24436&4&274.8521440925317|24441&4&408.73729960847936|24442&4&201.19502383617123|24443&4&323.4099897907632|24452&4&64.65926894930865|24453&4&402.62730567784905|24467&4&28.151655257844123|24479&4&233.65754330182787|24480&4&210.69866479415845|24481&4&511.5743811799198|24489&4&195.69425708571657|24492&4&113.96354865935463|24503&4&-1.1657341758564144E-15|24506&4&35.98118183757559,2|24397&4&15.374368611577154|24398&4&9.76615409894649|24400&4&406.3946364457941|24404&4&9.252086283936258|24411&4&51.38184446496636|24416&4&6.461910272811901|24420&4&50.32758783808689|24424&4&17.426529000482166|24427&4&294.27875009683686|24431&4&194.76484711197048|24437&4&20.451525596743867|24438&4&4.884981308350689E-15|24439&4&-5.10702591327572E-15|24440&4&116.97397896614467|24441&4&8.43769498715119E-15|24442&4&0.0|24443&4&3.9711446304053197|24444&4&8.326672684688674E-16|24445&4&463.1481837713195|24446&4&387.060882655065|24451&4&64.12703646226414|24454&4&210.46562500652175|24462&4&2.940234406337024|24467&4&63.12681008723939|24474&4&158.57168852959214|24482&4&11.101067515781935|24483&4&191.1317006864519|24491&4&476.5766127729788|24499&4&10.654330359216917|24505&4&1.3322676295501878E-15|24506&4&1.4432899320127035E-15|24514&4&0.8932433125474737|24515&4&3.296133277203438,2|24398&4&11.06995491145451|24402&4&77.1112107342883|24403&4&76.61388998997208|24410&4&160.8891370081712|24413&4&32.76568232993938|24416&4&679.7181313523533|24422&4&220.5708130002629|24423&4&7.248473037255716|24427&4&25.48565901811361|24441&4&101.68423229812245|24444&4&116.4226725857292|24447&4&8.881784197001252E-15|24448&4&2.4868995751603507E-14|24449&4&114.72278186838233|24450&4&52.4091386045168|24451&4&-6.217248937900877E-15|24452&4&249.900035649331|24453&4&7.684546824059005|24455&4&22.52707417289096|24456&4&3.541605495247911|24457&4&41.24401105182338|24468&4&97.32647583458225|24471&4&337.0443152264592|24481&4&94.10125766444803|24483&4&257.3816454465921|24487&4&582.9628837891996|24489&4&65.49967026174764|24507&4&0.0|24508&4&2.55351295663786E-15,2|24400&4&16.641719131369715|24403&4&1.1496762450803768|24407&4&26.314319233010693|24409&4&45.253773555488394|24411&4&59.23499390664956|24414&4&464.8008883785877|24415&4&427.79299890448755|24423&4&8.783350012793562|24424&4&63.78753786889572|24425&4&194.0911926616519|24429&4&31.98841017278653|24430&4&11.53968756844056|24435&4&194.3488053859331|24443&4&67.20321495805112|24451&4&23.372722272208122|24453&4&1.6339661648138422|24455&4&23.826358496229638|24457&4&0.6836642810730038|24458&4&-1.687538997430238E-14|24461&4&10.17247988953009|24462&4&43.90186074340407|24463&4&157.5724412312962|24464&4&560.4543455995715|24465&4&29.50379537952329|24466&4&1.4210854715202004E-14|24470&4&117.09555703592872|24472&4&48.42375748226226|24475&4&0.7182289733729088|24476&4&236.7450132894306|24481&4&1.641894345034864|24484&4&450.0226936103886|24485&4&174.26929870786873|24488&4&157.50885958690586|24489&4&85.09919184305049|24490&4&0.0|24493&4&331.5240268619461|24509&4&1.1102230246251565E-16,2|24399&4&377.31708362366754|24403&4&33.710555663628746|24405&4&308.66630362946074|24406&4&363.31144833403255|24409&4&39.998370353581464|24412&4&3.3365426940977088|24429&4&187.31192124794467|24430&4&512.7453145454064|24432&4&270.9846815197021|24433&4&534.6374688522176|24438&4&572.6567223925102|24440&4&63.84958578053215|24447&4&8.758090144257554|24448&4&380.99888206949|24450&4&200.48990965649432|24452&4&-3.1086244689504383E-15|24455&4&247.58751259014923|24459&4&402.1539258194504|24466&4&216.74023893868613|24467&4&3.019806626980426E-14|24469&4&-5.773159728050814E-15|24471&4&2.4424906541753444E-15|24472&4&0.0|24473&4&51.98298695546623|24474&4&-3.552713678800501E-15|24476&4&21.14301132244468|24482&4&96.45703475779555|24490&4&0.0|24500&4&0.34339821845989094|24504&4&49.56878702784208|24516&4&6.909432627118813,2|24399&4&35.24750635151341|24402&4&481.1086547931466|24404&4&165.37705360099724|24405&4&129.8146221221635|24410&4&43.81368920418905|24417&4&161.206377778132|24418&4&440.1102701301941|24421&4&22.314581138215445|24426&4&4.1130095888241405|24429&4&113.9263583170993|24430&4&47.74583163542757|24435&4&120.96140185067932|24439&4&102.51927118665077|24447&4&249.65110949067207|24449&4&231.11256443053463|24450&4&50.690316684432545|24451&4&538.4862185181069|24453&4&82.64828894181393|24456&4&240.37734406215415|24461&4&20.488655686894646|24465&4&29.015342421810676|24477&4&4.440892098500626E-15|24478&4&5.773159728050814E-15|24479&4&-7.105427357601002E-15|24480&4&4.884981308350689E-15|24481&4&-2.7533531010703882E-14|24483&4&1.199040866595169E-14|24484&4&25.06893448822369|24485&4&-8.43769498715119E-15|24486&4&20.465466965277024|24511&4&-7.216449660063518E-16|24513&4&2.9976021664879227E-15|24514&4&55.18846195299055,2|24404&4&5.875287374228235|24409&4&18.005522472118457|24411&4&22.48573808160082|24413&4&34.743907772660044|24414&4&-6.661338147750939E-15|24417&4&180.05679236413667|24419&4&339.54647402264396|24421&4&72.36041451661993|24423&4&309.43265300310054|24425&4&12.10606548344499|24427&4&56.52083491281775|24429&4&-6.661338147750939E-15|24431&4&48.773035257795335|24438&4&9.867290032870514|24439&4&164.0875443886711|24440&4&287.7742312290986|24447&4&31.05486325014048|24456&4&72.43199065293481|24457&4&186.35076921213496|24459&4&0.0|24461&4&315.0071445682836|24463&4&244.90638960051012|24467&4&181.2364340190389|24473&4&12.623132389023496|24474&4&202.78500824310845|24478&4&177.8251827527103|24480&4&81.03306882909484|24484&4&2.467013159109661|24486&4&342.6856673845053|24489&4&-7.105427357601002E-15|24490&4&0.0|24492&4&81.14454164900289|24493&4&7.549516567451064E-15|24495&4&-9.325873406851315E-15|24496&4&3.2407230606712583|24497&4&12.978490183096536|24500&4&42.31070212787513|24503&4&87.78446533242494|24504&4&1.3322676295501878E-15|24505&4&48.34893296582736|24508&4&37.28334173348041|24514&4&10.328364055632749|24515&4&-1.27675647831893E-15|24516&4&-2.9976021664879227E-15
24|4,130,1,1,1,1,1,1,1,1,1,1,1,1,1,1,1,1,1,1,1,1,1,1,1,1,1,1,1,1,1,1,1,1,1,1,1,1,1,1,1,1,1,1,1,1,1,1,1,1,1,1,1,1,1,1,1,1,1,1,1,1,1,1,1,1,1,1,1,1,1,1,1,1,1,1,1,1,1,1,1,1,1,1,1,1,1,1,1,1,1,1,1,1,1,1,1,1,1,1,1,1,0,0,0,0,0,0,0,0,0,0,0,0,0,0,0,0,0,0,0,0,2|24397&4&393.3149879719853|24399&4&54.4217597079009|24400&4&1.6353180053091472|24401&4&122.29447035087341|24404&4&197.22325411998418|24406&4&1.2217712723328176|24407&4&14.047949792861747|24412&4&209.83503009186495|24420&4&45.41442991037721|24424&4&486.5789744734523|24426&4&21.842893721110045|24428&4&113.2015236267803|24434&4&11.975947306649378|24437&4&542.3265068872804|24442&4&19.639546353331724|24456&4&2.143765041077332|24460&4&500.3905980830921|24461&4&170.58203249191723|24466&4&239.95728298031165|24468&4&307.08854151532574|24476&4&189.83525480787128|24478&4&219.70794491526644|24479&4&282.1262637698327|24482&4&338.8434869168226|24485&4&7.71607364322052|24491&4&25.74401447626549|24495&4&387.4592959178393|24497&4&-1.1102230246251565E-15|24498&4&-6.938893903907228E-17|24499&4&81.77782591446375|24501&4&36.33153025250198|24504&4&33.10159388114769,2|24398&4&387.73188156947276|24408&4&5.967216286191674|24410&4&134.85627843765417|24411&4&88.39875227668333|24412&4&1.306747855280546|24413&4&1.251197496567388|24417&4&8.645319781725682|24420&4&2.9228716646454416|24421&4&420.29684353435664|24428&4&145.60025865992966|24433&4&6.957479405517156|24434&4&487.21915238360356|24438&4&4.2594019574529085|24439&4&71.31528694552713|24442&4&142.4819854915127|24444&4&172.50572237784067|24461&4&30.98763428385287|24462&4&448.06445071950054|24464&4&3.8831192968740567|24467&4&146.8025700701996|24469&4&482.2756875109367|24472&4&550.8492883530322|24473&4&460.4918603251108|24477&4&398.19131976962075|24483&4&10.039611641895444|24491&4&0.10994593094422364|24493&4&6.523247223089101|24495&4&8.804666301650009|24496&4&415.66700365227547|24511&4&80.2669594704711|24512&4&2.1094237467877974E-15|24513&4&45.934663934621234,2|24402&4&9.555394747938085|24404&4&12.082969471543205|24410&4&10.221368992391774|24412&4&43.66933379889415|24413&4&61.89730570206895|24418&4&4.2347664234457945|24420&4&228.3090070412933|24423&4&1.8185613538842489|24425&4&63.21626174243836|24428&4&75.86576166053209|24429&4&12.03768836585188|24432&4&64.94824604471474|24434&4&19.91448070189852|24436&4&302.7370681862676|24441&4&63.1129908330992|24444&4&62.47683697305815|24452&4&9.190767647263902|24455&4&60.29673092492807|24457&4&49.957112176023614|24458&4&574.2176942260364|24465&4&464.7738860896462|24469&4&55.039803953132434|24470&4&462.81601861965703|24474&4&9.494685812228706|24475&4&162.00121643768063|24485&4&87.43528532086512|24487&4&5.222183363809004|24488&4&129.37781675632743|24490&4&196.46090585646718|24494&4&495.3676480437001|24496&4&138.1454665678711|24498&4&12.51062113260939|24502&4&38.10023387010464|24507&4&13.14206117118373|24509&4&12.661770637309889|24511&4&11.926682270652943|24512&4&100.26339414984157,2|24401&4&276.0630243891607|24403&4&162.45850411199095|24407&4&581.3739560176458|24408&4&415.0204984622109|24409&4&446.9973059625455|24411&4&187.08557473518664|24413&4&110.4662760233803|24426&4&439.33817234998025|24431&4&43.041954394180934|24432&4&1.3281937091452627|24434&4&60.796588354076206|24436&4&248.4852136682012|24441&4&378.2205561589226|24442&4&228.1589555724346|24443&4&338.6527610417162|24452&4&60.073291186824605|24453&4&413.75209496518914|24467&4&26.23912315414676|24479&4&212.47960538419852|24480&4&195.31817676872558|24481&4&494.4434806626505|24489&4&180.84631113464604|24492&4&104.55320582423086|24506&4&41.120778243479066,2|24397&4&10.24957907438478|24398&4&6.510769399297667|24400&4&436.5852559542764|24404&4&6.168057522624179|24411&4&104.78373489564345|24416&4&4.307940181874596|24420&4&43.85115561911694|24424&4&11.617686000321456|24427&4&269.45136344577134|24431&4&169.74712207496867|24437&4&17.306409040007114|24440&4&104.09487643614848|24443&4&2.6474297536035465|24445&4&447.11070037394444|24446&4&396.64935753281986|24451&4&54.76626139883129|24454&4&199.94234375619567|24462&4&1.9601562708913494|24467&4&49.12807769127588|24474&4&142.26394237017107|24482&4&7.400711677187952|24483&4&171.02032385643065|24491&4&465.0180943714536|24499&4&9.332904841764528|24514&4&-3.3306690738754696E-15|24515&4&7.223257729870075,2|24398&4&8.855963929163607|24402&4&65.63957642131282|24403&4&65.19586738649869|24410&4&208.84085950100211|24413&4&31.01137278149286|24416&4&634.7801999371334|24422&4&208.47961503989868|24423&4&23.30297383060581|24427&4&54.571428466390024|24441&4&148.609830238191|24444&4&100.13940804730598|24449&4&96.47277287046272|24450&4&86.37719071123156|24452&4&239.62724862211647|24453&4&6.1476374592471945|24455&4&50.39724972380402|24456&4&2.3610703301652904|24457&4&38.73860068089621|24468&4&80.27518140518906|24471&4&357.45007521370513|24481&4&80.16326883166506|24483&4&289.78105240397804|24487&4&537.4838026532473|24489&4&100.55862746265612,2|24400&4&13.313375305095768|24403&4&0.7664508300535854|24407&4&22.25882360997635|24409&4&36.854417280551274|24411&4&49.259664103161995|24412&4&4.272258227695124|24414&4&478.96570554741334|24415&4&448.163789149828|24423&4&7.026680010234851|24424&4&54.338486202296146|24425&4&171.7083896211198|24429&4&27.3648780568183|24430&4&9.231750054752444|24435&4&181.78331167265594|24443&4&57.23193323189919|24449&4&2.2534793924077148|24451&4&18.698177817766496|24453&4&1.0893107765425603|24455&4&18.505790062191167|24457&4&0.5469314248584116|24461&4&8.137983911624048|24462&4&36.58488395283675|24463&4&139.1005848391432|24464&4&528.9909092464909|24465&4&23.901665166660134|24470&4&99.43966874361459|24472&4&38.6741164635432|24475&4&0.6823175247042633|24476&4&207.339105932404|24481&4&1.0945962300232415|24484&4&406.83994386262736|24485&4&151.96356130792057|24488&4&138.40248529782815|24489&4&72.10861119401375|24493&4&349.4598590925936,2|24399&4&407.3185016604817|24403&4&73.92147764265042|24405&4&308.35762947955874|24406&4&373.5719935023747|24409&4&35.5541069809613|24412&4&3.033220630997917|24429&4&171.84722346989895|24430&4&503.05451055327404|24431&4&2.681292310760696|24432&4&294.0958980537746|24433&4&524.8377175793623|24438&4&556.9726603321895|24440&4&58.76583221712114|24447&4&8.018154347777823|24448&4&391.977889497235|24450&4&184.46122494435107|24455&4&227.92570936494545|24459&4&412.8573164097056|24466&4&207.44036625701318|24473&4&45.92018083936468|24476&4&10.757586037947156|24482&4&89.97121243089174|24500&4&-2.1094237467877974E-15|24504&4&57.24661222159888|24516&4&10.838930873789653,2|24399&4&31.72275571636207|24402&4&472.80162472114995|24404&4&149.22819198691843|24405&4&112.62718076609801|24410&4&40.6841399753184|24417&4&144.42997021615054|24418&4&457.3620916021762|24421&4&19.525258495938512|24426&4&2.742006392549424|24429&4&163.3740126288566|24430&4&40.9249985446522|24435&4&114.05672239044179|24439&4&90.30703317052817|24447&4&234.35839605299725|24449&4&218.2925612981772|24450&4&43.718873228573585|24451&4&516.0995808728146|24453&4&72.38110355125903|24456&4&272.0436713988455|24461&4&18.43979011820518|24465&4&25.38842461908434|24484&4&50.12287475240221|24486&4&13.643644643518014|24514&4&51.63123555268764,2|24404&4&5.529682234567751|24409&4&12.003681648078958|24411&4&14.219259376745255|24413&4&83.09466219668175|24417&4&230.4133223112576|24419&4&343.7955373229116|24421&4&58.51197003119518|24423&4&281.941115481877|24425&4&11.393943984418815|24427&4&44.99106608503631|24431&4&46.11613375892587|24438&4&7.893832026296414|24439&4&202.2148197077081|24440&4&279.4647508533827|24447&4&72.4754958891535|24456&4&63.4281766684915|24457&4&166.2411627454302|24461&4&304.39745227797846|24463&4&289.1475870771986|24467&4&230.29761256293833|24473&4&9.75513202593257|24474&4&235.83839147170465|24478&4&158.2220506887862|24480&4&70.11125435924906|24484&4&1.6446754394064391|24486&4&318.026718484357|24492&4&68.06757176861994|24496&4&2.160482040447503|24497&4&12.298002119289706|24500&4&46.129773571839635|24503&4&92.81183108639836|24505&4&51.96868331889366|24508&4&42.9034930231248|24514&4&20.11245135401701
25|4,130,1,1,1,1,1,1,1,1,1,1,1,1,1,1,1,1,1,1,1,1,1,1,1,1,1,1,1,1,1,1,1,1,1,1,1,1,1,1,1,1,1,1,1,1,1,1,1,1,1,1,1,1,1,1,1,1,1,1,1,1,1,1,1,1,1,1,1,1,1,1,1,1,1,1,1,1,1,1,1,1,1,1,1,1,1,1,1,1,1,1,1,1,1,1,1,1,1,1,1,1,0,0,0,0,0,0,0,0,0,0,0,0,0,0,0,0,0,0,0,0,2|24397&4&373.1279743675782|24399&4&44.209565902914775|24400&4&0.8176590026545761|24401&4&106.13649213909251|24404&4&209.8782857317161|24406&4&0.6108856361664109|24407&4&5.592957324724474|24410&4&52.347826464655654|24412&4&195.08653168638972|24420&4&40.46490246010918|24424&4&498.0965426423884|24426&4&22.642121134651365|24428&4&95.46557040752813|24434&4&9.580757845319503|24437&4&511.09537615708814|24442&4&15.221059667626658|24456&4&1.607823780807998|24460&4&472.4568094174607|24461&4&156.37885916177515|24466&4&212.08376689850388|24467&4&20.86774961336149|24468&4&333.40541721888684|24476&4&224.37324361415278|24478&4&258.673374197962|24479&4&285.05033152951387|24482&4&379.09207311344187|24485&4&7.154964973975987|24491&4&19.30801085719913|24495&4&402.70609687897013|24499&4&76.47685130458817|24501&4&34.2588754305881|24504&4&29.349046430625123,2|24398&4&391.1803209406164|24408&4&2.983608143095827|24410&4&115.73591140906035|24411&4&83.21393357341812|24412&4&0.6533739276402748|24413&4&0.6255987482836922|24417&4&4.322659890862823|24420&4&1.4614358323227208|24421&4&415.89636557335945|24428&4&135.2168376109127|24433&4&3.522985762991369|24434&4&480.16200801399594|24438&4&2.1297009787264543|24439&4&65.11303955050545|24442&4&125.99492770501232|24444&4&157.9517576996678|24461&4&26.560829386159597|24462&4&443.6572270107783|24464&4&1.9415596484370283|24467&4&129.9937313812943|24469&4&500.0735595445746|24472&4&556.8952138963767|24473&4&465.70210101215065|24477&4&377.385605713224|24483&4&7.250575450414477|24491&4&0.054972965472111716|24493&4&3.2616236115445627|24495&4&4.40233315082502|24496&4&404.85124450110237|24511&4&75.02670486361153|24513&4&43.170387011727406,2|24402&4&4.777697373969047|24404&4&9.0622271036574|24410&4&5.110684496195887|24412&4&34.4767399266513|24413&4&49.13303421565746|24418&4&2.117383211722905|24420&4&214.69669391089425|24423&4&0.9092806769421244|24425&4&101.16513043810826|24428&4&71.50361231917768|24429&4&6.2576538250339375|24432&4&51.86160912259724|24434&4&13.276320467932322|24436&4&337.3074843353485|24441&4&47.34685187822204|24444&4&94.68518939613698|24452&4&8.616344669309909|24455&4&51.67824802417375|24457&4&47.40736881670807|24458&4&564.3687732344094|24465&4&439.68529410835595|24469&4&43.879390304910316|24470&4&454.54809671715276|24474&4&4.747342906114364|24475&4&153.00114885780948|24485&4&78.74082119067616|24487&4&2.6110916819044947|24488&4&154.97815790925912|24490&4&186.6378605636438|24494&4&495.120242520032|24496&4&117.79463927582985|24498&4&11.853069071227335|24502&4&35.90019611909489|24507&4&12.450886503464432|24509&4&11.996209637433545|24511&4&10.117834936350846|24512&4&92.36698403533414,2|24401&4&318.7503312049257|24403&4&148.21070511368598|24407&4&606.2475102031356|24408&4&379.2748635937159|24409&4&451.92958305174994|24411&4&167.51696144704718|24413&4&100.42587812157748|24426&4&401.6067502074837|24431&4&39.62055304856087|24432&4&1.2074488264956935|24434&4&53.2246256553851|24436&4&222.1182832438707|24441&4&347.7038127093659|24442&4&252.0967579330685|24443&4&343.88577615579686|24452&4&55.48731342434055|24453&4&392.16052393614723|24467&4&24.3265910504494|24479&4&191.30166746656917|24480&4&179.9376887432927|24481&4&495.8092272945436|24489&4&165.9983651835755|24492&4&0.0|24506&4&38.712698316251334,2|24397&4&5.124789537192407|24398&4&3.2553846996488436|24400&4&452.3856210299839|24404&4&3.0840287613120996|24408&4&69.49818044606815|24411&4&159.8016982737777|24416&4&2.1539700909372903|24420&4&68.57993887388945|24424&4&5.8088430001607465|24427&4&244.6239767947058|24431&4&144.72939703796678|24437&4&14.161292483270392|24440&4&91.2157739061523|24443&4&1.3237148768017732|24445&4&428.74480135429684|24446&4&412.24397589599965|24447&4&43.92193324784767|24451&4&45.40548633539842|24454&4&200.43053994939933|24462&4&0.9800781354456748|24467&4&35.12934529531236|24474&4&125.95619621075001|24482&4&3.7003558385939694|24483&4&150.90894702640935|24486&4&14.473045647805941|24491&4&461.0202755148514|24499&4&8.011479324312138|24515&4&6.853854510183563,2|24398&4&6.641972946872706|24402&4&54.16794210833736|24403&4&53.77784478302531|24410&4&197.25186170606406|24413&4&29.25706323304634|24416&4&617.4823649328463|24422&4&196.38841707953446|24423&4&45.00072836672515|24427&4&51.77119146520083|24428&4&4.339968331598862|24441&4&175.38744786926213|24444&4&83.85614350888272|24449&4&78.22276387254314|24450&4&123.97396117602314|24452&4&238.9429509215272|24453&4&4.610728094435394|24455&4&85.12344876961532|24456&4&1.1805351650826452|24457&4&36.23319030996904|24468&4&63.22388697579586|24471&4&374.50114900433556|24481&4&66.22527999888207|24483&4&316.2880282303029|24487&4&499.7919002829303|24489&4&140.82049176980286,2|24400&4&9.98503147882182|24403&4&0.38322541502679397|24407&4&18.203327986942007|24409&4&28.455061005614162|24411&4&39.28433429967442|24412&4&30.13470336430335|24414&4&457.4106494056838|24415&4&465.60856975268655|24423&4&5.27001000767614|24424&4&44.88943453569658|24425&4&149.32558658058778|24427&4&31.11502059153449|24429&4&22.741345940850064|24430&4&6.923812541064329|24433&4&42.8229252873021|24435&4&182.55692021686426|24443&4&47.26065150574727|24449&4&9.296927322214167|24451&4&14.023633363324869|24453&4&0.5446553882712782|24455&4&13.1852216281527|24457&4&0.4101985686438088|24461&4&6.103487933718036|24462&4&29.267907162269406|24463&4&120.6287284469902|24464&4&485.8880058382808|24465&4&18.299534953796954|24470&4&81.78378045130046|24472&4&28.924475444824143|24475&4&0.6464060760356178|24476&4&177.93319857537745|24481&4&0.5472981150116188|24484&4&363.6571941148661|24485&4&129.6578239079724|24488&4&119.29611100875047|24489&4&59.118030544977|24493&4&362.9415737996655,2|24399&4&392.3682278055734|24403&4&119.4837337558996|24405&4&291.15532027327197|24406&4&398.15036472718225|24409&4&31.109843608341137|24412&4&2.7298985678981253|24429&4&156.38252569185323|24430&4&511.65137496505133|24431&4&16.796461287903327|24432&4&319.734790136018|24433&4&482.63042773556134|24438&4&529.9181984577197|24440&4&53.68207865371012|24447&4&7.278218551298093|24448&4&378.1754281682181|24450&4&168.4325402322078|24455&4&208.26390613974164|24459&4&396.1672846621117|24466&4&213.1175192926099|24473&4&39.85737472326315|24475&4&3.968039409874167|24476&4&5.336130996700244|24482&4&83.48539010398794|24504&4&53.904036617448156|24516&4&10.272858745056167,2|24399&4&28.19800508121073|24402&4&477.6695103452692|24404&4&133.0793303728396|24405&4&95.43973941003247|24410&4&37.55459074644775|24417&4&127.65356265416908|24418&4&443.24492601886635|24421&4&16.73593585366158|24426&4&1.3710031962747073|24429&4&209.94172898711346|24430&4&34.104165453876824|24435&4&107.15204293020429|24439&4&78.09479515440555|24447&4&219.06568261532243|24449&4&205.47255816581978|24450&4&36.747429772714625|24451&4&493.442514479645|24453&4&62.113918160704124|24456&4&284.39603216634646|24461&4&16.390924549515717|24465&4&21.761506816358004|24484&4&83.43093204638457|24486&4&6.82182232175899|24514&4&48.07400915238474,2|24404&4&5.184077094907267|24409&4&6.0018408240394585|24411&4&5.95278067188969|24413&4&134.4977855476237|24417&4&273.558982742344|24419&4&347.41958049129886|24421&4&44.66352554577045|24423&4&254.4495779606534|24425&4&10.68182248539264|24427&4&33.46129725725487|24431&4&43.45923226005641|24438&4&5.920374019722313|24439&4&243.7699278068302|24440&4&262.1796415662986|24447&4&64.32392869403512|24456&4&54.42436268404818|24457&4&187.32380819214112|24461&4&284.58295360410796|24463&4&330.0016712505247|24467&4&217.43290143182182|24473&4&6.887131662841643|24474&4&273.0572656218253|24478&4&138.61891862486212|24480&4&70.30732691153452|24484&4&0.822337719703217|24486&4&293.36776958420865|24492&4&0.0|24496&4&1.0802410202237478|24497&4&11.617514055482872|24500&4&43.39862185268112|24503&4&85.89941306532535|24505&4&48.741366819086736|24508&4&40.3883150496599|24514&4&19.08100787617708
26|4,130,1,1,1,1,1,1,1,1,1,1,1,1,1,1,1,1,1,1,1,1,1,1,1,1,1,1,1,1,1,1,1,1,1,1,1,1,1,1,1,1,1,1,1,1,1,1,1,1,1,1,1,1,1,1,1,1,1,1,1,1,1,1,1,1,1,1,1,1,1,1,1,1,1,1,1,1,1,1,1,1,1,1,1,1,1,1,1,1,1,1,1,1,1,1,1,1,1,1,1,1,0,0,0,0,0,0,0,0,0,0,0,0,0,0,0,0,0,0,0,0,2|24397&4&355.04595683626775|24399&4&33.99737209792865|24400&4&5.10702591327572E-15|24401&4&89.97851392731164|24404&4&210.65931307298044|24406&4&4.218847493575595E-15|24407&4&-1.9539925233402755E-14|24410&4&90.12538752607747|24412&4&180.3380332809145|24420&4&35.515375009841165|24422&4&5.939393473081859|24424&4&506.85819604165613|24426&4&77.03068002122197|24428&4&77.72961718827595|24434&4&7.18556838398963|24437&4&480.11979659861566|24442&4&10.802572981921594|24456&4&1.0718825205386642|24460&4&508.75419249985003|24461&4&142.17568583163307|24466&4&184.21025081669617|24467&4&48.37391685897546|24468&4&352.0710302415475|24476&4&270.72557014650624|24478&4&256.7567487894947|24479&4&263.50995326081465|24482&4&409.6154862554294|24485&4&6.593856304731453|24491&4&12.872007238132769|24495&4&417.55992434138886|24499&4&71.1758766947126|24501&4&32.18622060867422|24504&4&25.59649898010255,2|24398&4&405.50236560383564|24408&4&-2.042810365310288E-14|24410&4&96.61554438046656|24411&4&78.02911487015291|24412&4&3.552713678800501E-15|24413&4&-3.552713678800501E-15|24417&4&-3.552713678800501E-14|24420&4&0.0|24421&4&436.7225728670628|24428&4&124.83341656189572|24433&4&0.08849212046558208|24434&4&499.8528324597351|24438&4&0.0|24439&4&58.910792155483755|24442&4&109.50786991851194|24444&4&143.39779302149495|24461&4&22.134024488466324|24462&4&465.3778527952255|24464&4&0.0|24467&4&113.18489269238906|24469&4&510.7258288580046|24472&4&556.0339380532023|24473&4&443.35541646406466|24477&4&338.17699052345216|24483&4&4.461539258933511|24491&4&-2.0816681711721685E-16|24493&4&2.398081733190338E-14|24495&4&3.019806626980426E-14|24496&4&435.8056235725122|24511&4&69.78645025675196|24513&4&40.40611008883357,2|24402&4&8.881784197001252E-15|24404&4&6.041484735771593|24410&4&0.0|24412&4&25.284146054408456|24413&4&36.368762729245965|24418&4&1.509903313490213E-14|24420&4&201.08438078049517|24423&4&0.0|24425&4&141.48877864873813|24428&4&67.14146297782327|24429&4&0.4776192842159954|24432&4&38.77497220047974|24434&4&6.638160233966126|24436&4&317.027120431462|24441&4&31.580712923344894|24444&4&128.37969263341466|24452&4&8.041921691355915|24455&4&43.059765123419425|24457&4&44.85762545739252|24458&4&603.0103624111601|24465&4&458.8736024983368|24469&4&32.71897665668821|24470&4&479.4141310713101|24474&4&2.1316282072803006E-14|24475&4&144.00108127793834|24485&4&70.0463570604872|24487&4&-1.4210854715202004E-14|24488&4&181.31178760206674|24490&4&177.44076126530203|24494&4&457.44767186480783|24496&4&97.44381198378863|24498&4&11.195517009845277|24502&4&33.70015836808514|24507&4&11.75971183574513|24509&4&11.3306486375572|24511&4&8.308987602048745|24512&4&84.47057392082671,2|24401&4&299.72758525773367|24403&4&133.96290611538097|24407&4&629.8345245268868|24408&4&343.5292287252207|24409&4&476.59063020192957|24411&4&147.94834815890772|24413&4&90.38548021977468|24426&4&363.8753280649872|24431&4&36.19915170294081|24432&4&1.0867039438461243|24434&4&45.652662956694|24436&4&195.75135281954024|24441&4&317.18706925980916|24442&4&239.07603180923383|24443&4&356.1027246598624|24452&4&50.9013356618565|24453&4&368.80647543884334|24467&4&22.41405894675204|24479&4&170.12372954893982|24480&4&164.5572007178599|24481&4&519.0598618365193|24489&4&151.150419232505|24506&4&36.3046183890236,2|24397&4&3.375077994860476E-14|24398&4&2.042810365310288E-14|24400&4&478.40578996259705|24404&4&2.042810365310288E-14|24408&4&127.58538283180467|24411&4&207.1592162200581|24416&4&-1.509903313490213E-14|24420&4&87.99017650286824|24424&4&3.730349362740526E-14|24427&4&219.79659014364032|24431&4&119.71167200096495|24437&4&11.01617592653367|24440&4&78.33667137615613|24443&4&0.0|24445&4&386.2339112745212|24446&4&387.87810322311844|24447&4&76.57830956077109|24451&4&36.04471127196556|24454&4&189.35668482689675|24462&4&2.220446049250313E-16|24467&4&23.709167188787028|24474&4&109.64845005132892|24482&4&-1.3322676295501878E-14|24483&4&130.79757019638808|24486&4&34.201987109058315|24491&4&459.93868892279454|24499&4&6.69005380685975|24515&4&6.48445129049705,2|24398&4&4.427981964581804|24402&4&42.69630779536189|24403&4&42.35982217955192|24410&4&185.66286391112595|24413&4&27.502753684599817|24416&4&629.939395400386|24422&4&184.29721911917025|24423&4&63.817699899225325|24427&4&48.97095446401164|24428&4&7.706197167979569|24441&4&209.94299796041832|24444&4&67.57287897045947|24449&4&59.97275487462353|24450&4&154.18656894990568|24452&4&218.07656280817977|24453&4&3.073818729623593|24455&4&114.35661237332076|24456&4&0.0|24457&4&33.72777993904187|24468&4&47.70581879539633|24471&4&391.436256266698|24481&4&52.287291166099095|24483&4&298.8692043314171|24487&4&497.70305922780665|24489&4&183.8128577894332,2|24400&4&6.656687652547872|24403&4&2.55351295663786E-15|24407&4&14.147832363907668|24409&4&20.055704730677043|24411&4&29.30900449618685|24412&4&58.303016228280214|24414&4&463.09393501465826|24415&4&431.0791059489827|24423&4&3.5133400051174286|24424&4&35.44038286909701|24425&4&126.94278354005573|24427&4&58.135723428852906|24429&4&18.117813824881832|24430&4&4.615875027376214|24433&4&74.44535555725943|24435&4&184.1961678996832|24443&4&37.289369779595354|24449&4&18.119365165977204|24451&4&9.349088908883243|24453&4&-3.774758283725532E-15|24455&4&7.864653194114233|24457&4&0.27346571242920603|24461&4&4.068991955812024|24462&4&21.950930371702064|24463&4&102.15687205483718|24464&4&490.55676410680417|24465&4&12.697404740933774|24470&4&64.12789215898633|24472&4&19.174834426105086|24475&4&0.6104946273669724|24476&4&148.52729121835088|24481&4&-3.774758283725532E-15|24484&4&320.4744443671048|24485&4&107.35208650802427|24488&4&100.18973671967277|24489&4&46.12744989594027|24492&4&159.640566629524|24493&4&374.870749303857,2|24399&4&364.0574747692759|24403&4&165.37128400762447|24405&4&273.95301106698525|24406&4&411.79687697802365|24409&4&26.665580235720974|24412&4&2.4265765047983336|24429&4&140.91782791380749|24430&4&522.5051817930448|24431&4&36.50492592927126|24432&4&349.0014649877264|24433&4&440.4231378917604|24438&4&556.2743962591596|24440&4&48.59832509029911|24447&4&6.538282754818362|24448&4&352.8300561011715|24450&4&152.40385552006455|24455&4&188.60210291453785|24459&4&362.48605657914845|24466&4&200.59024451498706|24473&4&33.79456860716161|24475&4&8.94343619314116|24476&4&1.9539925233402755E-14|24482&4&76.99956777708414|24485&4&7.280499492696977|24504&4&50.561461013297425|24516&4&9.706786616322681,2|24399&4&24.673254446059392|24402&4&508.1130052192053|24404&4&116.93046875876074|24405&4&78.25229805396698|24410&4&34.4250415175771|24417&4&110.87715509218759|24418&4&452.656035521657|24421&4&13.946613211384648|24426&4&-9.325873406851315E-15|24429&4&244.23921545408186|24430&4&27.28333236310145|24435&4&100.24736346996679|24439&4&65.88255713828292|24447&4&203.77296917764758|24449&4&192.65255503346236|24450&4&29.775986316855665|24451&4&508.88597655169576|24453&4&51.84673277014922|24456&4&313.71295746449596|24461&4&14.342058980826252|24465&4&18.13458901363167|24484&4&112.55296812196391|24486&4&-3.375077994860476E-14|24514&4&44.516782752081845,2|24404&4&4.838471955246783|24409&4&-4.085620730620576E-14|24411&4&2.6645352591003757E-14|24413&4&172.18184827466416|24417&4&316.9024212288854|24419&4&343.3655540316427|24421&4&30.815081060345708|24423&4&226.95804043942982|24425&4&9.969700986366465|24427&4&21.93152842947343|24431&4&40.802330761186944|24438&4&3.9469160131482135|24439&4&237.8638234082201|24440&4&245.57080372327528|24447&4&56.17236149891674|24456&4&45.42054869960486|24457&4&203.1403807773479|24461&4&315.8427870221438|24463&4&315.6879280009058|24467&4&204.5681903007053|24473&4&4.0191312997507165|24474&4&299.27731011894855|24478&4&119.01578656093803|24480&4&67.52594003320341|24484&4&-5.10702591327572E-15|24486&4&268.7088206840603|24496&4&-7.549516567451064E-15|24497&4&10.937025991676041|24500&4&40.6674701335226|24503&4&78.98699504425238|24505&4&45.5140503192798|24508&4&37.87313707619502|24514&4&18.049564398337147
27|4,130,1,1,1,1,1,1,1,1,1,1,1,1,1,1,1,1,1,1,1,1,1,1,1,1,1,1,1,1,1,1,1,1,1,1,1,1,1,1,1,1,1,1,1,1,1,1,1,1,1,1,1,1,1,1,1,1,1,1,1,1,1,1,1,1,1,1,1,1,1,1,1,1,1,1,1,1,1,1,1,1,1,1,1,1,1,1,1,1,1,1,1,1,1,1,1,1,1,1,1,1,0,0,0,0,0,0,0,0,0,0,0,0,0,0,0,0,0,0,0,0,2|24397&4&341.81249744480436|24399&4&23.785178292942526|24401&4&74.90511117540483|24404&4&212.8163134849402|24410&4&136.02511527401936|24412&4&165.58953487543923|24420&4&30.565847559573136|24422&4&16.53597050758767|24424&4&510.0171469650462|24426&4&139.11755525136763|24428&4&59.99366396902378|24434&4&4.790378922659757|24437&4&446.10123499199193|24442&4&6.38408629621653|24456&4&0.5359412602693302|24460&4&491.14889673850894|24461&4&127.972512501491|24466&4&156.3367347348884|24467&4&84.35338567207295|24468&4&366.61570454902244|24476&4&313.30730113044126|24478&4&250.94778757869392|24479&4&271.17783954632034|24482&4&431.5626499621701|24485&4&6.032747635486919|24491&4&6.436003619066408|24495&4&427.6720074178237|24499&4&65.87490208483702|24501&4&30.11356578676034|24504&4&21.84395152957998,2|24398&4&385.4246872034094|24410&4&77.49517735187275|24411&4&72.8442961668877|24421&4&461.3939154656498|24428&4&114.44999551287873|24433&4&8.881784197001252E-16|24434&4&517.9845539824322|24439&4&52.70854476046207|24442&4&93.02081213201159|24444&4&128.8438283433221|24461&4&17.70721959077305|24462&4&426.6127600874299|24467&4&96.37605400348377|24469&4&471.89580911501275|24472&4&559.7231890045529|24473&4&451.70161779423097|24477&4&319.2582224950869|24483&4&2.230769629466754|24496&4&471.43929987009676|24511&4&64.54619564989238|24513&4&37.641833165939744,2|24404&4&3.020742367885786|24412&4&16.091552182165607|24413&4&23.604491242834474|24420&4&187.47206765009608|24425&4&181.30403303515715|24428&4&62.77931363646887|24429&4&-2.6645352591003757E-15|24432&4&28.153097979658597|24434&4&-7.105427357601002E-14|24436&4&358.1475405041082|24441&4&20.25045584747907|24444&4&141.2497314965224|24452&4&7.4674987134019215|24455&4&34.441282222665095|24457&4&42.30788209807698|24458&4&585.3627685278295|24465&4&469.5260507198495|24469&4&21.558563008466102|24470&4&499.60634169703667|24475&4&135.0010136980672|24485&4&65.996566013651|24488&4&205.94068082906702|24490&4&167.58641867275458|24494&4&454.4849306572203|24496&4&77.09298469174742|24498&4&10.53796494846322|24502&4&31.50012061707539|24507&4&11.06853716802583|24509&4&10.665087637680857|24511&4&6.500140267746648|24512&4&76.57416380631923,2|24401&4&280.70483931054173|24403&4&119.71510711707597|24407&4&645.2636471592177|24408&4&307.78359385672553|24409&4&509.06942333361536|24411&4&128.37973487076826|24413&4&80.34508231797187|24426&4&326.1439059224906|24431&4&32.77775035732075|24432&4&0.9659590611965551|24434&4&38.08070025800289|24436&4&169.38442239520978|24441&4&286.67032581025234|24442&4&247.35656242004816|24443&4&375.97216468422283|24452&4&46.315357899372444|24453&4&355.1692712662081|24467&4&20.501526843054677|24479&4&148.94579163131044|24480&4&149.1767126924271|24481&4&481.03861589087165|24489&4&136.30247328143446|24506&4&33.89653846179587,2|24400&4&438.29338573236043|24408&4&174.44261004348522|24411&4&255.89584587596218|24420&4&87.1687938876213|24427&4&194.96920349257474|24431&4&100.20678225939605|24437&4&7.87105936979695|24440&4&65.45756884615994|24445&4&355.2946036582051|24446&4&376.92054839467085|24447&4&81.97614014882716|24451&4&26.6839362085327|24454&4&178.2828297043942|24467&4&13.333640641538992|24474&4&93.34070389190786|24483&4&110.68619336636682|24486&4&62.39708474981181|24491&4&454.6874472739098|24499&4&5.368628289407361|24515&4&6.115048070810538,2|24398&4&2.213990982290902|24402&4&31.224673482386418|24403&4&30.94179957607853|24410&4&174.07386611618787|24413&4&25.748444136153292|24416&4&635.4248889845081|24422&4&172.20602115880604|24423&4&84.88367352273946|24427&4&46.17071746282244|24428&4&22.327711695274278|24441&4&248.38010817515257|24444&4&54.899461723849925|24449&4&47.129305389829526|24450&4&191.65421838943988|24452&4&221.1180012409594|24453&4&1.5369093648117917|24455&4&152.57586017021595|24457&4&31.2223695681147|24468&4&36.46414461500572|24471&4&408.7405361257653|24481&4&38.34930233331612|24483&4&313.64532434660595|24487&4&504.34142396608996|24489&4&220.9370230499911,2|24400&4&3.328343826273924|24407&4&10.092336740873325|24409&4&11.656348455739927|24411&4&19.33367469269928|24412&4&87.71682115711045|24414&4&452.80297114685493|24415&4&429.49932622305164|24423&4&1.7566700025587176|24424&4&25.99133120249744|24425&4&104.55998049952368|24427&4&82.87382103057159|24429&4&13.494281708913597|24430&4&2.3079375136880986|24433&4&98.31760129022703|24435&4&198.22792066125749|24443&4&27.318088053443436|24449&4&30.874397493655138|24451&4&4.674544454441617|24455&4&3.9323265970571204|24457&4&0.13673285621460324|24461&4&2.034495977906012|24462&4&51.848022917099556|24463&4&83.68501566268415|24464&4&492.0442351280309|24465&4&7.095274528070593|24470&4&46.47200386667218|24472&4&9.425193407386026|24475&4&0.5745831786983269|24476&4&119.12138386132432|24484&4&277.29169461934356|24485&4&85.04634910807611|24488&4&81.08336243059509|24489&4&33.13686924690353|24492&4&153.51980543025024|24493&4&379.83055835851326,2|24399&4&385.3887164129619|24401&4&23.215289058217877|24403&4&206.6064894076794|24405&4&256.7507018606985|24406&4&386.8577611410688|24409&4&22.22131686310081|24412&4&2.123254441698542|24429&4&125.45313013576174|24430&4&530.1157467588848|24431&4&59.48822758274349|24432&4&371.9196663965404|24433&4&398.2158480479595|24438&4&562.0550000995172|24440&4&43.514571526888105|24447&4&5.798346958338631|24448&4&323.06193407096873|24450&4&136.37517080792128|24455&4&168.94029968933404|24459&4&341.4621219494857|24466&4&211.40225640277012|24473&4&27.731762491060074|24475&4&27.193766845206625|24482&4&70.51374545018034|24485&4&263.51776690031295|24504&4&47.21888540914671|24516&4&9.140714487589193,2|24399&4&21.148503810908053|24402&4&519.3055577475639|24404&4&100.78160714468191|24405&4&63.54799552681925|24410&4&31.295492288706452|24417&4&94.10074753020612|24418&4&455.4270476242555|24421&4&11.157290569107715|24429&4&285.4816372779526|24430&4&20.462499272326077|24435&4&93.34268400972927|24439&4&53.67031912216031|24447&4&188.4802557399728|24449&4&179.83255190110492|24450&4&22.804542860996705|24451&4&519.6681851478106|24453&4&41.57954737959432|24456&4&339.81169481689676|24461&4&12.293193412136787|24465&4&14.50767121090533|24484&4&141.70313790543116|24514&4&40.95955635177894,2|24404&4&4.492866815586299|24413&4&197.8600336008907|24417&4&350.2010453511083|24419&4&347.50715064950293|24421&4&18.087982038226244|24423&4&199.4665029182062|24425&4&9.25757948734029|24427&4&11.177198243920383|24431&4&38.14542926231748|24438&4&1.9734580065741136|24439&4&243.64086506791915|24440&4&230.8134187514042|24447&4&50.953687263821664|24456&4&36.41673471516154|24457&4&216.97999348278302|24461&4&293.4745717436779|24463&4&320.1818542389706|24467&4&191.7034791695888|24473&4&2.6794208665004793|24474&4&275.91241458543396|24478&4&101.85623276287885|24480&4&73.7528923383532|24486&4&244.04987178391195|24497&4&10.256537927869207|24500&4&37.936318414364095|24503&4&72.07457702317939|24505&4&42.28673381947288|24508&4&35.35795910273013|24514&4&17.018120920497214
28|4,130,1,1,1,1,1,1,1,1,1,1,1,1,1,1,1,1,1,1,1,1,1,1,1,1,1,1,1,1,1,1,1,1,1,1,1,1,1,1,1,1,1,1,1,1,1,1,1,1,1,1,1,1,1,1,1,1,1,1,1,1,1,1,1,1,1,1,1,1,1,1,1,1,1,1,1,1,1,1,1,1,1,1,1,1,1,1,1,1,1,1,1,1,1,1,1,1,1,1,1,1,0,0,0,0,0,0,0,0,0,0,0,0,0,0,0,0,0,0,0,0,2|24397&4&308.0879493500842|24399&4&13.572984487956404|24401&4&59.83170842349801|24404&4&200.51905747424863|24410&4&185.3490012522019|24412&4&150.841036469964|24420&4&25.616320109305114|24422&4&15.69432349852558|24424&4&495.2271804668708|24426&4&148.23042717682853|24428&4&42.257710749771604|24434&4&2.395189461329884|24437&4&482.81441084043274|24442&4&1.9655996105114664|24456&4&-3.774758283725532E-15|24460&4&508.8616491757696|24461&4&113.76933917134893|24466&4&128.4632186530807|24467&4&90.92535700044587|24468&4&371.51516291730434|24476&4&366.45420825128883|24478&4&283.19583914857947|24479&4&295.6441535316732|24482&4&425.416167025888|24485&4&5.471638966242384|24491&4&4.796163466380676E-14|24495&4&396.4203008251511|24499&4&60.57392747496144|24501&4&28.040910964846457|24504&4&18.091404079057405,2|24398&4&357.6176122923692|24410&4&58.37481032327895|24411&4&67.6594774636225|24421&4&484.4332206606672|24428&4&104.06657446386174|24434&4&521.8181838021992|24439&4&46.50629736544038|24442&4&76.53375434551121|24444&4&114.28986366514923|24461&4&13.280414693079779|24462&4&387.8476673796341|24467&4&79.5672153145785|24469&4&433.06578937202096|24472&4&558.2780652827624|24473&4&479.43875186571825|24477&4&311.79446496904166|24483&4&-7.105427357601002E-15|24496&4&498.58446684610084|24511&4&59.30594104303281|24513&4&34.87755624304591,2|24404&4&-2.042810365310288E-14|24412&4&6.898958309922763|24413&4&10.840219756422982|24420&4&173.859754519697|24425&4&216.83170237090943|24428&4&58.41716429511447|24432&4&17.53122375883745|24436&4&404.85342683016216|24441&4&8.920198771613233|24444&4&133.33346437677673|24452&4&6.893075735447928|24455&4&25.822799321910768|24457&4&39.75813873876144|24458&4&530.7256926083141|24465&4&502.2630875892209|24469&4&10.398149360243993|24470&4&515.2309629941283|24475&4&126.00094611819605|24485&4&61.94677496681481|24488&4&232.32450621142317|24490&4&157.73207608020715|24494&4&449.5974643719911|24496&4&56.742157399706194|24498&4&9.880412887081164|24502&4&29.300082866065637|24507&4&10.377362500306532|24509&4&9.999526637804514|24511&4&5.076227596403503|24512&4&68.6777536918118,2|24401&4&261.68209336334974|24403&4&105.46730811877097|24407&4&599.3689168472386|24408&4&272.0379589882304|24409&4&547.9303519643142|24411&4&108.81112158262879|24413&4&70.30468441616907|24426&4&288.41248377999403|24431&4&29.356349011700686|24432&4&0.8452141785469858|24434&4&30.508737559311793|24436&4&145.97058107312014|24441&4&256.15358236069557|24442&4&228.8460324048848|24443&4&372.82288899934383|24452&4&41.729380136888395|24453&4&368.6351706105785|24467&4&18.588994739357318|24479&4&127.76785371368108|24480&4&133.79622466699425|24481&4&443.0173699452239|24489&4&121.45452733036392|24506&4&31.488458534568135,2|24400&4&398.1809815021236|24404&4&22.569572654379133|24408&4&206.6329373594092|24411&4&312.9685131631744|24415&4&55.019856060676936|24420&4&77.76923179688609|24427&4&170.14181684150924|24428&4&23.11677809101804|24431&4&80.70189251782719|24437&4&4.725942813060229|24440&4&52.578466316163755|24442&4&42.08822126973568|24445&4&357.3806232005072|24446&4&390.248800555746|24447&4&78.93440085342424|24451&4&17.323161145099835|24454&4&167.20897458189162|24467&4&3.3404556116061137|24474&4&77.03295773248679|24483&4&90.57481653634554|24486&4&98.24311348023272|24491&4&443.6960211872788|24499&4&4.302818218585842|24515&4&5.745644851124026,2|24398&4&0.0|24402&4&19.753039169410947|24403&4&19.52377697260514|24410&4&162.4848683212498|24413&4&23.994134587706768|24416&4&634.0621814489259|24422&4&160.11482319844185|24423&4&116.98673537771197|24427&4&43.37048046163325|24428&4&21.180668200720167|24441&4&291.57581999952293|24444&4&42.226044477240386|24449&4&34.28585590503551|24450&4&225.434455997667|24452&4&218.18275768080238|24453&4&-9.325873406851315E-15|24455&4&193.26240124679256|24457&4&28.716959197187535|24468&4&25.222470434615108|24471&4&424.44255885176585|24481&4&24.411313500533147|24483&4&333.41884796437967|24487&4&494.6212941794431|24489&4&250.89271743285704,2|24400&4&-2.398081733190338E-14|24407&4&6.036841117838983|24409&4&3.2569921808028095|24411&4&9.358344889211711|24412&4&119.21323657117401|24414&4&455.13346232465426|24415&4&389.2780631109676|24423&4&6.661338147750939E-15|24424&4&16.542279535897872|24425&4&83.1915960999376|24427&4&108.13587317739211|24429&4&8.870749592945362|24430&4&-1.687538997430238E-14|24433&4&121.43109889275846|24435&4&221.90439961447277|24443&4&17.346806327291517|24449&4&61.27109698989693|24451&4&-8.881784197001252E-15|24455&4&-8.881784197001252E-16|24457&4&4.440892098500626E-16|24461&4&0.0|24462&4&98.06658283934546|24463&4&65.21315927053112|24464&4&453.1181326862177|24465&4&1.493144315207414|24470&4&28.81611557435805|24472&4&2.2558918372022543|24475&4&0.5386717300296814|24476&4&89.71547650429774|24484&4&234.10894487158228|24485&4&62.74061170812796|24488&4&61.97698814151739|24489&4&20.146288597866796|24492&4&186.23685632791904|24493&4&343.4446416927543,2|24397&4&34.305315164954465|24399&4&371.61094459823954|24401&4&30.57519493278902|24403&4&243.21689645119432|24405&4&239.5483926544117|24406&4&397.72105488055814|24409&4&17.777053490480647|24412&4&1.8199323785987502|24422&4&1.4535064841994938|24429&4&109.98843235771601|24430&4&561.8964165732699|24431&4&95.82880900351756|24432&4&378.5256566776037|24433&4&356.0085582041585|24438&4&529.38480193307|24440&4&38.43081796347709|24447&4&5.0584111618589|24448&4&293.2938120407659|24450&4&120.34648609577805|24455&4&149.27849646413023|24458&4&74.2727429577393|24459&4&315.38045650175013|24466&4&210.46729325994602|24473&4&21.66895637495854|24475&4&53.462514591993894|24482&4&64.02792312327654|24485&4&274.66722965105913|24493&4&34.29941573377954|24504&4&43.876309804995984|24516&4&8.574642358855707,2|24399&4&17.623753175756715|24402&4&544.0255408129431|24404&4&84.63274553060307|24405&4&48.84369299967152|24410&4&28.165943059835804|24417&4&77.32433996822465|24418&4&423.78514930978304|24421&4&8.367967926830783|24429&4&328.5427396599856|24430&4&13.641666181550702|24435&4&86.43800454949175|24439&4&41.458081106037696|24447&4&173.18754230229794|24449&4&167.0125487687475|24450&4&15.833099405137741|24451&4&523.9043316989287|24453&4&31.31236198903941|24456&4&335.64247005442667|24461&4&10.244327843447323|24465&4&10.880753408178993|24484&4&133.89702653643513|24514&4&37.40232995147604,2|24404&4&4.147261675925815|24413&4&186.85393990982905|24417&4&368.8949948942095|24419&4&346.66805333645954|24421&4&8.121786625911879|24423&4&171.97496539698264|24425&4&8.545457988314116|24427&4&5.299312319762581|24431&4&35.48852776344802|24438&4&1.3766765505351941E-14|24439&4&276.16219438678075|24440&4&262.4378617615138|24447&4&45.735013028726556|24456&4&27.41292073071822|24457&4&234.24959023826526|24461&4&285.91076833636896|24463&4&363.75456836836537|24467&4&178.8387680384723|24473&4&1.339710433250242|24474&4&252.54751905191938|24478&4&84.6966789648197|24480&4&85.57389711208043|24486&4&219.39092288376364|24497&4&9.576049864062377|24500&4&35.20516669520558|24503&4&65.1621590021064|24505&4&39.05941731966594|24508&4&32.842781129265234|24514&4&15.986677442657282
29|4,130,1,1,1,1,1,1,1,1,1,1,1,1,1,1,1,1,1,1,1,1,1,1,1,1,1,1,1,1,1,1,1,1,1,1,1,1,1,1,1,1,1,1,1,1,1,1,1,1,1,1,1,1,1,1,1,1,1,1,1,1,1,1,1,1,1,1,1,1,1,1,1,1,1,1,1,1,1,1,1,1,1,1,1,1,1,1,1,1,1,1,1,1,1,1,1,1,1,1,1,1,0,0,0,0,0,0,0,0,0,0,0,0,0,0,0,0,0,0,0,0,2|24397&4&274.36340125536407|24399&4&7.511177708098763|24401&4&44.75830567159118|24404&4&188.22180146355709|24410&4&235.33928522692395|24412&4&136.09253806448876|24420&4&20.666792659037093|24422&4&14.852676489463493|24424&4&501.1304647328199|24426&4&140.14328434881585|24428&4&30.198794620194548|24434&4&1.0658141036401503E-14|24437&4&514.6273724707955|24442&4&4.884981308350689E-15|24460&4&531.9249760620282|24461&4&99.56616584120687|24466&4&103.39065377677605|24467&4&106.61998807567262|24468&4&399.6201823201033|24476&4&412.5895858128192|24478&4&320.82476667363665|24479&4&328.75751720126976|24482&4&397.1730976053011|24485&4&4.91053029699785|24495&4&414.5885913027989|24499&4&55.27295286508586|24501&4&25.968256142932574|24504&4&14.575483943248347,2|24398&4&337.9715296288993|24410&4&43.939204294220495|24411&4&62.47465876035727|24421&4&508.6509254345733|24428&4&93.68315341484477|24434&4&532.1777050954527|24439&4&40.304049970418696|24442&4&60.04669655901084|24444&4&99.73589898697637|24461&4&8.853609795386507|24462&4&349.0825746718385|24467&4&62.75837662567323|24469&4&394.23576962902916|24472&4&561.5496243956388|24473&4&501.9774746286573|24477&4&271.91589935111875|24481&4&8.412167945027235|24496&4&522.1875742708623|24511&4&54.06568643617323|24513&4&32.11327932015208,2|24412&4&1.7744209459687355|24413&4&4.718842633213967|24420&4&160.2474413892979|24425&4&257.58787770893247|24428&4&54.055014953760065|24432&4&10.512383112706486|24436&4&440.679911591824|24441&4&2.9030214506467558|24444&4&171.93575647751277|24452&4&6.318652757493934|24455&4&17.204316421156438|24457&4&37.20839537944589|24458&4&476.1394812579717|24465&4&522.3406403874565|24469&4&3.971773615954556|24470&4&533.6675583592595|24475&4&117.00087853832491|24485&4&57.89698391997861|24488&4&252.30988041378544|24490&4&147.8777334876597|24494&4&445.43381762843524|24496&4&38.15680906561141|24498&4&9.222860825699106|24502&4&27.10004511505589|24507&4&9.686187832587231|24509&4&9.33396563792817|24511&4&3.652314925060356|24512&4&61.1215485093649,2|24401&4&242.65934741615774|24403&4&91.21950912046597|24407&4&555.0634281869536|24408&4&238.0744277747736|24409&4&575.8846149923047|24411&4&89.24250829448933|24413&4&60.26428651436627|24426&4&253.7547195396619|24431&4&25.934947666080625|24432&4&0.7244692958974165|24434&4&22.936774860620694|24436&4&123.49430186729114|24441&4&225.63683891113877|24442&4&210.33550238972137|24443&4&385.1390031840688|24452&4&37.14340237440434|24453&4&382.6462587742358|24463&4&60.12784288671282|24467&4&16.676462635659956|24479&4&106.58991579605171|24480&4&118.41573664156141|24481&4&404.9961239995761|24489&4&106.6065813792934|24506&4&29.0803786073404,2|24400&4&358.06857727188697|24404&4&45.12423963140898|24408&4&249.62818879667674|24411&4&356.8903834496272|24415&4&52.981798357742946|24420&4&108.58305313900117|24427&4&145.31443019044372|24428&4&55.11675895006972|24431&4&61.19700277625833|24437&4&1.5808262563235087|24440&4&39.699363786167574|24442&4&85.79796285584283|24445&4&356.71151662729466|24446&4&352.56889385062675|24447&4&100.3603966599328|24451&4&7.962386081666974|24454&4&156.13511945938907|24467&4&2.398081733190338E-14|24474&4&63.101477462282595|24483&4&70.46343970632427|24486&4&146.20770072426592|24491&4&427.8497975420514|24499&4&3.2370081477643233|24515&4&5.376241631437514,2|24402&4&10.72024754396389|24403&4&11.497890945309152|24410&4&150.89587052631168|24413&4&22.239825039260246|24416&4&636.0583134162431|24422&4&148.02362523807764|24423&4&145.52186698229178|24427&4&40.57024346044405|24428&4&20.03362470616606|24441&4&325.1898049575159|24444&4&29.552627230630847|24449&4&21.442406420241504|24450&4&253.54048314558992|24452&4&228.13383235450192|24455&4&227.05759970986497|24457&4&26.211548826260366|24468&4&16.997665255271293|24471&4&446.25281524849856|24481&4&14.101434058967351|24483&4&357.12162364088005|24487&4&500.87738844974825|24489&4&263.7603314534008,2|24407&4&2.6833134766358144|24409&4&2.398081733190338E-14|24411&4&3.0731421316038428|24412&4&162.18531095830454|24414&4&461.4258814175871|24415&4&349.114957926266|24424&4&8.428965017503266|24425&4&65.7626471402978|24426&4&57.27974418492818|24427&4&140.83051429116372|24429&4&4.247217476977126|24432&4&49.537403744083875|24433&4&120.73525826025697|24435&4&255.5481836456228|24443&4&7.375524601139601|24449&4&92.42856103817124|24462&4&132.61921617355944|24463&4&46.74130287837811|24464&4&450.730795624332|24465&4&6.661338147750939E-15|24470&4&18.457606406357016|24472&4&1.7763568394002505E-14|24475&4&0.5027602813610359|24476&4&65.95511386328405|24484&4&198.3609835595255|24485&4&45.817004980466024|24488&4&47.91055258519641|24489&4&9.19388005693257|24492&4&189.56229968199318|24493&4&308.05677652353603,2|24397&4&54.58551869022453|24399&4&392.558420723217|24401&4&89.37178160917351|24403&4&284.6326826286406|24405&4&222.34608344812494|24406&4&355.7276846891049|24409&4&13.332790117860482|24412&4&1.5166103154989585|24422&4&1.380831159989519|24429&4&94.52373457967029|24430&4&561.8377752355104|24431&4&132.30613338453196|24432&4&351.9820844739589|24433&4&313.8012683603576|24438&4&510.7622388869396|24440&4&33.34706440006608|24447&4&4.31847536537917|24448&4&263.52569001056315|24450&4&104.31780138363479|24455&4&129.61669323892642|24458&4&138.70505114734334|24459&4&321.57729977088707|24466&4&229.51300049436443|24473&4&15.606150258857005|24475&4&90.44690729764088|24482&4&57.542100796372736|24485&4&261.10881770102446|24493&4&78.04196449317044|24504&4&40.53373420084526|24516&4&8.00857023012222,2|24399&4&14.099002540605376|24402&4&499.65427765834335|24404&4&68.48388391652422|24405&4&73.1913445448935|24410&4&25.036393830965157|24417&4&60.54793240624317|24418&4&430.37871703053224|24421&4&5.57864528455385|24429&4&310.95062614387126|24430&4&6.820833090775327|24435&4&79.53332508925425|24439&4&29.245843089915073|24447&4&157.89482886462312|24449&4&154.1925456363901|24450&4&8.861655949278779|24451&4&524.3339542154829|24453&4&21.045176598484506|24456&4&346.4665914502828|24461&4&8.195462274757858|24465&4&7.253835605452656|24484&4&126.09091516743912|24514&4&33.84510355117314,2|24404&4&3.8016565362653307|24413&4&175.84784621876742|24417&4&350.82391401878795|24419&4&345.5951634153737|24421&4&2.676619280657301|24423&4&144.48342787575905|24425&4&7.83333648928794|24427&4&0.0|24431&4&32.83162626457855|24439&4&278.09246579036125|24440&4&249.72046479993224|24447&4&40.516338793631455|24456&4&18.4091067462749|24457&4&253.41493171144725|24461&4&292.41825340599786|24463&4&339.27629731839625|24467&4&165.9740569073558|24473&4&4.884981308350689E-15|24474&4&234.5921196727|24478&4&67.53712516676055|24480&4&107.46416042416554|24486&4&194.7319739836153|24497&4&8.895561800255543|24500&4&32.47401497604706|24503&4&58.24974098103343|24505&4&35.832100819859015|24508&4&30.327603155800347|24514&4&14.95523396481735
30|4,130,1,1,1,1,1,1,1,1,1,1,1,1,1,1,1,1,1,1,1,1,1,1,1,1,1,1,1,1,1,1,1,1,1,1,1,1,1,1,1,1,1,1,1,1,1,1,1,1,1,1,1,1,1,1,1,1,1,1,1,1,1,1,1,1,1,1,1,1,1,1,1,1,1,1,1,1,1,1,1,1,1,1,1,1,1,1,1,1,1,1,1,1,1,1,1,1,1,1,1,1,0,0,0,0,0,0,0,0,0,0,0,0,0,0,0,0,0,0,0,0,2|24397&4&243.7301111100631|24399&4&2.6372252301259955|24401&4&30.564463867151776|24404&4&175.92454545286557|24410&4&222.35197655395632|24412&4&121.34403965901353|24420&4&15.717265208769069|24422&4&14.011029480401405|24424&4&454.411671227688|24426&4&132.05614152080315|24428&4&18.333547231891405|24437&4&504.9715090290976|24460&4&555.761981919745|24461&4&85.36299251106479|24466&4&80.17792332465312|24467&4&143.8864166295568|24468&4&377.88458116314007|24476&4&467.6739428958791|24478&4&353.45443819539923|24479&4&363.60778101361825|24482&4&418.86709609920456|24485&4&4.3494216277533155|24495&4&374.39338226903277|24499&4&49.97197825521029|24501&4&23.89560132101869|24504&4&11.417863017517668,2|24398&4&334.2014666620416|24410&4&32.44306982905704|24411&4&57.289840057092064|24421&4&531.5566718085599|24428&4&83.2997323658278|24434&4&513.7388550024127|24439&4&34.10180257539701|24442&4&43.559638772510475|24444&4&85.18193430880352|24461&4&4.426804897693236|24462&4&310.3174819640428|24467&4&45.94953793676795|24469&4&355.4057498860373|24472&4&567.2936962526787|24473&4&514.6494775862943|24477&4&234.5912295491927|24481&4&26.728072175809707|24496&4&539.8990948556159|24511&4&48.82543182931366|24513&4&29.349002397258246,2|24412&4&-1.199040866595169E-14|24413&4&-2.1316282072803006E-14|24420&4&146.63512825889882|24425&4&242.73915300618683|24428&4&49.69286561240566|24432&4&5.8304982556783544|24436&4&410.69270890088177|24441&4&-6.217248937900877E-15|24444&4&161.69356139674304|24452&4&5.744229779539941|24455&4&8.585833520402112|24457&4&34.65865202013035|24458&4&424.879451691402|24465&4&548.3580112776829|24469&4&-2.042810365310288E-14|24470&4&548.257204356029|24475&4&108.00081095845377|24485&4&53.84719287314242|24488&4&286.17059240754094|24490&4&169.37624604998783|24494&4&400.3668035248174|24496&4&24.91593248621887|24498&4&8.565308764317049|24502&4&24.90000736404614|24507&4&8.995013164867931|24509&4&8.668404638051825|24511&4&2.228402253717209|24512&4&53.94193175245317,2|24401&4&223.63660146896575|24403&4&76.971710122161|24407&4&574.5101775499412|24408&4&207.58385438086975|24409&4&561.1623921046219|24411&4&69.67389500634985|24413&4&54.19030987850947|24426&4&221.81529502137545|24431&4&22.513546320460563|24432&4&0.6037244132478472|24434&4&15.364812161929592|24436&4&102.00089187815597|24441&4&195.12009546158197|24442&4&191.82497237455794|24443&4&402.80802366428816|24452&4&32.55742461192028|24453&4&391.23227719299075|24463&4&120.18688712129085|24467&4&14.763930531962593|24479&4&85.41197787842236|24480&4&103.03524861612856|24481&4&366.9748780539284|24484&4&13.54286839821172|24489&4&91.75863542822287|24506&4&26.672298680112668,2|24400&4&317.95617304165023|24404&4&72.27514644629599|24408&4&235.61949587280287|24411&4&408.851354780794|24415&4&93.07071541346984|24420&4&138.7360466198152|24427&4&120.48704353937819|24428&4&52.303129057338694|24431&4&43.02047626146181|24437&4&0.2009025025641515|24440&4&26.820261256171385|24442&4&126.30655204043703|24445&4&363.91221783905155|24446&4&315.77908010888757|24447&4&95.77692232786993|24451&4&2.613022652382303|24454&4&169.73586657836927|24474&4&63.290291148508956|24483&4&54.744166158302704|24486&4&199.2292007534971|24491&4&393.2510364877516|24499&4&2.1711980769428045|24515&4&5.006838411751001,2|24402&4&4.292178580245106|24403&4&3.9867665800700904|24410&4&139.3068727313736|24413&4&20.485515490813725|24416&4&638.0618287466091|24422&4&135.93242727771343|24423&4&167.8272954637042|24427&4&37.77000645925485|24428&4&18.886581211611947|24441&4&367.3497794898699|24444&4&18.020162384061813|24449&4&11.063139678239754|24450&4&245.71182292940256|24452&4&234.42583816249868|24455&4&271.00618060675686|24457&4&23.706138455333196|24468&4&10.542412269500765|24471&4&441.15332886049663|24481&4&8.781159413014583|24483&4&378.05429022803855|24487&4&510.22622885227486|24489&4&264.6570494530771,2|24407&4&-1.865174681370263E-14|24411&4&-1.3322676295501878E-14|24412&4&209.65223635020018|24414&4&476.14913293091615|24415&4&315.51394658933236|24424&4&53.24215113788297|24425&4&49.77117279738431|24426&4&112.63338495387333|24427&4&182.10745847062134|24428&4&55.41558540062576|24429&4&-7.105427357601002E-15|24432&4&99.65119311735259|24433&4&133.99061882312037|24435&4&289.8436637184516|24436&4&10.474698534192441|24443&4&2.420018680108498|24444&4&58.76965722475898|24449&4&119.1808309452399|24462&4&175.8507340647186|24463&4&31.395988772536022|24464&4&446.2120288656042|24469&4&3.1381664677579173|24470&4&10.77674332696302|24475&4&0.46684883269239047|24476&4&45.62479491283544|24484&4&165.83889725823119|24485&4&32.063083399263526|24488&4&35.69465315358697|24489&4&3.0339788095501117|24492&4&178.77559375604667|24493&4&273.49602173186736,2|24397&4&87.14720453732122|24399&4&420.00699066492996|24400&4&30.32969974467877|24401&4&138.7798703984244|24403&4&324.27752636345383|24405&4&205.1437742418382|24406&4&316.16349287569597|24408&4&53.82298677697043|24409&4&8.888526745240316|24412&4&1.2132882523991668|24422&4&1.3081558357795444|24429&4&79.05903680162456|24430&4&528.939323845178|24431&4&175.2179889336228|24432&4&325.43851227031405|24433&4&275.00128911818314|24438&4&469.582798555735|24440&4&28.263310836655073|24447&4&3.5785395688994384|24448&4&280.6224133431159|24450&4&88.28911667149154|24455&4&109.95489001372262|24458&4&193.06767325176656|24459&4&290.74934857984636|24466&4&263.90075862841076|24473&4&9.543344142755467|24475&4&126.48792332239837|24482&4&51.056278469468936|24485&4&246.65490772700554|24493&4&120.84046445420344|24504&4&37.191158596694535|24516&4&7.442498101388734,2|24399&4&10.574251905454037|24402&4&455.2830145037437|24404&4&52.33502230244538|24405&4&98.79687640693123|24410&4&21.90684460209451|24417&4&43.7715248442617|24418&4&386.97827497411726|24421&4&2.7893226422769164|24429&4&349.4813011983258|24430&4&-4.796163466380676E-14|24435&4&72.62864562901673|24439&4&21.900333637816132|24447&4&142.60211542694827|24449&4&141.37254250403265|24450&4&1.890212493419817|24451&4&523.5534109871156|24453&4&10.777991207929603|24456&4&380.4389216720973|24461&4&6.146596706068394|24465&4&3.6269178027263185|24484&4&118.28480379844308|24514&4&30.287877150870234,2|24404&4&3.4560513966048463|24413&4&164.8417525277058|24417&4&394.6307960934578|24419&4&350.1030680932538|24421&4&9.769962616701378E-15|24423&4&121.6379044230915|24425&4&7.121214990261764|24431&4&30.17472476570909|24439&4&263.61272243619237|24440&4&290.52675804251265|24447&4&35.297664558536354|24456&4&9.405292761831582|24457&4&265.2356654311241|24461&4&299.49942186972686|24463&4&314.7980262684272|24467&4&153.10934577623928|24474&4&216.6367202934806|24478&4&50.37757136870141|24480&4&135.5062627438944|24486&4&170.07302508346692|24497&4&8.215073736448712|24500&4&29.742863256888544|24503&4&51.5072570561937|24505&4&32.60478432005209|24508&4&27.812425182335453|24514&4&13.923790486977417
31|4,130,1,1,1,1,1,1,1,1,1,1,1,1,1,1,1,1,1,1,1,1,1,1,1,1,1,1,1,1,1,1,1,1,1,1,1,1,1,1,1,1,1,1,1,1,1,1,1,1,1,1,1,1,1,1,1,1,1,1,1,1,1,1,1,1,1,1,1,1,1,1,1,1,1,1,1,1,1,1,1,1,1,1,1,1,1,1,1,1,1,1,1,1,1,1,1,1,1,1,1,1,0,0,0,0,0,0,0,0,0,0,0,0,0,0,0,0,0,0,0,0,2|24397&4&213.59994984071932|24399&4&1.4210854715202004E-14|24401&4&17.38336496831916|24404&4&163.627289442174|24410&4&209.36466788098872|24412&4&106.59554125353829|24420&4&10.767737758501045|24422&4&13.169382471339317|24424&4&407.692877722556|24426&4&123.96899869279048|24428&4&10.030528758645048|24437&4&464.93701005667356|24460&4&572.3007339065185|24461&4&71.15981918092271|24466&4&59.41159900537466|24467&4&187.26564905401162|24468&4&411.5450582725927|24476&4&517.8803486101763|24478&4&351.6968607126155|24479&4&396.9653413355765|24482&4&392.18576777242083|24485&4&3.7883129585087816|24495&4&336.6670367016343|24499&4&44.6710036453347|24501&4&21.82294649910481|24504&4&8.628541498223647,2|24398&4&328.2359452092107|24410&4&20.94693536389361|24411&4&52.10502135382686|24421&4&496.20054501075776|24425&4&12.013957936568925|24428&4&72.9163113168108|24434&4&475.9496464098791|24439&4&27.899555180375316|24442&4&29.360861918173857|24444&4&70.62796963063064|24461&4&-3.552713678800501E-14|24462&4&271.55238925624724|24467&4&29.140699247862678|24469&4&316.57573014304546|24472&4&569.8015012589101|24473&4&488.16990209504354|24477&4&200.30478391991804|24481&4&61.37218616477536|24496&4&551.7122792973648|24511&4&43.585177222454085|24513&4&26.58472547436442,2|24420&4&133.02281512849976|24425&4&227.89042830344118|24428&4&45.33071627105126|24432&4&1.1486133986502227|24436&4&380.70550620993953|24444&4&151.45136631597327|24452&4&5.169806801585947|24455&4&2.8666194414892496|24457&4&32.108908660814805|24458&4&376.47565939687274|24465&4&516.0779095175064|24470&4&506.31120898356517|24475&4&99.00074337858263|24485&4&49.79740182630623|24488&4&319.8413757281617|24490&4&161.00945771357763|24494&4&357.6233255491234|24496&4&16.024794404875824|24498&4&7.907756702934991|24502&4&22.699969613036387|24507&4&8.303838497148632|24509&4&8.002843638175483|24511&4&1.1229364446915633|24512&4&55.730258532418134,2|24401&4&204.61385552177376|24403&4&62.723911123856|24407&4&576.5677280186206|24408&4&180.1885868618691|24409&4&567.8707966969716|24411&4&50.10528171821037|24413&4&64.59203211718241|24426&4&190.56085752397806|24431&4&19.0921449748405|24432&4&0.4829795305982779|24434&4&7.792849463238491|24436&4&81.01889107311456|24441&4&164.60335201202523|24442&4&173.31444235939455|24443&4&412.6440701550964|24445&4&53.9163351325214|24452&4&27.97144684943623|24453&4&403.0099957790018|24463&4&182.71965923509975|24467&4&12.851398428265231|24479&4&66.09607599037875|24480&4&87.65476059069574|24481&4&328.95363210828066|24484&4&33.665655851394646|24489&4&76.91068947715235|24506&4&24.264218752884936,2|24400&4&279.2375826175214|24404&4&96.47840883067694|24408&4&221.61080294892906|24411&4&462.00646307056184|24415&4&99.23250594751397|24420&4&172.1345152622503|24427&4&95.65965688831267|24428&4&49.489499164607665|24431&4&29.01161758223206|24437&4&9.43689570931383E-16|24440&4&16.647433073465272|24442&4&175.08818545532708|24445&4&322.23892895189016|24446&4&283.48458412032295|24447&4&98.87255895833083|24451&4&0.0|24454&4&157.42828134379255|24474&4&72.17789430418955|24483&4&41.47017456688681|24486&4&188.32938844436288|24491&4&394.0884021447188|24499&4&1.1053880061212853|24515&4&4.637435192064489,2|24402&4&0.6871347964236688|24403&4&2.042810365310288E-14|24410&4&127.71787493643552|24413&4&18.7312059423672|24416&4&646.6492718960219|24422&4&123.8412293173492|24423&4&202.75190294138824|24427&4&34.969769458065656|24428&4&17.739537717057836|24441&4&371.0766787303742|24444&4&9.076639894092146|24449&4&3.660369150559031|24450&4&273.0678036925871|24452&4&215.77092451368648|24455&4&310.110234049197|24457&4&21.20072808440603|24468&4&6.441856648081032|24471&4&465.5160633778947|24481&4&5.121183880097259|24483&4&362.0499742183751|24487&4&459.00202401329517|24489&4&282.2050806309043,2|24406&4&3.9284932866340534|24410&4&15.48913997933006|24412&4&210.98548918494456|24414&4&492.079436516707|24415&4&282.6486632479495|24424&4&95.37302914282614|24425&4&35.60193399205698|24426&4&177.5852565269799|24427&4&231.25355482137277|24428&4&107.98923929648218|24432&4&104.06755592206288|24433&4&154.61241237593038|24435&4&267.3334417753057|24436&4&65.29406742239748|24443&4&3.552713678800501E-15|24444&4&112.07427280391863|24449&4&149.6356174976671|24462&4&209.56620318715613|24463&4&20.828400352292032|24464&4&448.8649167351225|24469&4&2.9812581443700212|24470&4&5.483242119845947|24475&4&0.43093738402374504|24476&4&29.047334031257748|24484&4&136.00629195692494|24485&4&21.149225710657568|24488&4&23.863715776455983|24489&4&-2.042810365310288E-14|24492&4&212.3721900255819|24493&4&240.09644368575147|24503&4&0.9800243315402781,2|24397&4&115.65780876747883|24399&4&447.0136911098294|24400&4&66.1886064880226|24401&4&196.27220339179348|24403&4&366.38865608551595|24405&4&187.94146503555146|24406&4&279.39358499058926|24408&4&72.13492789377864|24409&4&4.444263372620151|24412&4&0.9099661892993751|24422&4&38.25008956677346|24429&4&63.594339023578826|24430&4&512.0425019407733|24431&4&220.12314445575737|24432&4&298.8949400666692|24433&4&238.71373563933037|24438&4&481.7281376050295|24440&4&23.17955727324406|24447&4&2.8386037724197077|24448&4&309.76876476201977|24450&4&72.26043195934827|24455&4&90.29308678851882|24458&4&198.4020885988882|24459&4&297.21138222466124|24466&4&302.89110135648565|24473&4&3.4805380266539307|24475&4&161.1046424561768|24482&4&44.57045614256513|24485&4&232.2009977529866|24487&4&64.2526588120314|24493&4&157.28665953922842|24504&4&33.848582992543804|24516&4&6.876425972655247,2|24399&4&7.0495012703027|24402&4&425.56147745156085|24404&4&38.54103514326442|24405&4&136.9588130553554|24410&4&18.77729537322386|24417&4&28.190499036768536|24418&4&345.96759203031394|24421&4&-1.687538997430238E-14|24429&4&394.38837834261255|24435&4&65.72396616877921|24439&4&15.53488251249069|24447&4&127.30940198927347|24449&4&128.55253937167524|24450&4&0.0|24451&4&529.3230368308538|24453&4&3.974999750359202|24456&4&406.2548280032796|24461&4&4.097731137378929|24465&4&-1.865174681370263E-14|24484&4&110.47869242944707|24494&4&0.19902836208334596|24514&4&26.730650750567328,2|24404&4&3.110446256944362|24413&4&153.83565883664417|24417&4&418.0460071991721|24419&4&330.9145210691373|24423&4&99.91729674385743|24425&4&6.409093491235589|24431&4&27.517823266839628|24439&4&252.86111411960513|24440&4&335.40341631175846|24447&4&30.68755227827182|24456&4&4.643779369732227|24457&4&289.7263647876445|24461&4&306.8517267537743|24463&4&290.31975521845806|24467&4&140.24463464512277|24474&4&198.68132091426125|24478&4&33.21801757064226|24480&4&171.04870130079667|24486&4&146.9084600129958|24497&4&7.534585672641879|24500&4&27.01171153773003|24503&4&45.12745497487834|24505&4&29.377467820245162|24508&4&25.297247208870562|24514&4&12.892347009137485
32|4,130,1,1,1,1,1,1,1,1,1,1,1,1,1,1,1,1,1,1,1,1,1,1,1,1,1,1,1,1,1,1,1,1,1,1,1,1,1,1,1,1,1,1,1,1,1,1,1,1,1,1,1,1,1,1,1,1,1,1,1,1,1,1,1,1,1,1,1,1,1,1,1,1,1,1,1,1,1,1,1,1,1,1,1,1,1,1,1,1,1,1,1,1,1,1,1,1,1,1,1,1,0,0,0,0,0,0,0,0,0,0,0,0,0,0,0,0,0,0,0,0,2|24397&4&185.79290502376705|24401&4&8.259668273244651|24404&4&151.33003343148252|24410&4&196.37735920802112|24412&4&91.84704284806307|24420&4&5.818210308233023|24422&4&12.327735462277229|24424&4&360.974084217424|24426&4&115.88185586477779|24428&4&3.5104858560374956|24437&4&462.952647195513|24460&4&588.9859305998721|24461&4&56.956645850780646|24466&4&41.82262243552276|24467&4&229.45351803382005|24468&4&444.80625740950325|24476&4&513.7113479824769|24478&4&326.76651104272673|24479&4&425.70468784522245|24482&4&365.4440329802244|24485&4&3.227204289264247|24495&4&300.4928798394668|24499&4&39.370029035459126|24501&4&19.750291677190926|24504&4&6.206938308985572,2|24398&4&309.04687450057486|24410&4&13.72953576867423|24411&4&46.92020265056164|24418&4&13.41853352965883|24421&4&490.689190921022|24425&4&38.407202055173556|24428&4&62.53289026779383|24434&4&477.52037030911555|24439&4&21.69730778535363|24442&4&17.737542325897216|24444&4&56.0740049524578|24462&4&236.6573924083045|24467&4&17.317424905135343|24469&4&288.1319259843275|24472&4&551.4266389310312|24473&4&532.8754733772375|24474&4&36.393196865127045|24477&4&169.0886278944833|24481&4&100.05911541798878|24496&4&547.3077584090231|24511&4&38.34492261559451|24513&4&23.820448551470587,2|24420&4&119.41050199810067|24425&4&213.04170360069554|24428&4&40.968566929696856|24432&4&-5.329070518200751E-15|24436&4&350.7183035189974|24444&4&141.2091712352035|24452&4&4.595383823631954|24455&4&-2.8421709430404007E-14|24457&4&29.559165301499263|24458&4&333.3351346636911|24465&4&519.1223272399988|24470&4&519.4798190950986|24475&4&90.00067579871148|24485&4&45.74761077947004|24488&4&345.7361586158042|24490&4&149.43471251259234|24494&4&315.58266276212873|24496&4&9.704025031714428|24498&4&7.250204641552934|24502&4&20.499931862026635|24507&4&7.612663829429333|24509&4&7.337282638299139|24511&4&0.37803616134704043|24512&4&58.373699166430406,2|24401&4&185.59110957458176|24403&4&48.476112125551005|24407&4&598.8414840600409|24408&4&156.20910481847562|24409&4&521.2621637823588|24411&4&34.264393550394445|24413&4&53.321291091893656|24426&4&163.32873132601864|24431&4&15.670743629220437|24432&4&0.36223464794870863|24434&4&2.7589534912568094|24436&4&61.67590405796322|24441&4&134.08660856246843|24442&4&154.80391234423112|24443&4&379.5779750254743|24445&4&117.30502408940082|24452&4&23.385469086952178|24453&4&413.62326360339347|24463&4&218.9721616778973|24467&4&10.93886632456787|24477&4&9.143068992817307|24479&4&46.78017410233512|24480&4&72.2742725652629|24481&4&290.9323861626329|24484&4&72.43841581527204|24486&4&2.526357283933877|24489&4&62.0627435260818|24506&4&21.856138825657204,2|24400&4&245.14989071060947|24404&4&132.77297072421572|24408&4&207.60211002505514|24411&4&509.24561478795425|24415&4&142.45909987284307|24420&4&211.25704279633064|24427&4&75.46278905730809|24428&4&46.675869271876635|24431&4&18.07054848391116|24440&4&8.57023365664473|24442&4&218.55492067676266|24445&4&283.6859390305376|24446&4&254.03367539574236|24447&4&148.49069423151155|24454&4&209.9787595844438|24474&4&58.05614464611318|24483&4&30.561840368399952|24486&4&177.42957613522867|24491&4&399.41328463723954|24499&4&0.3747025648852437|24515&4&4.268031972377976,2|24402&4&5.551115123125783E-15|24410&4&116.12887714149743|24413&4&16.976896393920676|24416&4&652.2460618250531|24422&4&111.75003135698498|24423&4&190.80356141874188|24427&4&32.16953245687646|24428&4&16.592494222503724|24441&4&408.39046648735666|24444&4&3.0362056103570625|24449&4&-6.217248937900877E-15|24450&4&311.0239824985349|24452&4&250.89927638498733|24455&4&354.65740720577514|24457&4&18.695317713478858|24468&4&2.341301026661288|24471&4&488.73538144813375|24481&4&1.461208347179949|24483&4&347.42801176227624|24487&4&410.48532276232777|24489&4&304.8558022282527,2|24406&4&13.153739914726717|24410&4&37.97730063184325|24412&4&264.9991333918467|24414&4&514.1529125275583|24415&4&251.92542471276622|24424&4&146.65191236055284|24425&4&24.08676384136452|24426&4&223.59672168837008|24427&4&271.01014903233727|24428&4&162.69743818890248|24432&4&98.48501445833814|24433&4&186.1639338498809|24435&4&242.279756035777|24436&4&107.904416578514|24444&4&174.4548709055349|24449&4&194.40895097672419|24462&4&245.9337399259337|24463&4&12.77968099768783|24464&4&451.30720463121867|24469&4&2.824349820982125|24470&4&2.7225206276920644|24475&4&0.3950259353550996|24476&4&16.058959776462977|24484&4&108.79909195360833|24485&4&13.788068327483696|24488&4&14.051819242413691|24492&4&276.8633178912341|24493&4&211.5441119998261|24503&4&10.176119906169118,2|24397&4&110.92930629857341|24399&4&470.2243743966359|24400&4&108.61649518785376|24401&4&256.64738357778793|24403&4&348.08899228206394|24405&4&170.73915582926472|24406&4&245.5218428423868|24408&4&132.25509576363422|24409&4&-1.4210854715202004E-14|24412&4&0.6066441261995834|24422&4&36.32668378980329|24429&4&48.129641245533094|24430&4&533.6219504749563|24431&4&273.3791246996194|24432&4&272.3513678630244|24433&4&204.57623025527323|24438&4&431.1486309220797|24440&4&18.09580370983305|24447&4&2.0986679759399767|24448&4&333.8258331665968|24450&4&56.23174724720502|24455&4&70.63128356331501|24458&4&250.46427772575674|24459&4&319.6791592069017|24466&4&339.5715638405999|24473&4&-1.687538997430238E-14|24475&4&152.22987303138268|24482&4&38.08463381566133|24485&4&217.74708777896768|24487&4&65.73672104128556|24493&4&202.41934013264827|24504&4&34.45947366328824|24516&4&6.31035384392176,2|24399&4&3.5247506351513618|24402&4&404.4994083281358|24404&4&27.091057703928012|24405&4&160.75526701809042|24410&4&15.647746144353214|24417&4&16.863751775244143|24418&4&307.4061637823275|24429&4&412.20721440210303|24435&4&58.8192867085417|24439&4&9.169431387165254|24446&4&17.967104145521304|24447&4&112.01668855159863|24449&4&115.73253623931781|24451&4&531.8445418032587|24453&4&2.7533531010703882E-14|24456&4&441.2384851741098|24461&4&2.0488655686894646|24484&4&102.67258106045102|24494&4&19.39460659552416|24514&4&23.173424350264423,2|24404&4&2.7648411172838774|24413&4&142.82956514558256|24417&4&432.1244142216687|24419&4&347.66183715397045|24423&4&78.1966890646234|24425&4&5.696971992209413|24431&4&24.86092176797016|24439&4&292.08446114227013|24440&4&375.61945325714885|24447&4&28.326971333789366|24456&4&7.105427357601002E-15|24457&4&323.91625101880135|24461&4&282.30715115103766|24463&4&265.84148416848893|24467&4&127.37992351400626|24474&4&180.7259215350419|24478&4&23.515241655137835|24480&4&165.36078585790383|24486&4&126.00960302105126|24497&4&6.854097608835047|24500&4&24.28055981857152|24503&4&39.11068610676544|24505&4&26.150151320438237|24508&4&22.782069235405675|24514&4&11.860903531297552
33|4,130,1,1,1,1,1,1,1,1,1,1,1,1,1,1,1,1,1,1,1,1,1,1,1,1,1,1,1,1,1,1,1,1,1,1,1,1,1,1,1,1,1,1,1,1,1,1,1,1,1,1,1,1,1,1,1,1,1,1,1,1,1,1,1,1,1,1,1,1,1,1,1,1,1,1,1,1,1,1,1,1,1,1,1,1,1,1,1,1,1,1,1,1,1,1,1,1,1,1,1,1,0,0,0,0,0,0,0,0,0,0,0,0,0,0,0,0,0,0,0,0,2|24397&4&158.9475878732537|24401&4&2.8184151848309726|24404&4&139.03277742079098|24410&4&183.3900505350535|24412&4&77.09854444258784|24420&4&4.182299950923899|24422&4&11.48608845321514|24424&4&314.255290712292|24426&4&107.79471303676512|24428&4&-1.509903313490213E-14|24437&4&484.7303999922805|24447&4&64.00574684825565|24460&4&603.4152432821272|24461&4&42.75347252063857|24466&4&27.54453957837473|24467&4&288.2364602988622|24468&4&476.215417695498|24476&4&516.2512059088962|24478&4&346.48407451554976|24479&4&426.6104884267828|24482&4&398.6498242753596|24485&4&2.666095620019713|24495&4&267.1153597076464|24499&4&34.06905442558355|24501&4&17.677636855277044|24504&4&4.166477679641302,2|24398&4&275.64969022010644|24410&4&9.619793579939387|24411&4&41.73538394729643|24418&4&12.747606853175888|24421&4&521.7027673414681|24425&4&36.45680705757346|24428&4&52.14946921877685|24434&4&489.96206774094486|24439&4&15.495060390331938|24442&4&8.929083293714204|24444&4&41.52004027428492|24462&4&204.0755375617759|24467&4&9.488014467715205|24469&4&273.09043935859785|24472&4&541.3583120328145|24473&4&490.00936473337356|24474&4&93.48258188162987|24477&4&140.99363895794218|24481&4&145.9257182678717|24496&4&565.3418208866364|24511&4&33.10466800873494|24513&4&21.056171628576756,2|24411&4&85.98566836956971|24420&4&105.79818886770157|24425&4&243.60558634543173|24428&4&36.60641758834245|24436&4&320.73110082805516|24444&4&130.96697615443378|24451&4&53.49428794675018|24452&4&4.02096084567796|24457&4&27.009421942183717|24458&4&291.0680712111726|24465&4&484.5933739373604|24470&4&486.6067355974458|24475&4&81.00060821884034|24485&4&41.697819732633846|24488&4&380.41239194725506|24490&4&137.85996731160705|24491&4&54.616577665888514|24494&4&276.07125750627074|24496&4&3.4038381431963414|24498&4&6.592652580170877|24502&4&18.299894111016883|24507&4&6.921489161710033|24509&4&6.671721638422795|24511&4&0.0|24512&4&61.39637814745505,2|24401&4&166.56836362738977|24403&4&34.22831312724601|24407&4&613.7530754408469|24408&4&132.48105269828594|24409&4&528.2677498867179|24411&4&21.958872643267178|24413&4&44.703916346379394|24426&4&136.09660512805917|24431&4&12.249342283600374|24432&4&0.24148976529913938|24434&4&1.687538997430238E-14|24436&4&42.34749083878381|24441&4&105.15751834823288|24442&4&136.29338232906773|24443&4&367.98307274428237|24445&4&177.85780469113445|24452&4&18.79949132446812|24453&4&371.20589765488774|24463&4&207.08553650026482|24467&4&9.02633422087051|24477&4&235.57286907944896|24479&4&32.05683150827273|24480&4&56.89378453983007|24481&4&252.91114021698516|24484&4&133.42406464470892|24486&4&32.37508884044529|24489&4&47.214797575011275|24506&4&19.44805889842947,2|24400&4&214.2180397434407|24404&4&170.32996063695313|24408&4&193.59341710118127|24411&4&477.13329935039144|24415&4&207.47446138054784|24420&4&205.96590789656636|24427&4&58.11474405454253|24428&4&43.862239379145606|24431&4&10.057611390836636|24440&4&2.9106363024165414|24442&4&267.5082679528277|24445&4&248.15959487811355|24446&4&225.66539470756967|24447&4&139.42191030227852|24454&4&194.42827117610568|24474&4&47.24487071679451|24483&4&19.83011874147573|24486&4&166.52976382609444|24491&4&355.7214734159844|24499&4&-7.771561172376096E-16|24515&4&3.8986287526914642,2|24410&4&104.53987934655933|24413&4&15.222586845474154|24416&4&661.9806640387801|24422&4&99.65883339662076|24423&4&178.8552198960955|24427&4&29.36929545568726|24428&4&15.445450727949616|24441&4&451.56486563444514|24444&4&-1.1546319456101628E-14|24450&4&354.8738708640881|24452&4&245.95929057471855|24455&4&398.4228629729733|24457&4&16.189907342551688|24468&4&-1.509903313490213E-14|24471&4&511.6719859866779|24481&4&1.2878587085651816E-14|24483&4&369.9417623236245|24487&4&364.7313533700824|24489&4&284.23202395832504,2|24406&4&36.70591220328605|24410&4&72.34170760374094|24412&4&272.8971415102626|24414&4&533.1059872903757|24415&4&221.20218617758303|24424&4&194.7262843400144|24425&4&15.43756339426191|24426&4&246.3468267836734|24427&4&321.29418850200125|24428&4&224.6197548441362|24432&4&141.0179934950575|24433&4&217.7991445050065|24435&4&222.940777924793|24436&4&117.94038923647017|24444&4&238.16849927966734|24449&4&240.66282695006308|24462&4&284.14242186982233|24463&4&7.151649766139459|24464&4&434.2877526238374|24469&4&2.667441497594229|24470&4&-1.865174681370263E-14|24475&4&0.3591144866864542|24476&4&7.13700688553854|24484&4&84.98177974982511|24485&4&8.348703790040002|24488&4&6.644656067622221|24492&4&333.7790873064139|24493&4&185.4115758269142|24495&4&13.929803121418171|24503&4&19.41276635278331,2|24397&4&158.2360680120233|24399&4&498.529097689986|24400&4&157.07076048726054|24401&4&319.91112117992117|24403&4&342.1792117914255|24405&4&153.53684662297798|24406&4&214.5883804650891|24408&4&197.98369248547272|24412&4&0.3033220630997917|24422&4&34.40327801283312|24429&4&32.66494346748736|24430&4&480.61428878588106|24431&4&323.6839257079632|24432&4&245.80779565937962|24433&4&172.74399836463488|24438&4&390.5012870557205|24440&4&13.012050146422041|24447&4&1.3587321794602456|24448&4&363.55843305318206|24450&4&40.20306253506177|24455&4&50.969480338111204|24458&4&297.8662607963525|24459&4&336.75087546565396|24466&4&387.8818211704433|24475&4&143.35510360658859|24482&4&31.598811488757523|24485&4&203.29317780494875|24487&4&76.12099896549765|24493&4&250.6103769260809|24504&4&39.42923547193659|24516&4&5.744281715188274,2|24399&4&2.398081733190338E-14|24402&4&394.85248429861156|24404&4&16.282274522587457|24405&4&148.51393946963788|24410&4&12.518196915482566|24417&4&7.816155484935788|24418&4&271.54264322117575|24429&4&389.5579983003635|24435&4&51.914607248304186|24439&4&3.171888857673203|24446&4&48.20939397779124|24447&4&96.7239751139238|24449&4&102.91253310696038|24451&4&478.40639242059723|24456&4&403.7570454412589|24461&4&0.0|24484&4&94.86646969145501|24494&4&37.285225633542694|24514&4&19.61619794996152,2|24404&4&2.419235977623393|24413&4&131.82347145452096|24417&4&463.0690246274429|24419&4&311.136412225017|24423&4&58.495720283644225|24425&4&4.984850493183237|24431&4&22.2040202691007|24439&4&338.95068557931575|24440&4&417.0025717842622|24447&4&25.96639038930692|24457&4&362.75717852631374|24461&4&257.762575548301|24463&4&241.36321311851992|24467&4&114.51521238288976|24474&4&162.7705221558225|24478&4&16.010825010460596|24480&4&184.14298569791464|24485&4&8.07396201932939|24486&4&108.28431846247781|24489&4&55.469616402926235|24497&4&6.1736095450282145|24500&4&21.549408099413|24503&4&33.46967907855724|24505&4&22.92283482063131|24508&4&20.26689126194079|24514&4&10.82946005345762
34|4,130,1,1,1,1,1,1,1,1,1,1,1,1,1,1,1,1,1,1,1,1,1,1,1,1,1,1,1,1,1,1,1,1,1,1,1,1,1,1,1,1,1,1,1,1,1,1,1,1,1,1,1,1,1,1,1,1,1,1,1,1,1,1,1,1,1,1,1,1,1,1,1,1,1,1,1,1,1,1,1,1,1,1,1,1,1,1,1,1,1,1,1,1,1,1,1,1,1,1,1,1,0,0,0,0,0,0,0,0,0,0,0,0,0,0,0,0,0,0,0,0,2|24397&4&132.10227072274037|24401&4&-1.865174681370263E-14|24404&4&126.73552141009945|24410&4&170.40274186208586|24412&4&62.3500460371126|24420&4&3.010195902990292|24422&4&10.644441444153053|24424&4&272.3003242204186|24426&4&99.70757020875243|24437&4&509.5613890717018|24447&4&60.80545950584287|24460&4&612.4331175282309|24461&4&28.550299190496496|24466&4&16.456460144469943|24467&4&347.3147216475038|24468&4&433.20253149753654|24476&4&535.9561404901023|24478&4&319.3213291885254|24479&4&456.9351478491137|24482&4&423.40769602565376|24485&4&2.1049869507751784|24487&4&30.688832540982407|24495&4&236.76804055920007|24499&4&28.76807981570797|24501&4&15.60498203336316|24504&4&2.5147100818770785,2|24398&4&244.60828972338106|24410&4&6.413195719959588|24411&4&36.55056524403122|24418&4&12.076680176692946|24421&4&557.2767954853633|24425&4&34.50641205997336|24428&4&41.76604816975987|24434&4&498.23774153953434|24439&4&9.292812995310248|24442&4&3.0123035759785024|24444&4&26.966075596112066|24451&4&64.35628376791213|24453&4&1.5622559828252989|24462&4&173.79939975150032|24467&4&3.300019570845641|24469&4&279.7243687931149|24472&4&547.1246385719469|24473&4&485.8534489633867|24474&4&101.5367864399359|24477&4&116.09709160049712|24481&4&195.96816114828266|24496&4&585.8635190767629|24511&4&27.86441340187536|24513&4&18.291894705682925,2|24405&4&7.929317440707678|24411&4&95.93939924909144|24420&4&92.1858757373025|24423&4&26.023492042086158|24425&4&280.41570581977146|24428&4&32.24426824698806|24436&4&290.7438981371129|24444&4&120.72478107366402|24451&4&50.81957354941267|24452&4&3.4465378677239666|24456&4&11.25395411709139|24457&4&24.45967858286817|24458&4&250.86357875351027|24465&4&465.4114953788893|24470&4&449.18397569717445|24475&4&72.0005406389692|24485&4&37.64802868579765|24488&4&411.066022564519|24490&4&167.89700799574615|24491&4&108.65736763425055|24494&4&240.17850173900646|24496&4&4.440892098500626E-15|24498&4&5.93510051878882|24502&4&16.09985636000713|24507&4&6.2303144939907344|24509&4&6.0061606385464525|24512&4&64.89333130562241,2|24401&4&147.5456176801978|24403&4&24.362370000203857|24407&4&637.0684294566646|24408&4&111.92164486230976|24409&4&481.27539528852765|24411&4&13.723166732093798|24413&4&38.82655264213179|24426&4&108.8644789300997|24431&4&8.827940937980312|24432&4&0.12074488264957012|24436&4&29.15075841732183|24441&4&80.07429846518335|24442&4&117.78285231390431|24443&4&374.6721967274613|24445&4&244.06425503551523|24452&4&14.213513561984065|24453&4&328.78853170638206|24463&4&245.00819395894692|24467&4&7.113802117173147|24475&4&5.593416521999991|24477&4&259.42020314270275|24479&4&20.677727046145726|24480&4&44.39610400329423|24481&4&214.88989427133748|24484&4&189.33657359394127|24486&4&74.8333196984928|24489&4&34.06729159010733|24506&4&17.039978971201737|24511&4&8.127377018832595,2|24400&4&186.39337151511836|24404&4&202.9697698389963|24408&4&179.58472417730744|24411&4&445.02098391282874|24415&4&223.0847034277815|24420&4&251.56672661061697|24427&4&43.39120930063128|24428&4&41.04860948641458|24431&4&3.5767119086986012|24440&4&-1.3322676295501878E-14|24442&4&310.11457654837443|24445&4&215.65994299425336|24446&4&200.5990277486365|24447&4&130.35312637304548|24454&4&236.28589269332235|24474&4&39.56425478523762|24483&4&10.107572562362503|24486&4&155.62995151696023|24491&4&314.5973571324722|24515&4&3.5292255330049516,2|24410&4&92.95088155162124|24413&4&13.468277297027631|24416&4&667.0482389641227|24422&4&87.56763543625655|24423&4&166.90687837344913|24427&4&26.569058454498066|24428&4&14.298407233395507|24441&4&486.2781468272842|24450&4&390.92375569340004|24452&4&281.7371625599185|24455&4&447.3201834885209|24457&4&13.684496971624519|24471&4&536.1541723734839|24483&4&397.9963229912361|24487&4&321.8540347244647|24489&4&263.60824568839723,2|24406&4&76.86003567234343|24410&4&68.58901997952854|24412&4&322.9838242851015|24414&4&554.1144041385587|24415&4&191.0280386389747|24424&4&239.66229739045818|24425&4&7.520395414037254|24426&4&232.52811541495123|24427&4&314.96610833100164|24428&4&271.38058657169756|24432&4&142.66080511062356|24433&4&233.80506526662066|24435&4&231.84869377116954|24436&4&111.57334091838172|24444&4&297.4679492549608|24449&4&284.1097850231648|24462&4&317.6697330749152|24463&4&3.5420604178342905|24464&4&406.5627423662502|24469&4&2.510533174206333|24475&4&0.32320303801780875|24476&4&1.8573344660243087|24484&4&64.49369848986352|24485&4&2.909339252596309|24488&4&1.8870625737214521|24492&4&386.7738907539962|24493&4&161.65540713582914|24495&4&41.61433470905878|24503&4&28.611798836430545,2|24397&4&204.21721457998154|24399&4&513.5345268016107|24400&4&216.11788315725198|24401&4&304.4829663749121|24403&4&345.8050768258822|24405&4&136.3345374166912|24406&4&187.28207477031998|24408&4&259.2250560147607|24412&4&0.0|24422&4&32.47987223586295|24429&4&22.755420176297932|24430&4&457.4164520337807|24431&4&366.21578416451086|24432&4&219.2642234557348|24433&4&141.9072773766855|24438&4&373.00897668734757|24440&4&7.928296583011031|24447&4&0.6187963829805148|24448&4&333.2317064064686|24450&4&27.15563621619632|24455&4&34.35178859712463|24458&4&362.07446842202586|24459&4&334.62826258834934|24466&4&443.26291625446015|24475&4&134.4803341817945|24482&4&25.11298916185372|24485&4&188.83926783092983|24487&4&71.98194398523796|24493&4&294.226551378467|24499&4&2.161616881204168|24504&4&44.523255295411786|24516&4&5.178209586454788,2|24402&4&389.4627702438659|24404&4&8.393749543977382|24405&4&139.44266900840233|24410&4&9.388647686611918|24413&4&16.64410015916108|24417&4&3.2204212637850484|24418&4&238.62792259205625|24419&4&0.7221741587547624|24429&4&366.53423326782337|24435&4&45.00992778806667|24436&4&56.74105591749149|24439&4&-6.217248937900877E-15|24446&4&82.34934047663441|24447&4&81.431261676249|24449&4&90.09252997460297|24451&4&427.70711177914364|24456&4&366.275605708408|24461&4&12.854211066724938|24484&4&87.06035832245897|24494&4&71.26520003983518|24514&4&16.058971549658615,2|24404&4&2.0736308379629085|24413&4&120.81737776345932|24417&4&437.75910771683937|24419&4&277.33779797999733|24423&4&41.49923643818418|24425&4&4.272728994157061|24431&4&19.547118770231236|24439&4&380.9881741117327|24440&4&415.3422933489798|24447&4&23.605809444824473|24457&4&335.4488181601204|24461&4&233.21799994556443|24463&4&216.8849420685508|24467&4&101.65050125177328|24474&4&144.81512277660312|24478&4&8.506408365783347|24480&4&211.1901921834257|24485&4&28.737625903349297|24486&4&92.08941860959222|24489&4&106.54346226059327|24497&4&5.493121481221382|24500&4&18.81825638025449|24503&4&28.21087954217499|24505&4&19.695518320824384|24508&4&17.751713288475894|24514&4&9.798016575617687
35|4,130,1,1,1,1,1,1,1,1,1,1,1,1,1,1,1,1,1,1,1,1,1,1,1,1,1,1,1,1,1,1,1,1,1,1,1,1,1,1,1,1,1,1,1,1,1,1,1,1,1,1,1,1,1,1,1,1,1,1,1,1,1,1,1,1,1,1,1,1,1,1,1,1,1,1,1,1,1,1,1,1,1,1,1,1,1,1,1,1,1,1,1,1,1,1,1,1,1,1,1,1,0,0,0,0,0,0,0,0,0,0,0,0,0,0,0,0,0,0,0,0,2|24397&4&107.59408683105721|24404&4&114.43826539940792|24405&4&37.818167904379216|24410&4&157.41543318911823|24412&4&47.601547631637374|24420&4&1.8380918550566836|24422&4&9.802794435090966|24423&4&38.97709624799512|24424&4&234.3013383547532|24426&4&91.62042738073976|24437&4&541.1721121848033|24447&4&58.66816518218103|24454&4&53.943458368593156|24457&4&18.92503906967895|24460&4&616.5659713029396|24461&4&17.384330787437012|24466&4&8.159902000158805|24467&4&339.2567144645997|24468&4&392.3977306394728|24471&4&63.60289838040086|24476&4&517.738153817854|24478&4&302.6134929456765|24479&4&486.2674218843266|24482&4&460.49015178202166|24485&4&1.543878281530644|24487&4&69.9091704876437|24495&4&209.33591134952275|24499&4&23.843253865701797|24501&4&13.532327211449278|24504&4&1.2630946614550935,2|24398&4&216.18852943506417|24410&4&3.206597859979782|24411&4&31.365746540766008|24418&4&11.405753500210004|24421&4&585.0839265844886|24425&4&32.55601706237326|24428&4&31.38262712074289|24432&4&63.76537965674589|24434&4&498.19838267808086|24439&4&3.090565600288559|24442&4&-2.042810365310288E-14|24444&4&15.593247723472409|24451&4&121.04883839008254|24453&4&24.953807291654435|24462&4&145.72199484493336|24467&4&3.552713678800501E-14|24468&4&27.45024797755716|24469&4&292.52562214178323|24472&4&556.0563935532258|24473&4&526.5350544197312|24474&4&134.0987527685926|24477&4&94.47846826651315|24481&4&185.27021121094555|24496&4&601.5238948038477|24511&4&23.02268739953319|24513&4&15.527617782789095,2|24405&4&7.532851568672294|24411&4&90.92746511571295|24420&4&78.57356260690342|24423&4&24.72231743998185|24425&4&260.5998770171788|24428&4&27.882118905633654|24436&4&260.75669544617074|24444&4&110.48258599289427|24451&4&48.144859152075156|24452&4&2.872114889769973|24456&4&10.69125641123682|24457&4&21.90993522355263|24458&4&213.14649424275237|24465&4&462.2195053288559|24470&4&461.7922671922036|24475&4&63.000473059098056|24485&4&33.59823763896146|24488&4&386.8733781549934|24490&4&196.05994608031756|24491&4&167.71452104402113|24494&4&207.56519705677908|24498&4&5.277548457406763|24502&4&13.899818608997382|24507&4&5.539139826271434|24509&4&5.340599638670108|24512&4&68.46636550364876,2|24401&4&128.5228717330058|24403&4&18.17260996914475|24407&4&667.0278614235749|24408&4&94.3639689629934|24409&4&513.5284897263577|24411&4&9.282891909756248|24413&4&32.94918893788417|24426&4&84.74228130351156|24427&4&0.5422809599555194|24431&4&5.40653959236025|24432&4&8.604228440844963E-16|24436&4&18.187286050467563|24441&4&58.9052057834367|24442&4&99.27232229874092|24443&4&334.90923735332063|24445&4&302.5375846829235|24452&4&9.62753579950001|24453&4&288.7582185084826|24463&4&230.6311046494987|24466&4&82.289561490433|24467&4&5.201270013475786|24475&4&17.237115293579|24477&4&271.2713335345617|24479&4&10.49088677963562|24480&4&33.65039175867941|24481&4&233.05121786818998|24484&4&243.56071470382471|24486&4&121.05869843039852|24489&4&22.84241855078121|24506&4&14.631899043974006|24511&4&16.96536381655809,2|24400&4&159.78292833549497|24404&4&245.6977532183704|24408&4&165.57603125343354|24411&4&412.90866847526604|24415&4&282.16761594141747|24420&4&298.41246995920204|24427&4&31.32357964553061|24428&4&38.23497959368355|24431&4&-2.7533531010703882E-14|24442&4&345.72489961910105|24445&4&186.23705384310597|24446&4&175.53266078970327|24447&4&121.28434244381245|24454&4&217.8649987887065|24474&4&35.04086099078735|24483&4&3.430367051169843|24486&4&144.73013920782603|24491&4&276.19312797374243|24515&4&3.159822313318439,2|24410&4&81.36188375668314|24413&4&11.713967748581108|24416&4&677.8195460316178|24422&4&75.47643747589234|24423&4&154.95853685080277|24427&4&23.768821453308867|24428&4&13.151363738841397|24441&4&530.3432531789159|24450&4&433.39335506256987|24452&4&323.51866224288915|24455&4&480.6592487864039|24457&4&11.17908660069735|24471&4&490.89845767623046|24483&4&423.049565680091|24487&4&281.98774522148295|24489&4&242.98446741846956,2|24406&4&129.05282257335625|24410&4&64.83633235531615|24412&4&358.6167386727484|24414&4&575.1877763563153|24415&4&164.10160742758575|24424&4&289.99872029686753|24425&4&2.733892459291765|24426&4&256.6293534761638|24427&4&295.16868058662385|24428&4&261.6251241149314|24432&4&134.19093116666096|24433&4&218.76392918406847|24435&4&257.2315642663833|24436&4&105.20629260029327|24444&4&360.77266489591227|24449&4&329.42040872365686|24462&4&360.3724932969478|24463&4&2.398081733190338E-14|24464&4&362.8985935256831|24469&4&2.353624850818437|24475&4&0.2872915893491633|24476&4&-1.3766765505351941E-14|24484&4&45.60075317756053|24485&4&1.865174681370263E-14|24488&4&-4.440892098500626E-16|24492&4&412.0614264111211|24493&4&140.33637105808197|24495&4&82.5788950771883|24503&4&37.638194415181935,2|24397&4&254.2087537986256|24399&4&538.6916528514449|24400&4&273.2907592905058|24401&4&358.07987052507616|24403&4&369.650227384116|24405&4&119.13222821040443|24406&4&163.56166741051135|24408&4&255.97594920943374|24422&4&30.55646645889278|24429&4&15.356397416635234|24430&4&446.72316417089024|24431&4&415.0136453417662|24432&4&192.72065125208997|24433&4&113.6382224208788|24438&4&364.8884693108373|24440&4&2.844543019600022|24447&4&0.0|24448&4&341.7288971207209|24450&4&16.732323519965284|24455&4&20.859141035591925|24458&4&340.80454047755916|24459&4&299.38481026007497|24466&4&409.0460164564152|24475&4&125.60556475700035|24482&4&18.627166834949918|24485&4&174.3853578569109|24487&4&67.84288900497829|24493&4&342.1857953323379|24499&4&10.720115131868187|24504&4&49.11148838240287|24516&4&4.612137457721301,2|24402&4&391.63443295830206|24404&4&3.734497082640191|24405&4&131.0024999868574|24410&4&6.2590984577412705|24413&4&50.883690083487636|24417&4&1.6102106318925182|24418&4&222.78587935539286|24419&4&19.52322999230409|24429&4&398.7394280894121|24435&4&38.10524832782915|24436&4&121.79223021378455|24446&4&126.28280342968057|24447&4&66.13854823857415|24449&4&77.27252684224554|24451&4&379.4710831591343|24456&4&332.7495394784975|24461&4&36.50520855517067|24484&4&79.25424695346294|24494&4&104.77489385334057|24514&4&12.65928003953472,2|24398&4&9.959455910178333|24404&4&1.728025698302424|24413&4&109.8112840723977|24417&4&463.3138481753111|24419&4&246.61745012958798|24423&4&27.371363972134688|24425&4&3.5606074951308857|24431&4&16.890217271361774|24439&4&420.1370918324211|24440&4&448.3129300031215|24447&4&21.245228500342026|24457&4&310.80770375436566|24458&4&73.80530670841006|24459&4&47.16578803966783|24461&4&208.67342434282784|24463&4&192.4066710185817|24467&4&88.78579012065677|24474&4&126.85972339738377|24478&4&2.9641241467469084|24480&4&245.49094697071368|24485&4&27.28055970313351|24486&4&76.23443107395805|24489&4&120.14807851233061|24497&4&4.812633417414549|24500&4&16.08710466109597|24503&4&23.352609043261033|24505&4&16.468201821017455|24508&4&15.236535315011004|24514&4&8.766573097777755
36|4,130,1,1,1,1,1,1,1,1,1,1,1,1,1,1,1,1,1,1,1,1,1,1,1,1,1,1,1,1,1,1,1,1,1,1,1,1,1,1,1,1,1,1,1,1,1,1,1,1,1,1,1,1,1,1,1,1,1,1,1,1,1,1,1,1,1,1,1,1,1,1,1,1,1,1,1,1,1,1,1,1,1,1,1,1,1,1,1,1,1,1,1,1,1,1,1,1,1,1,1,1,0,0,0,0,0,0,0,0,0,0,0,0,0,0,0,0,0,0,0,0,2|24397&4&85.44577688947413|24404&4&102.14100938871641|24405&4&35.92725950916026|24410&4&144.4281245161506|24412&4&32.85304922616214|24420&4&0.665987807123075|24422&4&8.961147426028878|24423&4&87.16960292446586|24424&4&199.93232995643973|24426&4&83.53328455272708|24437&4&564.8688275788309|24447&4&91.27625774825965|24454&4&51.2462854501635|24457&4&17.978787116195|24460&4&626.4528017212277|24461&4&9.357325898878788|24466&4&2.8018463107425537|24467&4&355.19996815076576|24468&4&353.99499394049604|24471&4&60.422753461380815|24476&4&505.41642449507657|24478&4&274.92800216444334|24479&4&445.68753924367144|24482&4&485.2848480768216|24485&4&0.9827696122861096|24487&4&124.14164147356288|24495&4&184.51311946442092|24499&4&19.316151412535607|24501&4&11.459672389535395|24504&4&0.42091871696810385,2|24398&4&189.81383015937075|24410&4&-2.398081733190338E-14|24411&4&26.180927837500796|24418&4&10.734826823727062|24421&4&611.9260925901472|24425&4&30.605622064773154|24428&4&21.760193889166736|24432&4&112.85864608259354|24434&4&472.6597444742444|24439&4&2.4868995751603507E-14|24444&4&7.4952038214203105|24451&4&178.76050281907527|24453&4&28.835932676860285|24462&4&120.18442689407951|24468&4&76.63296651086957|24469&4&313.2543636186282|24472&4&561.371808131055|24473&4&561.8925926341445|24474&4&180.952899711226|24477&4&76.90827983364314|24481&4&174.5722612736085|24496&4&580.845034692029|24511&4&18.60162535910291|24513&4&12.763340859895266,2|24405&4&7.136385696636911|24411&4&91.47586290519595|24420&4&64.96124947650432|24423&4&23.421142837877543|24425&4&240.7840482145861|24428&4&23.51996956427925|24436&4&230.7694927552285|24444&4&100.2403909121245|24451&4&45.470144754737646|24452&4&2.2976919118159795|24456&4&10.12855870538225|24457&4&19.360191864237088|24458&4&178.1815861038051|24465&4&472.2918444908261|24470&4&471.31421270064897|24475&4&54.00040547922691|24478&4&24.132737453584696|24485&4&29.548446592125266|24488&4&359.6635951200309|24490&4&231.4012069527305|24491&4&221.75773854408092|24494&4&177.72288468783216|24498&4&4.619996396024705|24502&4&11.699780857987632|24507&4&4.847965158552135|24509&4&4.675038638793764|24512&4&72.18467857229363,2|24401&4&109.50012578581382|24403&4&12.789880123459406|24407&4&686.9962715569873|24408&4&79.88768189926773|24409&4&516.6769078212503|24410&4&14.640683347676346|24411&4&6.485195330418186|24413&4&27.071825233636567|24425&4&8.60000382553393|24426&4&64.18793548949255|24427&4&0.5151669119577434|24431&4&1.985138246740188|24433&4&13.152355369739324|24436&4&9.087258688833284|24441&4&41.45868554287323|24442&4&80.7617922835775|24443&4&297.85896842654165|24445&4&365.3022583672411|24452&4&5.16543500099934|24453&4&251.96435190919271|24463&4&286.33053249509544|24464&4&17.97471288269122|24466&4&166.28981227214783|24467&4&3.288737909778425|24475&4&22.398470651362842|24477&4&287.93646574040986|24479&4&3.491817763088443|24480&4&25.8156961689133|24481&4&221.12602179186578|24484&4&292.34599253821835|24486&4&178.91770460478153|24489&4&13.819075062674928|24506&4&12.223819116746272|24511&4&25.063473973050616|24513&4&7.100383503355829,2|24400&4&136.264421969187|24404&4&286.3314817621729|24408&4&151.56733832955968|24411&4&380.7963530377032|24415&4&325.61709117111457|24420&4&279.77249379025994|24427&4&22.03186527307631|24428&4&35.42134970095252|24442&4&385.1806723401543|24445&4&159.92478994882626|24446&4&150.65438714235216|24447&4&112.2155585145794|24454&4&199.44410488409065|24474&4&32.78403247599269|24483&4&-3.552713678800501E-14|24486&4&133.83032689869182|24491&4&240.58873555497598|24515&4&2.7904190936319266,2|24410&4&69.77288596174505|24413&4&9.959658200134584|24416&4&633.1684054116006|24422&4&63.38523951552811|24423&4&143.01019532815639|24427&4&20.96858445211967|24428&4&12.004320244287285|24441&4&575.8546324621112|24450&4&475.3707211782951|24452&4&364.98525188768826|24455&4&484.4248593687215|24457&4&8.67367622977018|24471&4&447.0773847077911|24483&4&455.31271373380736|24487&4&245.2399939136626|24489&4&222.36068914854184,2|24406&4&188.19284258602073|24410&4&61.083644731103746|24412&4&401.98941394154366|24414&4&536.2793374896623|24415&4&138.4867785841149|24424&4&336.6369822736191|24425&4&1.520512475576663|24426&4&297.766814593618|24427&4&275.37125284224607|24428&4&314.61625759799324|24432&4&125.72105722269836|24433&4&203.7227931015163|24435&4&290.73125995486646|24436&4&98.8392442822048|24444&4&423.86308269472704|24449&4&351.28305430989076|24462&4&396.9741954110117|24464&4&322.2922907829218|24469&4&2.196716527430541|24475&4&0.2513801406805179|24484&4&29.96719396024053|24492&4&385.3357960328688|24493&4&121.71149850040754|24495&4&133.8485713827859|24503&4&46.70920460921689,2|24397&4&307.07723813293126|24399&4&532.4567872740108|24400&4&292.19723015502217|24401&4&376.9379388266189|24403&4&400.3605507155153|24405&4&101.92991900411769|24406&4&143.2901528439606|24408&4&313.5676916114746|24422&4&41.638899871332676|24429&4&7.9573746569725206|24430&4&448.3379018494302|24431&4&463.3209009988177|24432&4&166.17707904844514|24433&4&88.19292236058641|24438&4&373.5023237695113|24440&4&1.687538997430238E-14|24448&4&310.4949788077134|24450&4&9.76933216201933|24455&4&10.440784751913771|24458&4&319.5346125330924|24459&4&267.0995496114056|24466&4&374.82911665837025|24475&4&116.73079533220623|24482&4&12.354182569802628|24485&4&159.93144788289197|24487&4&63.7038340247186|24493&4&327.9508648546263|24499&4&20.335690361682566|24504&4&53.75780850972686|24516&4&4.0460653289878135,2|24402&4&413.8461471384075|24404&4&2.3660994820488233|24405&4&122.56233096531248|24410&4&3.1295492288706224|24413&4&87.88817162003286|24417&4&-1.199040866595169E-14|24418&4&193.35578939459816|24419&4&51.99920925376739|24429&4&444.5066327281706|24435&4&31.200568867591635|24436&4&186.2300015027629|24446&4&167.18379860106313|24447&4&50.845834800899326|24449&4&64.45252370988811|24451&4&334.0854076017454|24456&4&301.8025033501872|24461&4&72.2307261043995|24484&4&71.44813558446691|24494&4&146.15292335858686|24514&4&9.628844119369818,2|24398&4&35.08231087695695|24404&4&1.3824205586419396|24413&4&98.80519038133608|24417&4&433.4870314710855|24419&4&218.89536730208243|24423&4&16.243638471077713|24425&4&2.84848599610471|24431&4&14.23331577249231|24439&4&426.78732465703064|24440&4&476.19146309772617|24447&4&18.88464755585958|24448&4&54.26082014128028|24457&4&286.57754595789356|24458&4&149.87045119901256|24459&4&95.43727086210015|24461&4&184.12884874009126|24463&4&167.9283999686126|24467&4&75.92107898954026|24474&4&108.90432401816439|24478&4&-2.5757174171303632E-14|24480&4&282.90998303997674|24485&4&27.25145832531746|24486&4&60.79213679843687|24489&4&121.34975280410508|24497&4&4.132145353607717|24500&4&13.35595294193746|24503&4&18.905422026983008|24505&4&13.2490921246563|24508&4&12.72135734154611|24514&4&7.735129619937822
37|4,130,1,1,1,1,1,1,1,1,1,1,1,1,1,1,1,1,1,1,1,1,1,1,1,1,1,1,1,1,1,1,1,1,1,1,1,1,1,1,1,1,1,1,1,1,1,1,1,1,1,1,1,1,1,1,1,1,1,1,1,1,1,1,1,1,1,1,1,1,1,1,1,1,1,1,1,1,1,1,1,1,1,1,1,1,1,1,1,1,1,1,1,1,1,1,1,1,1,1,1,1,0,0,0,0,0,0,0,0,0,0,0,0,0,0,0,0,0,0,0,0,2|24397&4&66.11484637690037|24404&4&89.84375337802489|24405&4&34.0363511139413|24410&4&131.44081584318297|24412&4&18.171868886004262|24420&4&1.5543122344752192E-15|24422&4&8.11950041696679|24423&4&134.16651855154058|24424&4&169.03117552594424|24426&4&75.4461417247144|24437&4&529.0213109783313|24447&4&124.11462428097636|24454&4&48.54911253173384|24457&4&17.032535162711053|24460&4&632.0505529853193|24461&4&3.204679378480382|24466&4&2.4868995751603507E-14|24467&4&331.9322527640446|24468&4&318.0669112653577|24471&4&75.68740584855848|24476&4&510.9075304463535|24478&4&247.24251138321026|24479&4&405.10765660301627|24482&4&515.3158877278893|24485&4&0.4216609430415752|24487&4&175.7108333911102|24495&4&162.42843983791224|24499&4&15.20701567235902|24501&4&9.387017567621514|24504&4&2.55351295663786E-15,2|24398&4&166.184381582781|24411&4&20.99610913423559|24418&4&10.06390014724412|24421&4&636.5333941377271|24425&4&28.655227067173055|24428&4&13.993722489396806|24432&4&170.60880040502647|24434&4&452.78505846576485|24444&4&2.7459027160277043|24451&4&228.211128819149|24453&4&44.629434126990844|24462&4&97.36051590494247|24468&4&125.9390878306474|24469&4&343.080026081555|24472&4&571.8142583610149|24473&4&583.9228560242249|24474&4&197.07286509300877|24477&4&60.61569847478569|24479&4&12.561365949036492|24481&4&163.8743113362714|24496&4&598.3349567661744|24511&4&14.606511497622721|24513&4&10.019219572823893,2|24405&4&6.739919824601527|24411&4&86.18591217567439|24420&4&51.34893634610525|24423&4&22.119968235773236|24425&4&220.96821941199337|24427&4&16.19287933075301|24428&4&19.157820222924848|24436&4&200.78229006428631|24444&4&89.99819583135476|24451&4&42.795430357400136|24452&4&1.7232689338619858|24456&4&9.56586099952768|24457&4&62.53724097669837|24458&4&146.11509128566897|24465&4&468.89200349290763|24470&4&487.5368196323474|24475&4&45.00033789935577|24478&4&57.77495006229771|24485&4&25.498655545289076|24488&4&383.18477066732106|24490&4&263.89137015591075|24491&4&277.9431389096544|24494&4&150.81456903468884|24498&4&3.9624443346426474|24502&4&9.49974310697788|24507&4&4.156790490832836|24509&4&4.009477638917421|24512&4&74.45409650759197,2|24401&4&90.84331311316606|24403&4&8.45083978918777|24407&4&712.1526589720328|24408&4&65.41139483554207|24409&4&540.9021556519085|24410&4&17.35010808525051|24411&4&3.6874987510801343|24413&4&21.86723480549887|24416&4&15.156199469013707|24425&4&8.170003634257233|24426&4&46.4690030759776|24427&4&0.4880528639599675|24431&4&4.884981308350689E-15|24433&4&35.09857177059856|24436&4&3.0089681358689093|24441&4&27.677169602769823|24442&4&65.41964274950064|24443&4&267.38635183788926|24445&4&344.6465850664182|24452&4&1.8171008370044848|24453&4&218.67342507405252|24463&4&338.72604080062416|24464&4&44.21717427611074|24466&4&249.6608523497045|24467&4&1.376205806081064|24475&4&37.28443479358208|24477&4&309.41692756667805|24479&4&1.3322676295501878E-14|24480&4&21.17740179815543|24481&4&231.46330506037745|24484&4&349.7615845554409|24486&4&226.64649777585876|24489&4&7.020414323591466|24506&4&9.815739189518542|24511&4&32.58746231888401|24513&4&14.708484123713566|24514&4&3.3162541191456967,2|24400&4&116.31574058683202|24404&4&325.4446886059102|24408&4&137.5586454056858|24411&4&348.6840376001405|24415&4&377.60963241600354|24420&4&261.13251762131785|24427&4&14.38344234469491|24428&4&32.60771980822149|24442&4&421.0951668288867|24445&4&136.01888280717486|24446&4&127.05485411496976|24447&4&103.14677458534638|24454&4&181.0232109794748|24474&4&30.527203961198037|24486&4&122.9305145895576|24491&4&207.95781831517158|24515&4&2.4210158739454144,2|24410&4&58.183888166806945|24413&4&8.20534865168806|24416&4&570.9196379487054|24422&4&51.2940415551639|24423&4&131.06185380551003|24427&4&18.168347450930476|24428&4&10.857276749733176|24441&4&612.3355014730655|24450&4&508.06477899610104|24452&4&347.1021864253007|24455&4&493.5889364500522|24457&4&6.168265858843011|24471&4&404.89561618135434|24483&4&480.19291088428145|24487&4&210.23710186252373|24489&4&201.73691087861414,2|24406&4&178.10763462035663|24410&4&57.330957106891354|24412&4&437.07768247831336|24414&4&559.3524436008233|24415&4&114.26226363255894|24424&4&386.3779365495764|24425&4&0.30713249186155506|24426&4&294.78473996990715|24427&4&255.57382509786828|24428&4&365.43718163926314|24432&4&117.25118327873577|24433&4&188.68165701896413|24435&4&269.91174383628106|24436&4&92.47219596411637|24444&4&423.74460113688406|24449&4&377.09848144591774|24462&4&436.4317408072301|24464&4&283.3455055914891|24469&4&2.039808204042645|24475&4&0.21546869201187246|24484&4&17.745946085565294|24492&4&358.6101656546166|24493&4&105.96118124903771|24495&4&188.27769818909076|24503&4&54.18933625429062,2|24397&4&352.79154153280473|24399&4&558.7285795799871|24400&4&349.0298117895831|24401&4&359.77722944101913|24403&4&429.4564280114917|24405&4&84.72760979783094|24406&4&125.50564709398449|24408&4&355.1721409992024|24422&4&76.80386798087412|24429&4&2.7036777394079667|24430&4&453.35224034023656|24431&4&472.1875049739191|24432&4&139.63350684480034|24433&4&65.61212548933767|24438&4&387.76217370131405|24448&4&279.2610604947059|24450&4&5.270609618707273|24455&4&3.5763817489202645|24458&4&298.2646845886257|24459&4&237.9611467947287|24466&4&340.61221686032525|24475&4&107.85602590741209|24482&4&6.8453901888008835|24485&4&145.47753790887302|24487&4&59.564779044458916|24493&4&312.53261215171017|24499&4&28.945622957512505|24504&4&56.773006355691955|24516&4&3.4799932002543277,2|24402&4&440.6795994635942|24404&4&0.9977018814574556|24405&4&114.12216194376757|24410&4&-2.5757174171303632E-14|24413&4&88.55655045033612|24418&4&167.44204604032873|24419&4&49.34854500893153|24429&4&490.24509663217947|24435&4&75.60255914282484|24436&4&239.33824271195584|24446&4&214.15438357792027|24447&4&35.553121363224506|24449&4&51.63252057753069|24451&4&292.1176592454112|24456&4&272.62857992542865|24461&4&110.92408513416844|24484&4&63.64202421547088|24494&4&198.63866457446588|24514&4&6.9771868629611635,2|24398&4&71.22778523588389|24404&4&1.0368154189814551|24406&4&66.44663920432751|24413&4&87.79909669027444|24417&4&468.6007742571378|24419&4&193.8067413557501|24423&4&8.22920690321932|24425&4&2.1363644970785343|24431&4&11.576414273622845|24439&4&455.4211259849213|24440&4&433.01004368777734|24447&4&16.524066611377133|24448&4&51.54777913421626|24456&4&30.23316835104015|24457&4&265.2585035597115|24458&4&225.6376561232274|24459&4&146.54285938387684|24461&4&159.58427313735464|24463&4&143.4501289186435|24467&4&63.056367858423755|24474&4&94.15273149360878|24480&4&267.2918526280206|24485&4&46.325051674957805|24486&4&46.14634199170972|24489&4&138.89110396632987|24497&4&3.4516572898008837|24500&4&10.624801222778945|24503&4&14.878454759623969|24505&4&10.725665614477471|24508&4&15.389551517152196|24514&4&6.703686142097889
38|4,130,1,1,1,1,1,1,1,1,1,1,1,1,1,1,1,1,1,1,1,1,1,1,1,1,1,1,1,1,1,1,1,1,1,1,1,1,1,1,1,1,1,1,1,1,1,1,1,1,1,1,1,1,1,1,1,1,1,1,1,1,1,1,1,1,1,1,1,1,1,1,1,1,1,1,1,1,1,1,1,1,1,1,1,1,1,1,1,1,1,1,1,1,1,1,1,1,1,1,1,1,0,0,0,0,0,0,0,0,0,0,0,0,0,0,0,0,0,0,0,0,2|24397&4&49.30781161822563|24404&4&77.54649736733336|24405&4&32.14544271872234|24410&4&118.45350717021535|24412&4&4.4148755947449665|24422&4&7.277853407904703|24423&4&191.92424015382676|24424&4&141.42368064043262|24426&4&67.3589988967017|24437&4&500.4531291771775|24447&4&164.55599038243722|24454&4&72.69351893666777|24457&4&16.086283209227105|24460&4&632.3540877570592|24461&4&-2.042810365310288E-14|24467&4&308.6645373773234|24468&4&284.4379872016224|24471&4&94.05749020112194|24476&4&515.4161014665873|24478&4&219.55702060197714|24479&4&364.52777396236104|24482&4&547.2225770532044|24485&4&2.9976021664879227E-15|24487&4&226.81399544664018|24495&4&140.77738057091818|24499&4&11.525096981722802|24501&4&7.314362745707632,2|24398&4&145.58535172277297|24411&4&15.811290430970377|24418&4&9.392973470761177|24420&4&18.221499575927808|24421&4&597.1629703711337|24425&4&26.704832069572955|24428&4&7.453957774065783|24432&4&161.62882964796972|24434&4&449.1909462666746|24444&4&1.3729513580138475|24451&4&280.60670660734837|24453&4&74.96297854551133|24462&4&77.3410955958345|24468&4&170.4988344419274|24469&4&371.3824756230058|24472&4&586.6030532852774|24473&4&602.6199622851644|24474&4&244.9730860942462|24477&4&47.6680291162425|24479&4&51.11905701182073|24481&4&153.17636139893432|24496&4&622.1958116690768|24503&4&9.357308060957841|24505&4&7.960773946887684|24511&4&11.046788593408273|24513&4&7.592973960715194,2|24405&4&6.3434539525661435|24411&4&80.89596144615282|24420&4&37.73662321570616|24423&4&20.81879363366893|24425&4&201.15239060940067|24427&4&41.86284991040422|24428&4&14.795670881570448|24436&4&170.7950873733441|24444&4&79.756000750585|24445&4&16.74089728424504|24451&4&40.120715960062626|24452&4&1.148845955907992|24456&4&9.003163293673111|24457&4&110.63885970767609|24458&4&117.83155677739165|24465&4&429.4633751014423|24470&4&490.20556400458656|24475&4&36.00027031948463|24478&4&96.86840314112615|24485&4&21.448864498452885|24488&4&411.65456699845083|24490&4&295.3343191677204|24491&4&323.1543780084396|24494&4&126.26744590906864|24498&4&3.3048922732605903|24502&4&7.299705355968129|24507&4&3.465615823113536|24509&4&3.3439166390410766|24512&4&76.55919845155725,2|24401&4&73.46738359250236|24403&4&4.602345508470606|24407&4&732.3639307846171|24408&4&51.13063798348709|24409&4&569.7151076467604|24410&4&51.59709221502145|24411&4&1.3217906440731713|24413&4&17.61941750583066|24416&4&52.122914425963515|24425&4&7.740003442980536|24426&4&31.91098804697159|24427&4&0.46093881596219155|24433&4&62.80140009060551|24436&4&-2.042810365310288E-14|24441&4&16.856632673179345|24442&4&53.26754837631778|24443&4&244.26260359777152|24445&4&323.99091176559523|24452&4&1.9539925233402755E-14|24453&4&189.00718767496824|24463&4&396.26663438774585|24464&4&75.87689695863315|24466&4&328.05105895325755|24467&4&-5.773159728050814E-15|24475&4&52.618115302496555|24477&4&338.7887515049687|24480&4&16.539107427397578|24481&4&249.1556922886891|24484&4&407.8792181298822|24486&4&227.95231521508532|24489&4&2.3283744559643935|24506&4&7.506761898628815|24511&4&39.33368428660479|24513&4&22.271458305260545|24514&4&11.704529883075873,2|24400&4&96.367059204477|24404&4&359.5319566544252|24408&4&123.54995248181194|24411&4&316.5717221625777|24415&4&426.91877370394496|24420&4&242.49254145237583|24427&4&6.750927182180069|24428&4&29.794089915490456|24442&4&457.12773619187453|24445&4&115.01972702699436|24446&4&104.94649018017432|24447&4&94.07799065611331|24454&4&162.60231707485895|24474&4&28.270375446403385|24486&4&112.03070228042338|24491&4&178.32019448716676|24515&4&2.0516126542589017,2|24410&4&46.59489037186886|24413&4&6.451039103241538|24416&4&512.7689087351652|24422&4&39.20284359479969|24423&4&119.11351228286367|24427&4&15.368110449741277|24428&4&9.710233255179066|24441&4&649.4168830350663|24450&4&475.22605394172973|24452&4&378.63193959509124|24455&4&457.7805431245607|24457&4&3.662855487915842|24471&4&364.8505320607377|24483&4&511.1474982673968|24487&4&178.2280692434898|24489&4&181.1131326086864,2|24406&4&168.0224266546926|24410&4&53.57826948267896|24412&4&468.0068592528311|24414&4&510.0611898411254|24415&4&92.1315426863287|24424&4&426.8742978215141|24425&4&2.1094237467877974E-15|24426&4&288.4793151798656|24427&4&235.7763973534905|24428&4&415.19580086404113|24432&4&108.78130933477316|24433&4&173.64052093641192|24435&4&249.09222771769566|24436&4&86.10514764602792|24444&4&463.57505572386765|24449&4&398.5396614956561|24462&4&408.02265092451|24464&4&247.50233804599156|24469&4&1.882899880654749|24475&4&0.17955724334322704|24484&4&8.812057714638641|24492&4&331.88453527636443|24493&4&90.31883104510393|24495&4&242.91256392036576|24503&4&51.095203329217824,2|24397&4&400.45442776314206|24399&4&526.4836970837434|24400&4&394.96574537067505|24401&4&381.7413842717906|24403&4&459.085425500703|24405&4&67.52530059154418|24406&4&107.72114134400839|24408&4&409.3669657403335|24422&4&106.31589067049286|24429&4&-9.769962616701378E-15|24430&4&455.71856111651084|24431&4&501.0755909056018|24432&4&113.08993464115552|24433&4&46.77470951628148|24438&4&404.16194872411575|24448&4&248.4794975093463|24450&4&1.805306204172283|24455&4&-6.217248937900877E-15|24458&4&276.99475664415894|24459&4&212.0394899006452|24466&4&306.3953170622803|24475&4&98.981256482618|24482&4&2.5618155042378583|24485&4&131.0236279348541|24487&4&55.42572406419924|24493&4&350.0969609676776|24499&4&36.631457193150744|24504&4&59.051022831773004|24516&4&2.913921071520841,2|24402&4&471.4403855870733|24404&4&-9.769962616701378E-15|24405&4&105.68199292222262|24413&4&99.18058283083369|24418&4&145.22614224533538|24419&4&46.69788076409567|24429&4&458.1099660724269|24435&4&68.62890589491138|24436&4&291.7078643314926|24446&4&260.01742027522346|24447&4&20.260407925549686|24449&4&38.81251744517327|24451&4&253.58161897206656|24456&4&243.63707790076467|24461&4&152.2768859231704|24484&4&55.83591284647485|24494&4&250.94828208366738|24514&4&4.721599953940357,2|24398&4&109.45257539400762|24404&4&0.6912102793209708|24406&4&128.97855466109792|24413&4&76.79300299921283|24417&4&478.79530809699|24419&4&181.43881129097863|24423&4&3.3614814897246084|24425&4&1.4242429980523585|24431&4&8.919512774753382|24439&4&482.21528588012404|24440&4&410.94511000480986|24447&4&14.163485666894685|24448&4&85.48049438186327|24456&4&42.21497485780311|24457&4&243.9394611615295|24458&4&213.78735825895893|24459&4&196.0737149771578|24461&4&135.03969753461803|24462&4&60.00390544795926|24463&4&119.81783535557564|24467&4&62.43952118510309|24474&4&79.40113896905319|24480&4&306.70240905014805|24485&4&70.5427193149178|24486&4&32.77358800659266|24489&4&164.0061134946243|24497&4&2.7711692259940515|24500&4&8.06376304579447|24503&4&11.291015368339398|24505&4&8.158272844463541|24508&4&21.772937744246533|24514&4&5.672242664257957
39|4,130,1,1,1,1,1,1,1,1,1,1,1,1,1,1,1,1,1,1,1,1,1,1,1,1,1,1,1,1,1,1,1,1,1,1,1,1,1,1,1,1,1,1,1,1,1,1,1,1,1,1,1,1,1,1,1,1,1,1,1,1,1,1,1,1,1,1,1,1,1,1,1,1,1,1,1,1,1,1,1,1,1,1,1,1,1,1,1,1,1,1,1,1,1,1,1,1,1,1,1,1,0,0,0,0,0,0,0,0,0,0,0,0,0,0,0,0,0,0,0,0,2|24397&4&35.43321730300201|24404&4&65.24924135664183|24405&4&30.254534323503382|24410&4&105.46619849724773|24412&4&1.3550061149281007|24418&4&21.758025075999157|24422&4&6.436206398842616|24423&4&243.20060498058257|24424&4&117.2102686369746|24426&4&59.27185606868902|24437&4&494.7267562685288|24447&4&179.42563170064713|24454&4&113.00298487665626|24457&4&15.140031255743157|24460&4&622.631584379616|24467&4&285.39682199060235|24468&4&253.53985044021087|24471&4&125.03460897812485|24476&4&522.7288300302548|24478&4&191.90264859354278|24479&4&327.28324586200335|24482&4&574.559385168835|24487&4&284.42163241638735|24495&4&119.27910598991727|24499&4&8.31713543299342|24501&4&5.375558743623609,2|24398&4&124.98632186276494|24411&4&10.626471727705166|24412&4&39.95847757865485|24418&4&8.722046794278235|24420&4&39.81809144217043|24421&4&627.9213145627244|24425&4&24.754437071972855|24428&4&2.578135877092406|24429&4&75.72738409060213|24432&4&160.11313282971898|24434&4&451.7082617434663|24444&4&-9.325873406851315E-15|24451&4&326.2321503289289|24453&4&122.89067857229207|24462&4&60.03783814114055|24468&4&222.40301572430783|24469&4&409.50479916574403|24472&4&599.9113475190812|24473&4&547.0282324106076|24474&4&300.3928463777439|24477&4&37.68112076273779|24479&4&96.58251219191229|24481&4&142.47841146159726|24496&4&647.2952745372743|24499&4&9.013460105140819|24503&4&18.320330310714148|24505&4&15.933706339512758|24511&4&7.951833605392183|24513&4&5.484908291909729,2|24405&4&5.94698808053076|24411&4&75.60601071663125|24420&4&24.12431008530707|24423&4&19.51761903156462|24425&4&181.33656180680794|24427&4&72.11042526832102|24428&4&10.433521540216047|24436&4&140.8078846824019|24444&4&69.51380566981527|24445&4&56.7884118623935|24451&4&37.446001562725115|24452&4&0.5744229779539982|24456&4&8.440465587818542|24457&4&119.13647331162679|24458&4&92.79364924370009|24465&4&410.69843304861786|24470&4&456.3778571653384|24475&4&27.00020273961348|24478&4&143.22339427915827|24485&4&17.399073451616694|24488&4&377.1633421868549|24490&4&329.7968044100622|24491&4&372.82653197855666|24494&4&104.31431416641625|24498&4&2.647340211878533|24502&4&5.351091162479742|24507&4&2.774441155394237|24509&4&2.6783556391647325|24512&4&78.2361873609417,2|24401&4&57.08740443747487|24403&4&1.6700706072083746|24407&4&670.6434681150022|24408&4&38.018618550201424|24409&4&597.5363559669413|24410&4&97.07467885894016|24411&4&-1.2434497875801753E-14|24413&4&14.565796418534124|24416&4&95.51251885596794|24425&4&7.31000325170384|24426&4&20.608606378946842|24427&4&0.4338247679644156|24433&4&100.16402792994084|24441&4&8.409747502383217|24442&4&42.2873304846379|24443&4&243.64688370861768|24445&4&303.33523846477226|24453&4&163.65887718521773|24463&4&438.05828111839344|24464&4&71.92532555369415|24466&4&385.8526006669211|24475&4&51.09193339738082|24477&4&373.0809463032202|24480&4&11.900813056639727|24481&4&281.3223634084558|24484&4&459.58899374263103|24486&4&229.03816976958683|24489&4&-2.3092638912203256E-14|24506&4&5.491108809868495|24511&4&45.4123675064187|24513&4&29.246888678853463|24514&4&19.89077204865476,2|24400&4&76.94207374511313|24404&4&350.7745414458157|24408&4&109.54125955793809|24411&4&284.459406725015|24415&4&468.64716096708906|24420&4&223.8525652834338|24427&4&2.411022926807163|24428&4&26.980460022759424|24442&4&443.1114678856574|24445&4&97.483756763127|24446&4&84.45381299201898|24447&4&85.0092067268803|24454&4&144.18142317024308|24474&4&26.01354693160873|24486&4&101.13088997128916|24491&4&151.77789038500316|24515&4&1.6822094345723893,2|24410&4&35.00589257693076|24413&4&4.696729554795015|24416&4&458.61231713528133|24422&4&27.111645634435472|24423&4&107.16517076021731|24427&4&12.567873448552081|24428&4&8.563189760624956|24441&4&681.8678541090476|24450&4&502.0191076276923|24452&4&355.67592335300674|24455&4&421.97214979906914|24457&4&1.2749398596358221|24471&4&327.1580500185966|24483&4&529.2301627489704|24487&4&149.5224776511258|24489&4&160.48935433875866,2|24406&4&157.93721868902853|24410&4&49.82558185846656|24412&4&435.59293315809845|24414&4&473.7042485700173|24415&4&71.94413135921906|24424&4&470.0945829609081|24426&4&301.8288040699653|24427&4&215.97896960911268|24428&4&465.77874068211673|24432&4&100.31143539081054|24433&4&158.59938485385976|24435&4&228.27271159911024|24436&4&79.73809932793945|24444&4&441.8574464827656|24449&4&421.80519208143323|24462&4&379.61356104178986|24464&4&215.159659088572|24469&4&1.7259915572668532|24475&4&0.1436457946745816|24484&4&2.958956122634357|24492&4&305.15890489811216|24493&4&74.67648084117013|24495&4&299.26431049365243|24503&4&48.00107040414502,2|24397&4&446.1729331672796|24399&4&514.595473568153|24400&4&444.9279920759373|24401&4&408.08631462262616|24403&4&441.62478341558386|24405&4&50.57286911405745|24406&4&90.07198285739705|24408&4&454.46704924050186|24422&4&102.04335084930403|24430&4&468.3811473580586|24431&4&526.8161771912204|24432&4&87.03397821418336|24433&4&31.67513997558627|24438&4&430.7137633917489|24448&4&218.08731983818706|24450&4&1.3322676295501878E-15|24458&4&255.72482869969218|24459&4&187.0489691309806|24466&4&274.7133902791611|24475&4&90.10648705782387|24482&4&1.0658141036401503E-14|24485&4&116.56971796083513|24487&4&51.28666908393956|24493&4&396.80795385448624|24499&4&34.63833591721254|24504&4&61.102768455458005|24516&4&2.347848942787355,2|24402&4&500.07620461292424|24405&4&97.2418239006777|24413&4&117.46535478233734|24418&4&123.01023845034204|24419&4&44.04721651925981|24429&4&418.01809815266597|24435&4&71.243954101274|24436&4&321.76494556755426|24446&4&302.9902047004218|24447&4&14.48065579820362|24449&4&25.992514312815846|24451&4&218.20872449239747|24456&4&216.6505163238607|24461&4&209.07635782273485|24484&4&48.02980147747883|24494&4&308.88797332014394|24514&4&2.876855066732432,2|24398&4&146.70807578703793|24404&4&0.34560513966048645|24406&4&190.83683776411777|24413&4&65.78690930815121|24417&4&506.58682013427136|24419&4&185.34066785465177|24423&4&1.660280117525651|24425&4&0.7121214990261828|24431&4&6.262611275883918|24439&4&511.2364599415519|24440&4&404.43854414120744|24447&4&11.802904722412237|24448&4&129.6013476161014|24456&4&99.58032320536313|24457&4&222.62041876334746|24458&4&230.57179553448645|24459&4&246.48238853302473|24461&4&110.49512193188144|24462&4&82.92622539007368|24463&4&97.57456032911958|24467&4&78.95064073232334|24474&4&64.64954644449763|24480&4&285.7187900616081|24485&4&95.37956544449229|24486&4&21.121113131730354|24489&4&192.44790738723836|24497&4&2.0906811621872183|24500&4&5.824769468282652|24503&4&8.152890901328924|24505&4&5.918153247542053|24508&4&28.093649837991613|24514&4&4.6407991864180245
40|4,130,1,1,1,1,1,1,1,1,1,1,1,1,1,1,1,1,1,1,1,1,1,1,1,1,1,1,1,1,1,1,1,1,1,1,1,1,1,1,1,1,1,1,1,1,1,1,1,1,1,1,1,1,1,1,1,1,1,1,1,1,1,1,1,1,1,1,1,1,1,1,1,1,1,1,1,1,1,1,1,1,1,1,1,1,1,1,1,1,1,1,1,1,1,1,1,1,1,1,1,1,0,0,0,0,0,0,0,0,0,0,0,0,0,0,0,0,0,0,0,0,2|24397&4&24.109688357878888|24404&4&52.9519853459503|24405&4&28.36362592828442|24410&4&92.47888982428012|24412&4&-5.773159728050814E-15|24418&4&202.40848766075368|24422&4&5.594559389780527|24423&4&292.58790540123437|24424&4&94.16699571347729|24426&4&51.18471324067634|24437&4&493.055592702792|24447&4&185.39227074191177|24454&4&106.7462971008291|24457&4&14.193779302259209|24460&4&621.9947363474245|24467&4&262.12910660388127|24468&4&225.0965755517458|24471&4&167.38738845005616|24476&4&499.51314262965974|24478&4&165.45372496937392|24479&4&293.1675918603048|24482&4&595.5811111792541|24487&4&330.9086389607915|24495&4&98.37218225826761|24499&4&5.598543628349285|24501&4&3.732608784022959,2|24398&4&104.38729200275688|24411&4&5.441653024439956|24412&4&37.960553699722105|24418&4&8.051120117795293|24420&4&63.546816407843394|24421&4&578.8547553830665|24425&4&22.804042074372756|24428&4&1.865174681370263E-14|24429&4&139.38537292109646|24432&4&179.0071646491689|24434&4&460.48110205649397|24451&4&321.92363001287134|24453&4&189.32619402722202|24462&4&45.65500936998723|24464&4&13.371347615979726|24468&4&269.5156677605796|24469&4&439.722001408229|24472&4&618.392937599591|24473&4&494.7578574168991|24474&4&352.77076654044015|24477&4&30.84311489312558|24479&4&147.66780867448986|24481&4&131.78046152426018|24496&4&671.698721837326|24499&4&17.60767909746358|24503&4&26.513322970397034|24505&4&23.102112285075506|24511&4&5.3377309808319735|24513&4&3.688777877356804,2|24405&4&5.5505222084953765|24411&4&70.31605998710967|24420&4&10.511996954907985|24423&4&18.216444429460314|24425&4&161.52073300421523|24427&4&113.08497961473088|24428&4&6.071372198861646|24436&4&114.40376314862642|24444&4&59.27161058904551|24445&4&103.03291232522469|24451&4&34.771287165387605|24452&4&4.440892098500626E-15|24456&4&7.8777678819639725|24457&4&165.6485848309277|24458&4&70.82410081066377|24465&4&407.4414723181676|24470&4&452.5486670221034|24475&4&18.000135159742335|24478&4&186.2265895588067|24485&4&13.349282404780503|24488&4&358.6491421325222|24490&4&364.6121524318523|24491&4&351.04667302067435|24494&4&84.60127241070128|24498&4&1.9897881504964758|24502&4&3.694711230544203|24507&4&2.083266487674938|24509&4&2.012794639288389|24512&4&71.13156218148966,2|24401&4&42.12841441903858|24403&4&5.773159728050814E-15|24407&4&648.6444941348346|24408&4&26.41939970742647|24409&4&623.0381743422615|24410&4&149.56102418791326|24413&4&13.335453295048183|24416&4&141.07626109649925|24425&4&6.880003060427144|24426&4&12.528161534286175|24427&4&0.40671071996663966|24433&4&142.56545810550796|24441&4&2.7607683906275087|24442&4&34.15250581494303|24443&4&258.05437108144565|24445&4&282.67956516394935|24453&4&142.4820700064874|24463&4&483.6933438935936|24464&4&67.97375414875515|24466&4&436.0026685519403|24475&4&48.17930164235688|24477&4&404.8753824318748|24480&4&7.33438852820429|24481&4&323.85402057040335|24484&4&513.5127251578966|24486&4&251.6232605780119|24506&4&5.633768108704693|24511&4&50.92900684491874|24513&4&35.910851198772896|24514&4&27.399646998064508,2|24400&4&59.11429101917645|24404&4&376.083618451088|24408&4&95.53256663406421|24411&4&252.3470912874522|24415&4&503.0962141688571|24420&4&205.21258911449175|24425&4&9.532603559338039|24427&4&1.0658141036401503E-14|24428&4&24.166830130028394|24442&4&474.07617595471436|24445&4&83.15268756502354|24446&4&66.10765882085343|24447&4&75.94042279764726|24454&4&125.76052926562724|24474&4&23.75671841681408|24486&4&90.23107766215495|24491&4&199.44093135475782|24512&4&9.333290030101999|24515&4&1.312806214885877,2|24410&4&24.145881215477623|24413&4&2.9424200063484913|24416&4&407.5536075246858|24422&4&15.02044767407126|24423&4&95.21682923757092|24427&4&9.767636447362884|24428&4&7.416146266070847|24441&4&705.9828861191884|24450&4&524.9831403507524|24452&4&385.81683258384413|24455&4&386.16375647357773|24457&4&-3.1086244689504383E-15|24471&4&291.78904703063347|24483&4&551.0900358996398|24487&4&124.27641911840195|24489&4&139.86557606883093,2|24406&4&147.85201072336446|24410&4&46.072894234254164|24412&4&403.1790070633659|24414&4&475.0743312980857|24415&4&54.155094255134046|24424&4&502.67117495838477|24426&4&324.790562174684|24427&4&196.18154186473487|24428&4&502.81449722065213|24432&4&91.84156144684793|24433&4&143.55824877130757|24435&4&207.4531954805248|24436&4&73.371051009851|24444&4&480.4226001140523|24449&4&435.94089963939524|24462&4&351.2044711590698|24464&4&186.05881552429332|24469&4&1.5690832338789573|24475&4&0.10773434600593616|24484&4&-2.5757174171303632E-14|24492&4&278.43327451986|24493&4&59.22571780753283|24495&4&348.85466458537314|24503&4&44.90693747907222,2|24397&4&484.4000697593367|24399&4&518.9390002341829|24400&4&493.8599411839654|24401&4&440.6261265275275|24403&4&464.1490411841224|24405&4&34.046741901766296|24406&4&73.25588468626442|24408&4&503.3741395938827|24422&4&95.78975093997289|24430&4&482.67853328913645|24431&4&489.607971860776|24432&4&70.94198730734269|24433&4&19.787359570055745|24438&4&455.71790634160425|24448&4&187.89050951826914|24458&4&234.45490075522542|24459&4&164.91153026070194|24466&4&245.81887510842625|24475&4&81.23171763302975|24485&4&102.11580798681621|24487&4&47.14761410367988|24493&4&442.4191017951894|24499&4&32.64521464127433|24504&4&62.945343169657086|24516&4&1.7817768140538681,2|24402&4&531.7397620818452|24405&4&88.80165487913277|24413&4&142.99361255458916|24418&4&101.77940250422989|24419&4&41.396552274423954|24429&4&377.926230232905|24435&4&86.57413229902744|24436&4&362.68305575311297|24446&4&344.31386464733674|24447&4&9.695132419700613|24449&4&13.172511180458422|24451&4&186.56431826015506|24456&4&189.66395474695665|24461&4&258.6406528988694|24484&4&40.2236901084828|24494&4&360.90369648912355|24514&4&1.4626972106382454,2|24398&4&187.47522012429474|24404&4&2.1094237467877974E-15|24406&4&248.80890172752763|24413&4&54.78081561708959|24417&4&461.99364828366055|24419&4&203.01549430486307|24423&4&5.773159728050814E-15|24425&4&7.105427357601002E-15|24431&4&3.605709777014454|24439&4&533.8378665450375|24440&4&416.0747343622741|24447&4&9.442323777929788|24448&4&169.75824992808367|24456&4&158.16051589805045|24457&4&201.30137636516542|24458&4&269.79678872754164|24459&4&290.41115097586265|24461&4&89.03541016415274|24462&4&141.44768446251769|24463&4&77.40977516790049|24467&4&103.75839735308585|24474&4&50.10376899510054|24480&4&264.7351710730683|24485&4&90.0454751046154|24486&4&11.652295137243593|24489&4&226.6087518192145|24497&4&1.4101930983803859|24500&4&4.877258674520968|24503&4&5.490699634229056|24505&4&4.006665886592614|24508&4&33.81061754197665|24514&4&3.609355708578092
41|4,130,1,1,1,1,1,1,1,1,1,1,1,1,1,1,1,1,1,1,1,1,1,1,1,1,1,1,1,1,1,1,1,1,1,1,1,1,1,1,1,1,1,1,1,1,1,1,1,1,1,1,1,1,1,1,1,1,1,1,1,1,1,1,1,1,1,1,1,1,1,1,1,1,1,1,1,1,1,1,1,1,1,1,1,1,1,1,1,1,1,1,1,1,1,1,1,1,1,1,1,1,0,0,0,0,0,0,0,0,0,0,0,0,0,0,0,0,0,0,0,0,2|24397&4&15.710323052855873|24404&4&40.65472933525878|24405&4&215.35702683118592|24410&4&79.49158115131249|24411&4&4.287332168656343|24417&4&28.692126515338384|24418&4&195.13684992968822|24422&4&115.83459572695874|24423&4&337.78442548504705|24424&4&74.18802461329142|24426&4&43.09757041266365|24437&4&504.2454972219178|24447&4&207.3660471567162|24454&4&139.74880844910172|24457&4&13.247527348775261|24460&4&618.5305911226186|24467&4&238.8613912171601|24468&4&197.09775843747713|24471&4&214.074530491617|24476&4&460.7478797985505|24478&4&140.59119949037|24479&4&262.15126095711423|24480&4&23.077212941344133|24482&4&609.1419099381383|24487&4&332.32406462550205|24495&4&78.53641146481982|24499&4&3.3863724969636935|24501&4&2.377208505809957,2|24398&4&85.3147154211915|24411&4&1.8565348906339842|24412&4&61.637786590853196|24418&4&7.380193441312351|24420&4&96.23456000803151|24421&4&578.1027010927972|24425&4&20.853647076772656|24429&4&205.9371617817775|24432&4&218.5520105536271|24434&4&480.9009424934069|24451&4&334.3971661470842|24453&4&246.4704965558093|24462&4&31.349604457749365|24464&4&33.09804496760791|24468&4&322.33274704300834|24469&4&400.51469141985183|24472&4&632.1691659172649|24473&4&445.90565904110576|24474&4&331.49864095149104|24477&4&24.276531801861505|24479&4&210.86120089986886|24481&4&121.08251158692312|24496&4&695.0282134467307|24499&4&25.586595705621235|24503&4&34.517491522286655|24505&4&29.8859859409091|24511&4&3.2259223388899656|24513&4&2.201207180588719,2|24405&4&5.154056336459993|24411&4&65.0261092575881|24420&4&6.533070442895965|24423&4&16.915269827356006|24425&4&141.70490420162255|24427&4&160.91310582571208|24428&4&1.7092228575072443|24436&4&91.14681696454811|24444&4&49.02941550827576|24445&4&152.93087396650392|24451&4&32.096572768050095|24456&4&7.315070176109403|24457&4&211.6762591304486|24458&4&52.24005133842422|24465&4&415.1412494630306|24470&4&458.45543179080215|24475&4&9.000067579871189|24478&4&233.7013316032195|24485&4&9.299491357944312|24488&4&357.9254340242879|24490&4&397.6571827897132|24491&4&329.266814062792|24494&4&67.20049049926152|24498&4&1.3322360891144187|24502&4&2.335879990734523|24507&4&1.3920918199556382|24509&4&1.347233639412045|24512&4&64.5244450178628,2|24401&4&28.956798444586887|24407&4&652.9491212977689|24408&4&16.579595774343552|24409&4&645.2982618320643|24410&4&202.37188178418472|24413&4&12.105110171562231|24416&4&201.13487748679182|24425&4&6.450002869150447|24426&4&7.694616142553308|24427&4&0.3795966719688637|24433&4&136.89395803041123|24441&4&-2.4868995751603507E-14|24442&4&26.017681145248144|24443&4&280.85395964296646|24445&4&262.0238918631264|24453&4&124.56212871104111|24455&4&34.63335568451421|24463&4&526.2916681408485|24464&4&64.02218274381616|24466&4&423.2923343381228|24475&4&45.266669887332945|24477&4&437.25257884461695|24480&4&3.7396582635447366|24481&4&376.25396194106105|24484&4&558.2070724908995|24486&4&280.94428211382774|24506&4&11.609009830880062|24511&4&55.801624712374654|24513&4&41.916968617672026|24514&4&34.71531588611714,2|24398&4&46.57037675463401|24400&4&43.13230601892586|24404&4&392.13245000433454|24408&4&81.52387371019036|24411&4&220.23477584988947|24415&4&469.7220197636595|24420&4&186.5726129455497|24425&4&29.565898724982453|24428&4&21.353200237297358|24436&4&59.944036212140155|24442&4&503.0526590785219|24445&4&69.26254534241454|24446&4&50.07327865285586|24447&4&66.87163886841424|24454&4&107.33963536101139|24474&4&21.49988990201943|24486&4&79.33126535302073|24491&4&246.2654151247557|24512&4&18.648516806195126|24515&4&0.9434029951993647,2|24410&4&15.027061634542402|24413&4&1.1881104579019686|24416&4&360.18293247840626|24422&4&2.9292497137070455|24423&4&83.26848771492456|24427&4&6.967399446173687|24428&4&6.269102771516737|24441&4&729.791766025513|24450&4&547.6792056722451|24452&4&408.5987242078066|24455&4&350.3553631480864|24469&4&71.17288907735266|24471&4&256.67047515569766|24475&4&7.941442828809421|24483&4&571.0544447738057|24487&4&102.3413011051941|24489&4&119.32327392022204|24502&4&5.143830145764127,2|24406&4&137.7668027577004|24410&4&42.32020661004177|24412&4&370.7650809686333|24414&4&480.7317560738085|24415&4&38.831307339951564|24424&4&511.6151299029896|24426&4&353.3206867001245|24427&4&176.38411412035708|24428&4&480.124758094174|24432&4&83.37168750288535|24433&4&128.5171126887554|24435&4&186.63367936193941|24436&4&67.00400269176254|24444&4&504.7684193924173|24449&4&451.61196778266367|24462&4&322.7953812763497|24464&4&160.0861533666249|24469&4&1.4121749104910615|24475&4&0.07182289733729072|24492&4&251.70764414160777|24493&4&44.868961729565974|24495&4&396.65374404101675|24503&4&41.81280455399942,2|24397&4&524.0638974780186|24399&4&522.8332133466566|24400&4&535.4961497326269|24401&4&451.32373461374505|24403&4&484.5025603137451|24405&4&17.887669249355188|24406&4&57.52213503950103|24408&4&550.2372968593129|24422&4&89.53615103064175|24430&4&507.0391760126074|24431&4&452.3997665303316|24432&4&56.44141303523286|24433&4&10.89438209923082|24438&4&492.3345394627964|24448&4&158.81274950246254|24458&4&213.18497281075872|24459&4&145.80798603553157|24466&4&219.5321098079387|24475&4&72.35694820823562|24485&4&87.66189801279725|24487&4&43.0085591234202|24493&4&411.53223363842756|24499&4&30.65209336533612|24504&4&64.9537174808751|24516&4&1.2157046853203815,2|24402&4&569.46506739091|24405&4&80.36148585758784|24413&4&172.02362118593322|24418&4&82.47201466513872|24419&4&38.745888029588095|24429&4&338.42523226857105|24435&4&118.97682792797076|24436&4&341.22897821114293|24446&4&381.942434233508|24447&4&5.360320049562587|24449&4&0.35250804810099884|24451&4&157.92142960297176|24456&4&163.1374545891062|24461&4&318.2575740753472|24484&4&32.41757873948677|24494&4&414.7552818573241|24514&4&0.49890835692742325,2|24398&4&177.11925948256084|24406&4&298.8869644871889|24413&4&43.774721926027965|24417&4&416.1879441280825|24419&4&226.07498753457787|24431&4&1.3268619495136282|24439&4&550.5543922189288|24440&4&436.83024868541577|24447&4&7.08174283344734|24448&4&203.23073719691732|24456&4&205.0228487970595|24457&4&179.9823339669834|24458&4&310.53884365799274|24459&4&327.5758241028779|24461&4&70.9292235954465|24462&4&212.8764024128157|24463&4&59.470320540760234|24467&4&144.7492298667497|24474&4&36.76023093483252|24480&4&243.75155208452833|24485&4&84.71138476473854|24486&4&4.683863950712829|24489&4&266.9092441506296|24497&4&0.7297050345735534|24500&4&10.77499245829034|24503&4&3.3291956771298254|24505&4&2.4149773627294087|24508&4&39.31788432690124|24514&4&2.5779122307381597
42|4,130,1,1,1,1,1,1,1,1,1,1,1,1,1,1,1,1,1,1,1,1,1,1,1,1,1,1,1,1,1,1,1,1,1,1,1,1,1,1,1,1,1,1,1,1,1,1,1,1,1,1,1,1,1,1,1,1,1,1,1,1,1,1,1,1,1,1,1,1,1,1,1,1,1,1,1,1,1,1,1,1,1,1,1,1,1,1,1,1,1,1,1,1,1,1,1,1,1,1,1,1,0,0,0,0,0,0,0,0,0,0,0,0,0,0,0,0,0,0,0,0,2|24397&4&9.930007686388835|24404&4&28.35747332456725|24405&4&206.130878507871|24410&4&66.50427247834486|24411&4&18.11000933737852|24417&4&66.95506149702283|24418&4&184.81687139822742|24422&4&109.43886455058464|24423&4&373.7456821432047|24424&4&57.177072970159024|24426&4&35.01042758465097|24437&4&468.61861724650987|24447&4&234.45031084348804|24454&4&181.67773828853407|24457&4&12.301275395291313|24460&4&565.7459178532006|24467&4&215.59367583043894|24468&4&169.8182015987221|24471&4&251.3420412861598|24476&4&433.30047105500955|24478&4&117.66139075463795|24479&4&231.30630965760724|24480&4&51.314464961467806|24482&4&623.9730971363747|24487&4&346.7236245724471|24495&4&60.21702849243569|24499&4&1.7053686468982336|24501&4&1.3033853105189672,2|24398&4&68.45184220513742|24411&4&-7.105427357601002E-15|24412&4&107.34839453948311|24418&4&6.70926676482941|24420&4&149.59477478667787|24421&4&593.6022848087698|24425&4&18.903252079172557|24429&4&270.0003813591009|24432&4&257.16550144254126|24434&4&460.33370757024977|24451&4&352.9147101600051|24453&4&302.75167269835794|24462&4&20.246934584458625|24464&4&90.87672823269389|24468&4&366.2292986382285|24469&4&363.9624096415732|24472&4&656.5046547797125|24473&4&400.5871380424597|24474&4&332.7160995828652|24477&4&19.060523341500804|24479&4&272.71699046662127|24481&4&110.38456164958602|24496&4&717.1648152041377|24499&4&33.180695987031925|24503&4&41.63496960485824|24505&4&36.13953812557865|24511&4&1.6111615113574143|24513&4&1.01433936952696,2|24405&4&4.757590464424609|24411&4&59.736158528066525|24420&4&3.6917283398271508|24423&4&15.614095225251699|24425&4&121.88907539902982|24427&4&214.59407698918716|24428&4&-1.199040866595169E-14|24431&4&32.55732384052129|24436&4&71.30632344194254|24444&4&38.78722042750601|24445&4&205.95936188357555|24451&4&29.421858370712584|24456&4&6.752372470254834|24457&4&265.74604057625857|24458&4&36.70427584679176|24461&4&70.25825918774832|24465&4&438.9962487245019|24470&4&476.4602590370471|24475&4&4.263256414560601E-14|24478&4&278.55643584528383|24481&4&88.38793638312573|24485&4&0.0|24488&4&356.9715673254045|24490&4&365.1260755375218|24491&4&307.4869551049096|24494&4&52.043605473828805|24498&4&4.745887586043388|24502&4&1.2714682236473338|24507&4&0.7009171522363388|24509&4&0.6816726395357011|24512&4&58.45646778089704,2|24401&4&17.853066875426364|24407&4&659.8034182013903|24408&4&8.737949529608207|24409&4&669.3516998238842|24410&4&232.15451301450906|24413&4&10.87476704807628|24416&4&263.7278258052225|24425&4&6.020002677873751|24426&4&2.86107075082044|24427&4&0.35248262397108776|24433&4&151.04975261720514|24442&4&18.345740536621918|24443&4&300.8583616729252|24445&4&241.36821856230344|24453&4&106.64218741559483|24455&4&74.24459238133937|24463&4&564.9405160127292|24464&4&60.07061133887715|24466&4&444.97472992791415|24475&4&42.354038132309|24477&4&466.75484818298213|24480&4&1.5438871465453834|24481&4&344.7196049124282|24484&4&605.3269031929437|24486&4&308.9306777822138|24506&4&18.341359075651308|24511&4&60.28395004330609|24513&4&47.48588358296772|24514&4&42.01031501396123,2|24398&4&103.22259635897251|24400&4&29.04524325440019|24404&4&406.2050463845128|24408&4&67.51518078631648|24411&4&188.1224604123267|24415&4&436.34782535846193|24420&4&167.93263677660764|24425&4&57.8784474447222|24428&4&18.53957034456633|24436&4&125.05313948663135|24442&4&523.664229548496|24445&4&57.03466312263633|24446&4&36.388539983406716|24447&4&57.80285493918119|24454&4&88.91874145639554|24473&4&0.8166063155884833|24474&4&19.243061387224778|24475&4&10.482480078587905|24485&4&0.0|24486&4&68.4314530438865|24491&4&285.140442754454|24512&4&27.564590935525906|24515&4&0.5739997755128523,2|24410&4&7.856439248094033|24413&4&-5.329070518200751E-15|24416&4&316.0829809662582|24422&4&0.5026360018138727|24423&4&71.3201461922782|24427&4&4.16716244498449|24428&4&5.122059276962626|24441&4&739.1882011371674|24450&4&501.27237096240697|24452&4&430.709659853787|24455&4&314.5469698225949|24469&4&139.4200365377016|24471&4&222.41893912900673|24475&4&7.54437068736895|24483&4&585.5375397575189|24487&4&83.31005528718532|24489&4&99.383426401067|24502&4&12.222187894053667,2|24397&4&51.00403523880914|24406&4&127.68159479203631|24410&4&38.56751898582938|24412&4&338.35115487390067|24414&4&487.1423535089323|24415&4&25.961936419635474|24424&4&476.6960157448945|24426&4&383.58931152950413|24427&4&156.5866863759793|24428&4&454.28676153148865|24432&4&74.90181355892274|24433&4&113.4759766062032|24435&4&165.814163243354|24436&4&60.63695437367409|24444&4&546.2059875419143|24449&4&455.529610886896|24462&4&294.3862913936296|24464&4&136.83698428686256|24469&4&1.2552665871031656|24475&4&0.03591144866864528|24492&4&224.98201376335555|24493&4&32.050796875685506|24495&4&433.54209703244175|24503&4&38.718671628926614,2|24397&4&488.76810017813915|24399&4&533.1732880216205|24400&4&575.1097167999642|24401&4&458.32467329418915|24403&4&507.87729476101043|24405&4&3.271329353531188|24406&4&43.26946375197906|24408&4&586.4585867716489|24422&4&83.28255112131059|24430&4&530.7639748472127|24431&4&415.1915611998872|24432&4&42.901756806109915|24433&4&4.83738071951127|24438&4&524.6142609077837|24448&4&139.61551242424855|24458&4&191.915044866292|24459&4&127.38248347265188|24466&4&196.12808627979786|24475&4&63.4821787834415|24485&4&0.0|24487&4&38.86950414316051|24493&4&389.9908981048571|24499&4&28.658972089397913|24504&4&66.94902006667492|24516&4&0.6496325565868948,2|24402&4&602.6844299023691|24405&4&71.9213168360429|24413&4&212.53469262407341|24418&4&65.19647857917371|24419&4&36.095223784752235|24429&4&300.356432216093|24435&4&156.4352488868528|24436&4&319.77490066917284|24446&4&396.5618015781239|24447&4&1.9624254873516445|24449&4&2.3314683517128287E-15|24451&4&132.81080969756647|24456&4&138.02332657552722|24461&4&300.0294996584628|24484&4&24.611467370490743|24494&4&458.6466634412534|24514&4&1.1102230246251565E-16,2|24398&4&166.76329884082696|24406&4&349.7636391379021|24413&4&32.76862823496634|24417&4&372.23444122030145|24419&4&244.0874530424094|24431&4&5.329070518200751E-15|24439&4&570.8585216287952|24440&4&463.2790150280663|24447&4&4.721161888964891|24448&4&243.1302270360505|24456&4&241.38946598833346|24457&4&158.66329156880133|24458&4&360.0080230991957|24459&4&373.03872242759684|24461&4&55.8888676041301|24462&4&268.49489641602804|24463&4&43.878691998324285|24467&4&191.8774716807544|24474&4&24.952254327844358|24480&4&222.76793309598833|24485&4&0.0|24486&4&0.7980957624754397|24489&4&250.33389814491125|24497&4&0.2422671144022664|24500&4&17.586881473112193|24503&4&1.6850530088404407|24505&4&1.2614845399461037|24508&4&44.816930028477465|24514&4&1.5464687528982273
43|4,130,1,1,1,1,1,1,1,1,1,1,1,1,1,1,1,1,1,1,1,1,1,1,1,1,1,1,1,1,1,1,1,1,1,1,1,1,1,1,1,1,1,1,1,1,1,1,1,1,1,1,1,1,1,1,1,1,1,1,1,1,1,1,1,1,1,1,1,1,1,1,1,1,1,1,1,1,1,1,1,1,1,1,1,1,1,1,1,1,1,1,1,1,1,1,1,1,1,1,1,1,0,0,0,0,0,0,0,0,0,0,0,0,0,0,0,0,0,0,0,0,2|24397&4&7.128159530104067|24404&4&16.060217313875718|24405&4&194.6903058709055|24410&4&53.516963805377245|24411&4&51.74691321313752|24417&4&105.42809859488625|24418&4&174.49689286676661|24422&4&127.3337937047377|24423&4&411.48205553337954|24424&4&43.18511175073418|24426&4&26.92328475663828|24437&4&457.4192039315824|24447&4&263.3644480866921|24454&4&211.64392409072795|24457&4&11.355023441807365|24460&4&513.2368670870111|24467&4&192.32596044371783|24468&4&143.7853583331933|24471&4&295.57481794015115|24476&4&415.29959428360985|24478&4&96.80280512335918|24479&4&202.05531956573594|24480&4&84.39600095666853|24482&4&631.5477233722519|24487&4&368.54157466956366|24495&4&44.29007370711455|24499&4&0.5696115176605359|24501&4&0.5107634942393202,2|24398&4&54.03594695307115|24412&4&157.00919674032065|24418&4&6.038340088346469|24420&4&200.4746134416687|24421&4&606.8003932422249|24425&4&16.952857081572457|24429&4&323.5521128566038|24432&4&301.4930603772327|24434&4&453.33679110180935|24451&4&377.84251337189625|24453&4&357.5800113099517|24462&4&12.258615147724248|24464&4&147.75300025583437|24468&4&404.7637120730336|24469&4&330.3422835506598|24472&4&681.3428238234203|24473&4&358.3345287155383|24474&4&348.29322581004794|24477&4&14.609818445903617|24479&4&335.0139672330962|24481&4&99.68661171224895|24496&4&751.258163368339|24499&4&40.18739434092997|24503&4&49.19914333017204|24505&4&42.25692506777196|24511&4&0.5354065916682038|24513&4&0.3051283865673443,2|24405&4&4.361124592389226|24411&4&54.446207798544954|24420&4&1.3635636644252267|24423&4&14.312920623147392|24425&4&102.14040782152756|24427&4&261.65020179794135|24431&4&69.12712189253236|24436&4&54.62282210212702|24444&4&28.980859687464196|24445&4&258.04831389955325|24451&4&26.747143973375074|24456&4&6.189674764400264|24457&4&306.06914153644095|24458&4&24.624312829924474|24461&4&149.2609678457079|24465&4&461.6143835141485|24470&4&507.6200031908914|24478&4&325.51358243142624|24481&4&176.4825897237897|24488&4&352.80674906726915|24490&4&376.1442087279098|24491&4&285.70709614702724|24494&4&38.98800069952833|24498&4&4.0869322900953735|24502&4&0.496640019633733|24507&4&6.2438442985540705|24509&4&0.2213850666241644|24512&4&52.94409971593938,2|24401&4&8.981396718956248|24407&4&678.5539251191383|24408&4&2.9843151759618727|24409&4&691.1193342295217|24410&4&263.66811511417984|24413&4&9.644423924590328|24416&4&335.6226057307105|24425&4&5.590002486597054|24426&4&-9.769962616701378E-15|24427&4&0.3253685759733118|24433&4&193.16296889169408|24442&4&11.609387787276757|24443&4&329.0459608882551|24445&4&220.7125452614805|24453&4&89.71867133781518|24455&4&76.03537806718857|24463&4&599.9724668269122|24464&4&56.119039933938154|24466&4&498.96608536506466|24475&4&39.44140637728507|24477&4&498.461095191968|24480&4&-1.021405182655144E-14|24481&4&316.57872574000737|24484&4&569.8243067304858|24486&4&343.4066348723214|24506&4&25.436341494751375|24511&4&64.77332354040429|24513&4&52.58054715614235|24514&4&49.12762906250199,2|24398&4&157.34353862152295|24400&4&17.55077233555193|24404&4&413.22203230877864|24408&4&53.50648786244261|24411&4&156.01014497476396|24415&4&402.9736309532643|24418&4&12.69441071342426|24420&4&149.29266060766562|24425&4&89.45243401287578|24428&4&71.91431990871325|24436&4&186.71293265043886|24441&4&76.5449250540533|24442&4&547.7018559944869|24445&4&46.43736966689545|24446&4&25.110207367604275|24447&4&48.73407100994815|24449&4&53.886220506148454|24454&4&70.49784755177969|24473&4&20.084106039588033|24474&4&16.986232872430126|24475&4&24.84542239098616|24485&4&174.04767129190193|24486&4&57.531640734752294|24491&4&329.2129975027699|24512&4&35.717993132696094|24515&4&0.20459655582634004,2|24410&4&2.8352723946556804|24416&4&275.6565041422139|24422&4&8.881784197001252E-16|24423&4&59.37180466963183|24427&4&1.518381259498374|24428&4&3.9750157824085166|24441&4&675.7757477724659|24450&4&469.2146792729878|24452&4&447.5823620369473|24455&4&279.02753569534246|24469&4&212.3925798298883|24471&4&189.64191620903227|24475&4&7.147298545928479|24483&4&604.1873171190194|24487&4&67.29065956480727|24489&4&80.6028343381594|24498&4&6.691909939814991|24502&4&19.78997115848769,2|24397&4&91.8961271199775|24406&4&117.59638682637225|24410&4&34.81483136161698|24412&4&305.9372287791681|24414&4&504.0834395819824|24415&4&15.872626470843667|24424&4&441.7769015867993|24426&4&403.775402710368|24427&4&136.7892586316015|24428&4&420.48397353307996|24432&4&66.43193961496013|24433&4&98.43484052365102|24435&4&144.99464712476856|24436&4&54.269906055585636|24444&4&566.3182632282665|24449&4&420.0176317695783|24462&4&265.9772015109096|24464&4&116.27873401694409|24469&4&1.0983582637152698|24475&4&-1.6653345369377348E-16|24492&4&234.87377933369876|24493&4&21.132163469438527|24495&4&473.3282379559705|24503&4&35.624538703853815,2|24397&4&453.47230287825994|24399&4&497.5840200129569|24400&4&551.353904371241|24401&4&474.9062040281417|24403&4&518.4800395299999|24405&4&0.8044588122087943|24406&4&30.71931297413635|24408&4&628.8789200516466|24422&4&77.02895121197945|24430&4&565.0189959377343|24431&4&377.98335586944285|24432&4&30.760664859878045|24433&4&1.543216122425982|24438&4&566.6028927065096|24448&4&122.18824243015104|24458&4&170.64511692182523|24459&4&110.28820493370881|24466&4&174.3313625668254|24475&4&54.607409358647374|24487&4&34.73044916290084|24493&4&392.10769169079254|24499&4&26.665850813459706|24504&4&69.05826046471847|24516&4&0.2140747797811585,2|24402&4&641.3899379775531|24405&4&63.481147814497966|24413&4&247.18538730528928|24418&4&49.89582356098677|24419&4&33.444559539916376|24429&4&264.1749711607915|24435&4&199.27693814396713|24436&4&298.32082312720286|24446&4&377.4602900609756|24447&4&3.1086244689504383E-15|24451&4&110.59472614088557|24456&4&114.64585937282855|24461&4&281.8014252415785|24484&4&16.96765249390957|24489&4&14.596083819408115|24494&4&441.0127442094397,2|24398&4&156.40733819909306|24406&4&391.25621703911787|24413&4&21.762534543904717|24417&4&330.4192461098558|24419&4&271.7984899854568|24439&4&584.7689852171151|24440&4&497.3123529340268|24447&4&2.3605809444824435|24448&4&299.07600893864713|24456&4&289.41856804050514|24457&4&137.34424917061932|24458&4&411.95475351543666|24459&4&406.2247166516266|24461&4&43.92118587796033|24462&4&328.58036130517655|24463&4&30.598321814274286|24467&4&240.122433275426|24474&4&15.070693878667011|24480&4&201.78431410744844|24486&4&-3.3306690738754696E-15|24489&4&233.7585521391929|24497&4&1.7208456881689926E-15|24500&4&24.448270843423217|24503&4&0.5685611321450684|24505&4&0.5819053879559213|24508&4&50.04918110401064|24514&4&0.515025275058295
44|4,130,1,1,1,1,1,1,1,1,1,1,1,1,1,1,1,1,1,1,1,1,1,1,1,1,1,1,1,1,1,1,1,1,1,1,1,1,1,1,1,1,1,1,1,1,1,1,1,1,1,1,1,1,1,1,1,1,1,1,1,1,1,1,1,1,1,1,1,1,1,1,1,1,1,1,1,1,1,1,1,1,1,1,1,1,1,1,1,1,1,1,1,1,1,1,1,1,1,1,1,1,0,0,0,0,0,0,0,0,0,0,0,0,0,0,0,0,0,0,0,0,2|24397&4&4.889054570794828|24404&4&4.3722252625511215|24405&4&183.24973323394|24410&4&40.529655132409616|24411&4&111.38060951702393|24417&4&155.73298996600198|24418&4&164.17691433530578|24422&4&153.38436218084155|24423&4&386.1361721172301|24424&4&31.77488453965318|24426&4&18.836141928625594|24433&4&53.20408382203807|24437&4&461.09945455917426|24440&4&53.05498392814343|24447&4&291.4204248163357|24454&4&198.8821843594826|24457&4&10.408771488323417|24459&4&49.0457791869556|24460&4&461.72596042929837|24467&4&169.05824505699672|24468&4&119.44337757765469|24471&4&306.4101318597592|24476&4&414.21485003974345|24478&4&78.6198275369275|24479&4&175.2553490625843|24480&4&119.12333913606426|24482&4&633.7012391369864|24487&4&409.15055770053516|24495&4&30.990497048285015|24498&4&6.940833005617719|24499&4&2.6645352591003757E-15|24501&4&-2.6645352591003757E-15|24508&4&8.627475720996863,2|24398&4&42.01406290367039|24412&4&148.50829561950258|24418&4&5.367413411863527|24420&4&252.2170182664824|24421&4&610.8592832141676|24425&4&15.002462083972357|24429&4&351.98321193932685|24432&4&342.3861673839857|24434&4&411.0888899201262|24451&4&406.8767970324658|24453&4&405.2444891953585|24462&4&7.259477794019299|24464&4&207.11494742162915|24468&4&380.1040867384417|24469&4&299.5702309819465|24472&4&705.0377025512805|24473&4&319.6461583500163|24474&4&368.4696805748194|24477&4&10.263881250510863|24479&4&389.8386383221793|24481&4&88.98866177491186|24496&4&712.7269899496317|24499&4&46.730645623283024|24503&4&56.133010193373785|24505&4&48.39621845923113|24511&4&4.440892098500626E-15|24513&4&0.0,2|24405&4&3.964658720353842|24411&4&49.156257069023376|24420&4&5.773159728050814E-15|24423&4&13.011746021043084|24425&4&83.45578055827421|24427&4&310.6230432455253|24431&4&65.58937248830443|24436&4&41.50324297347081|24444&4&20.23922433596598|24445&4&264.9555837097935|24451&4&24.072429576037564|24456&4&5.626977058545695|24457&4&339.62508242489366|24458&4&16.152448328869717|24461&4&219.37220916133006|24465&4&496.98454113824033|24470&4&537.2937655523515|24478&4&370.2928336565525|24481&4&167.43749039664237|24488&4&320.54329900536544|24490&4&362.3285769757029|24491&4&263.9272371891449|24494&4&27.821666967632606|24498&4&3.664083202479924|24502&4&2.3314683517128287E-15|24507&4&5.714163476916751|24509&4&6.353947795941055|24512&4&47.99334080157778,2|24401&4&2.938573941093214|24407&4&698.5016074187274|24408&4&-1.3322676295501878E-14|24409&4&698.1128362537727|24410&4&309.02449780458255|24413&4&8.414080801104374|24416&4&403.18897458811267|24425&4&5.160002295320358|24427&4&0.29825452797553587|24433&4&181.73813100366544|24442&4&6.179674244414073|24443&4&360.5281575791512|24445&4&200.05687196065756|24453&4&74.5669923316012|24455&4&71.95708512420394|24463&4&599.9823303143246|24464&4&52.16746852899915|24466&4&486.2871915572391|24475&4&36.528774622261125|24477&4&472.6176427232779|24481&4&291.5617747155261|24484&4&555.2331126086561|24486&4&320.5167271884215|24506&4&32.71941250092353|24511&4&69.22661424834747|24513&4&57.41089049318921|24514&4&56.0964994260464,2|24398&4&219.35150908874692|24400&4&8.810892641953881|24404&4&413.6436261364775|24408&4&39.497794938568745|24411&4&126.46692176044952|24415&4&369.5994365480667|24418&4&39.41932908574466|24420&4&130.65268443872355|24425&4&136.82073824350488|24428&4&96.06010781898553|24434&4&46.25270998638384|24436&4&251.3033154844465|24441&4&132.22516712510946|24442&4&542.8587386825225|24445&4&36.81617884693525|24446&4&16.66936106202901|24447&4&39.66528708071512|24449&4&95.88506844985513|24454&4&62.600234897489884|24460&4&27.935236845860757|24473&4&53.14527938732766|24474&4&14.729404357635476|24475&4&66.50269440562825|24485&4&186.88997171581906|24486&4&46.631828425618075|24491&4&352.3352740955762|24512&4&43.66595935188556|24515&4&-1.27675647831893E-15,2|24405&4&24.487871892626444|24410&4&1.1546319456101628E-14|24416&4&238.38369598803112|24423&4&47.785886798848246|24427&4&5.773159728050814E-15|24428&4&2.827972287854407|24441&4&615.1877250324716|24450&4&454.95024329039916|24452&4&438.8029179357168|24455&4&244.35994403840752|24469&4&276.2599605425566|24471&4&159.18888946043455|24475&4&6.750226404488007|24483&4&595.7939763362469|24487&4&53.87330200506819|24489&4&63.384469235274636|24498&4&6.357314442824242|24501&4&2.7062814945995797|24502&4&26.94350175748804,2|24397&4&94.79958408961636|24406&4&107.51117886070818|24410&4&31.06214373740459|24412&4&273.5233026844355|24414&4&521.9991257660824|24415&4&8.536688806040825|24424&4&406.8577874287041|24426&4&428.228269245028|24427&4&116.99183088722373|24428&4&386.68118553467133|24432&4&57.96206567099753|24433&4&83.39370444109885|24435&4&124.30006838251265|24436&4&47.90285773749717|24444&4&548.2488948340633|24449&4&384.50565265226066|24462&4&237.56811162818946|24464&4&98.6132611312722|24469&4&0.941449940327374|24492&4&218.72971395062865|24493&4&12.496261734930311|24495&4&500.89859796868177|24503&4&32.53040577878102,2|24397&4&418.17650557838067|24399&4&476.0520978555598|24400&4&537.6275970253944|24401&4&436.0383134362999|24403&4&524.8328660343993|24405&4&-8.881784197001252E-15|24406&4&20.036455747653587|24408&4&657.663076173224|24412&4&38.50141085639464|24422&4&70.77535130264829|24430&4&592.9901842662422|24431&4&340.77515053899845|24432&4&20.285756294065685|24433&4&-1.021405182655144E-14|24438&4&610.8546137621296|24448&4&106.31466412800737|24458&4&149.3751889773585|24459&4&94.72466833181501|24466&4&152.90250194045322|24475&4&45.73263993385325|24487&4&30.59139418264116|24493&4&401.20498543566333|24499&4&24.672729537521498|24504&4&71.79643918132116|24507&4&6.733817497332666|24516&4&8.326672684688674E-16,2|24402&4&648.4542597878926|24405&4&55.04097879295304|24413&4&231.99027686805246|24418&4&37.23586761794921|24419&4&30.793895295080514|24429&4&230.10563839124396|24435&4&239.9936333742579|24436&4&276.8667455852328|24446&4&366.97206529062316|24451&4&91.20187720955587|24456&4&93.46844740608927|24461&4&263.5733508246942|24481&4&88.94186637867396|24484&4&10.423102673945476|24489&4&13.86627962843771|24494&4&412.09582401123737,2|24398&4&146.05137755735916|24406&4&434.1154284330423|24413&4&12.49363624147609|24417&4&291.4940234345408|24419&4&300.4245013835267|24439&4&574.8342475827928|24440&4&457.1401232014168|24447&4&-4.440892098500626E-15|24448&4&349.1566177043636|24456&4&325.04295262904077|24457&4&116.02520677243729|24458&4&470.82867844769066|24459&4&381.05816418605485|24461&4&35.605709429280424|24462&4&362.8728582101071|24463&4&20.06626120410298|24467&4&301.7813821941684|24474&4&7.494879148781191|24480&4&180.8006951189085|24489&4&217.18320613347453|24500&4&31.849937593657735|24503&4&2.886579864025407E-15|24505&4&0.23757925790685225|24508&4&46.76680189768297|24514&4&-1.9984014443252818E-15
45|4,130,1,1,1,1,1,1,1,1,1,1,1,1,1,1,1,1,1,1,1,1,1,1,1,1,1,1,1,1,1,1,1,1,1,1,1,1,1,1,1,1,1,1,1,1,1,1,1,1,1,1,1,1,1,1,1,1,1,1,1,1,1,1,1,1,1,1,1,1,1,1,1,1,1,1,1,1,1,1,1,1,1,1,1,1,1,1,1,1,1,1,1,1,1,1,1,1,1,1,1,1,0,0,0,0,0,0,0,0,0,0,0,0,0,0,0,0,0,0,0,0,2|24397&4&2.649949611485585|24404&4&1.9665951558271617|24405&4&171.8091605969745|24410&4&27.54234645944199|24411&4&174.496877285626|24417&4&163.37888594605224|24418&4&153.856935803845|24422&4&151.30928894716297|24423&4&360.79028870108067|24424&4&20.95635587738447|24426&4&11.8411437866684|24433&4&115.40408144372415|24437&4&476.7010329939482|24440&4&56.18668723646124|24447&4&330.55877366296227|24454&4&202.7961001687551|24455&4&23.202813032480652|24457&4&9.462519534839469|24459&4&59.234740316550045|24460&4&411.13889882999973|24467&4&145.79052967027556|24468&4&97.60340385844614|24471&4&296.45255652488106|24476&4&419.4998661508385|24478&4&63.17852158257517|24479&4&150.19369230473887|24480&4&151.19764975908726|24482&4&638.6138643283175|24485&4&25.283235164207383|24487&4&424.1244018170425|24495&4&20.328418026128297|24498&4&6.593791355336833|24508&4&8.19610193494702,2|24398&4&31.913150793498666|24412&4&140.0073944986845|24418&4&4.696486735380586|24420&4&300.09528734493443|24421&4&598.0351114512418|24425&4&13.052067086372258|24429&4&391.65105227772153|24432&4&384.4475189141045|24434&4&370.471723315532|24451&4&406.59741792174606|24453&4&435.75857596311755|24462&4&2.8802723091544498|24464&4&259.3148423769148|24468&4&381.0507849238279|24469&4&271.8561174453291|24472&4&712.7916125388058|24473&4&282.79784600641415|24474&4&402.34907108837297|24477&4&6.795469010457695|24479&4&404.568820970046|24481&4&78.2907118375748|24496&4&690.7340008528755|24499&4&44.05767495836916|24503&4&52.836672391030675|24505&4&45.55284745880337,2|24405&4&3.568192848318458|24411&4&43.866306339501804|24423&4&11.710571418938777|24425&4&66.8606829810249|24427&4&343.62551854574514|24431&4&62.05162308407651|24436&4&29.18446227913099|24444&4&13.217690807349118|24445&4&278.4300925076623|24451&4&21.397715178700054|24456&4&5.064279352691125|24457&4&332.6688447242001|24458&4&7.98608973177786|24461&4&284.9295264324478|24465&4&514.5899823816981|24470&4&575.978913190892|24478&4&408.0451507034637|24481&4&158.3923910694951|24488&4&300.94270995919646|24490&4&362.8256458744319|24491&4&242.14737823126248|24494&4&19.058626948162676|24498&4&3.460523024564373|24507&4&5.413418030763239|24509&4&6.036250406144001|24512&4&43.63113321698865,2|24401&4&0.0|24407&4&726.8863015940701|24409&4&696.090464402726|24410&4&353.8589188672992|24413&4&7.1837376776184225|24416&4&474.818838576094|24425&4&4.7300021040436615|24427&4&0.2711404799777599|24433&4&170.31329311563678|24442&4&2.7521981119795895|24443&4&397.19849142880184|24445&4&179.40119865983462|24453&4&61.334837136868764|24455&4&67.87879218121932|24463&4&600.3960331220569|24464&4&48.215897124060156|24466&4&463.37715208478295|24475&4&33.61614286723719|24477&4&443.00464174852607|24481&4&267.31796675119324|24484&4&541.8715928917901|24486&4&297.6268195045216|24506&4&30.944845786551916|24511&4&64.58888287122315|24513&4&53.83059187450876|24514&4&52.77469859707914,2|24398&4&273.91634248919155|24400&4&3.149170150611872|24404&4&415.11125236174746|24408&4&25.489102014694872|24411&4&99.72224767883137|24415&4&336.22524214286915|24418&4&75.6152203244173|24420&4&112.01270826978151|24424&4&2.032822576552838|24425&4&129.4950603629059|24428&4&137.03286415168623|24434&4&104.64593302705968|24436&4&311.09883269083167|24441&4&173.03282588254106|24442&4&510.2034750695049|24445&4&28.4008758938011|24446&4&10.193288340847012|24447&4&30.596503151482086|24449&4&132.63633421917942|24454&4&54.702622243200125|24460&4&59.50768933051645|24473&4&99.8842818179015|24474&4&12.472575842840822|24475&4&64.4457556279421|24485&4&177.11035395179834|24486&4&35.73201611648386|24491&4&357.75668322236027|24512&4&41.24259825112896,2|24405&4&55.06310763630881|24416&4&201.58057595728192|24423&4&37.02081515032532|24428&4&1.6809287933002968|24441&4&557.2061395623057|24450&4&445.81501158065737|24452&4&416.0810287644915|24455&4&211.14290124244602|24469&4&342.74291257875944|24471&4&131.39351124574267|24475&4&6.353154263047536|24483&4&600.9548083114547|24486&4&21.544420362674316|24487&4&40.49309303797459|24489&4&48.08932265078746|24498&4&6.022718945833493|24501&4&2.570967419869601|24502&4&25.500590816656267,2|24397&4&138.48145664120904|24406&4&97.42597089504412|24410&4&27.30945611319219|24412&4&241.3229895010877|24414&4&540.498949335906|24415&4&3.8635569258690636|24424&4&371.938673270609|24426&4&436.43004007478|24427&4&97.19440314284594|24428&4&352.8783975362626|24432&4&49.492191727034935|24433&4&68.35256835854666|24435&4&104.32307294031183|24436&4&41.535809419408714|24444&4&545.4770837874363|24449&4&349.10634750456336|24462&4&209.15902174546937|24464&4&81.50204858155885|24469&4&0.7845416169394781|24492&4&230.6493182542522|24493&4&6.144652358516989|24495&4&477.49713934418224|24503&4&29.436272853708218,2|24397&4&382.8807082785014|24399&4&467.26929852214647|24400&4&501.1812999753858|24401&4&397.1704228444582|24403&4&519.3521379868512|24406&4&11.432151427836448|24408&4&653.1199066533352|24412&4&76.2338485883567|24422&4&64.52175139331716|24430&4&627.3876004789785|24431&4&315.7878988557669|24432&4&11.769841736848573|24438&4&641.8953540892958|24448&4&92.33567066734594|24458&4&128.1052610328918|24459&4&81.23615621019835|24466&4&131.64804963858103|24475&4&36.85787050905913|24487&4&26.45233920238148|24493&4&407.4718367679098|24499&4&22.679608261583294|24504&4&66.68188409925934|24507&4&6.397126622466033,2|24401&4&0.4372894473851317|24402&4&648.49473918421|24405&4&46.60080977140811|24413&4&225.86905296393508|24418&4&27.240814043483102|24419&4&28.143231050244655|24425&4&50.87653460960064|24429&4&198.80981509479497|24435&4&287.32117256417223|24436&4&255.41266804326278|24446&4&366.38234088274163|24451&4&72.52612829096361|24456&4&74.68955319449014|24461&4&245.34527640780982|24481&4&138.8039888989536|24484&4&5.194327944641888|24489&4&13.136475437467304|24494&4&383.1789038130351,2|24398&4&135.69541691562526|24406&4&434.00815032902807|24413&4&5.729135429680194|24417&4&255.6515277717559|24419&4&321.52512453131385|24439&4&545.7569529367529|24440&4&417.4588197784484|24448&4&366.99984413575453|24456&4&329.20065051405027|24457&4&94.70616437425525|24458&4&518.2252897215234|24459&4&355.8916117204831|24461&4&27.72855709410363|24462&4&395.25539205097203|24463&4&12.443570989755958|24467&4&359.98435509108924|24474&4&2.3611876205065863|24480&4&159.81707613036858|24489&4&200.60786012775617|24500&4&30.127736287462895|24505&4&0.21930393037555396|24508&4&43.87181932293192
46|4,130,1,1,1,1,1,1,1,1,1,1,1,1,1,1,1,1,1,1,1,1,1,1,1,1,1,1,1,1,1,1,1,1,1,1,1,1,1,1,1,1,1,1,1,1,1,1,1,1,1,1,1,1,1,1,1,1,1,1,1,1,1,1,1,1,1,1,1,1,1,1,1,1,1,1,1,1,1,1,1,1,1,1,1,1,1,1,1,1,1,1,1,1,1,1,1,1,1,1,1,1,0,0,0,0,0,0,0,0,0,0,0,0,0,0,0,0,0,0,0,0,2|24397&4&0.9757661287265268|24404&4&0.688297924888158|24405&4&160.36858796000902|24410&4&17.172429109707146|24411&4&239.97493878616342|24417&4&154.27627871937858|24418&4&143.5369572723842|24422&4&141.6550714911787|24423&4&335.44440528493124|24424&4&12.508718865705731|24426&4&4.94071424969106|24433&4&176.64017296570537|24437&4&486.585699900972|24440&4&72.58824467646721|24447&4&332.1185386071537|24454&4&189.71976256699065|24455&4&53.51892689771571|24457&4&8.516267581355521|24459&4&59.9697794411864|24460&4&361.31221498854154|24467&4&123.56620176422251|24468&4&78.13791954835332|24471&4&311.24823837627787|24476&4&432.22656638618577|24478&4&50.29769633370164|24479&4&126.33984923325723|24480&4&147.77792818143612|24482&4&661.8679544864099|24485&4&102.27036515130465|24487&4&459.5536354294202|24495&4&12.066602921984853|24498&4&6.246749705055947|24508&4&7.764728148897177,2|24398&4&23.528761933249694|24412&4&131.50649337786646|24418&4&4.025560058897645|24420&4&296.2675730101515|24421&4&627.8718550271943|24425&4&11.101672088772158|24429&4&455.06232946727687|24432&4&422.1004070946826|24434&4&331.1220998861122|24451&4&410.1320273095996|24453&4&412.06038417632504|24462&4&1.865174681370263E-14|24464&4&316.319715253616|24468&4&387.19780735832|24469&4&246.93960813412968|24472&4&736.0114932866945|24473&4&247.68523468663932|24474&4&381.8716895243558|24477&4&4.2033853958033465|24479&4&391.77517661992647|24481&4&67.59276190023772|24496&4&732.9007736080572|24499&4&41.384704293455286|24503&4&49.54033458868756|24505&4&42.70947645837562,2|24405&4&3.171726976283074|24411&4&38.57635560998023|24423&4&10.40939681683447|24425&4&52.32406539982624|24427&4&385.689859093814|24431&4&58.513873679848594|24436&4&19.477623492075317|24444&4&7.967607977493842|24445&4&278.59660746760807|24451&4&18.723000781362543|24456&4&4.501581646836556|24457&4&322.7678435730685|24458&4&1.7614039064850038|24461&4&272.24635946211646|24465&4&536.3025526811323|24470&4&616.3092952377536|24478&4&395.7818329194269|24481&4&149.3472917423478|24488&4&291.6578616288462|24490&4&335.5741130290126|24491&4&220.3675192733801|24494&4&12.43320077509959|24498&4&3.256962846648822|24507&4&5.112672584609726|24509&4&5.718553016346949|24512&4&39.26892563239953,2|24407&4&758.2790581605724|24409&4&729.5591173925459|24410&4&402.50179769314286|24413&4&5.953394554132469|24416&4&541.0294204937632|24425&4&4.300001912766965|24427&4&0.24402643197998394|24433&4&158.88845522760812|24442&4&1.2757647917132329|24443&4&431.3050109274556|24445&4&158.74552535901165|24453&4&48.48236392837291|24455&4&63.80049923823469|24463&4&572.6546483239375|24464&4&44.26432571912116|24466&4&429.76458915537853|24475&4&30.70351111221325|24477&4&418.0239707461852|24481&4&244.81079135747427|24484&4&499.06958617637997|24486&4&274.7369118206217|24506&4&29.1702790721803|24511&4&59.95115149409881|24513&4&50.250293255828296|24514&4&49.452897768111875,2|24398&4&332.34087811574904|24400&4&-1.1546319456101628E-14|24404&4&432.58484192325096|24408&4&14.95531811312441|24411&4&75.99685383391713|24415&4&302.85104773767154|24418&4&114.42169292376707|24420&4&94.93299287452658|24424&4&22.388300296021868|24425&4&122.16938248230687|24428&4&127.51716109546553|24434&4&163.56307427008832|24436&4&350.95051089845|24441&4&256.0080171606627|24442&4&481.73479639203913|24445&4&21.135334419720678|24446&4&6.080535057549206|24447&4&23.723815884641457|24449&4&162.38068957024728|24454&4&47.35558346108685|24460&4&94.91361171330564|24473&4&154.6214863752552|24474&4&10.21574732804617|24475&4&66.05209097945756|24485&4&167.33073618777763|24486&4&25.555856089739944|24491&4&392.7835689111203|24512&4&38.81923715037237,2|24405&4&88.48091215472235|24416&4&166.65263327668455|24423&4&27.399794722314518|24428&4&8.903681639660624|24441&4&500.95391421000943|24450&4&417.1462120239885|24452&4&387.06425589146806|24455&4&179.79173592525166|24466&4&17.613841909953578|24469&4&341.04409210324377|24471&4&106.22092968182127|24475&4&5.956082121607064|24483&4&566.7494557939282|24486&4&43.622985434392746|24487&4&27.54124903144048|24489&4&35.07370086592964|24498&4&5.6881234488427435|24501&4&2.435653345139622|24502&4&24.05767987582449,2|24397&4&201.0900001134176|24406&4&87.34076292938005|24410&4&23.55676848897979|24412&4&210.4264792201395|24414&4&564.599261911565|24415&4&1.8400706374358593|24424&4&337.0195591125138|24426&4&471.3448961602472|24427&4&78.95272642804488|24428&4&319.07560953785384|24432&4&41.02231778307233|24433&4&55.45257854035959|24435&4&85.76649507604313|24436&4&35.168761101320264|24444&4&507.6173754507535|24449&4&314.06484845183724|24462&4&180.74993186274926|24464&4&64.39083603184551|24469&4&0.6276332935515823|24492&4&209.9832780261451|24493&4&1.9688440819245432|24495&4&512.6797623454223|24503&4&26.34213992863542,2|24397&4&347.5849109786222|24399&4&432.4381259954228|24400&4&503.9414288646539|24401&4&358.30253225261634|24403&4&486.0542181882876|24406&4&5.726218962841523|24408&4&702.3477699444489|24412&4&96.90497131599392|24417&4&40.69176406740719|24422&4&58.26815148398601|24430&4&659.7712104127643|24431&4&291.9705703084527|24432&4&5.437254666064986|24438&4&680.4033717435617|24448&4&79.10691785240276|24458&4&106.83533308842505|24459&4&68.55674867598019|24466&4&111.32557736329734|24475&4&28.18150305475872|24487&4&22.3132842221218|24493&4&433.11400883197865|24499&4&20.686486985645086|24504&4&61.567329017197515|24507&4&6.060435747599399,2|24401&4&0.4154249750158751|24402&4&688.5077232600648|24405&4&38.16064074986317|24413&4&231.76192422491283|24418&4&18.47545860325241|24419&4&25.492566805408792|24423&4&27.465872907937392|24425&4&92.27673286399981|24429&4&170.28217984742443|24435&4&328.0986345133788|24436&4&233.95859050129272|24446&4&374.3716322431777|24451&4&54.58981294835172|24456&4&57.46340429732863|24461&4&227.1172019909255|24481&4&136.0180438191022|24484&4&1.7598229120220634|24489&4&13.145836194514226|24494&4&354.2619836148328,2|24398&4&125.33945627389136|24406&4&410.29131411518694|24413&4&1.7468704293946724|24417&4&222.68535199632572|24419&4&349.9043827721354|24439&4&504.2234896727522|24440&4&377.8442075350352|24448&4&354.90510503026564|24456&4&386.15035504430983|24457&4&75.44673457174399|24458&4&581.4509884822547|24459&4&330.7250592549114|24461&4&19.851404758926833|24462&4&458.70487087459725|24463&4&7.706364025856326|24467&4&380.19172236555124|24474&4&4.440892098500626E-15|24480&4&139.38935149293522|24489&4&184.0325141220378|24500&4&28.40553498126806|24505&4&0.20102860284425778|24508&4&40.976836748180865
47|4,130,1,1,1,1,1,1,1,1,1,1,1,1,1,1,1,1,1,1,1,1,1,1,1,1,1,1,1,1,1,1,1,1,1,1,1,1,1,1,1,1,1,1,1,1,1,1,1,1,1,1,1,1,1,1,1,1,1,1,1,1,1,1,1,1,1,1,1,1,1,1,1,1,1,1,1,1,1,1,1,1,1,1,1,1,1,1,1,1,1,1,1,1,1,1,1,1,1,1,1,1,0,0,0,0,0,0,0,0,0,0,0,0,0,0,0,0,0,0,0,0,2|24397&4&-2.220446049250313E-16|24404&4&4.218847493575595E-15|24405&4&148.92801532304352|24409&4&64.3680277465387|24410&4&8.822259379205056|24411&4&324.6681271188557|24417&4&145.17367149270493|24418&4&133.21697874092342|24422&4&141.2099636739231|24423&4&310.09852186878175|24424&4&6.412722348663042|24426&4&0.8190483215940092|24433&4&236.4424488737556|24437&4&471.6597259432671|24440&4&87.25196506845998|24447&4&338.3524267059755|24454&4&195.03896431302175|24455&4&98.88466308713774|24457&4&7.570015627871574|24459&4&85.82831532725456|24460&4&315.49548638021656|24467&4&102.76935159448357|24468&4&60.783085983786954|24471&4&338.209965372478|24476&4&464.815583607993|24478&4&38.06127309102273|24479&4&102.53098823103855|24480&4&172.9155811588507|24482&4&690.3204768433851|24485&4&143.33314292157561|24487&4&512.2406267244141|24495&4&6.3054162568197984|24498&4&5.899708054775061|24508&4&7.333354362847334,2|24398&4&17.4904027500234|24401&4&35.49333335623817|24412&4&123.00559225704838|24418&4&3.354633382414703|24420&4&288.5613966985848|24421&4&568.6869303088481|24425&4&9.151277091172059|24429&4&526.7223749893938|24432&4&467.35887225467616|24434&4&294.4407952313927|24451&4&423.51252821915347|24453&4&424.85242174778034|24464&4&370.0275579230985|24468&4&405.3236629809477|24469&4&224.6033031236086|24472&4&761.5292813228884|24473&4&213.0172631801268|24474&4&408.3399763280332|24477&4&1.611301781148993|24479&4&421.48666187071495|24481&4&56.89481196290064|24496&4&666.0697779767652|24499&4&38.71173362854142|24503&4&46.24399678634444|24505&4&39.86610545794788,2|24405&4&2.77526110424769|24411&4&33.28640488045866|24423&4&9.108222214730162|24425&4&40.067590790228806|24427&4&366.53282897052446|24431&4&54.97612427562068|24436&4&9.770784705019654|24444&4&4.651855922048178|24445&4&291.40577370088175|24451&4&16.048286384025033|24456&4&3.9388839409819862|24457&4&304.7619109600292|24458&4&-6.661338147750939E-15|24461&4&302.8412525732533|24465&4&554.7985936630129|24470&4&637.6336561557141|24478&4&390.60748944493355|24481&4&140.3021924152005|24488&4&294.22198241232405|24490&4&339.0403165102947|24491&4&198.58766031549774|24494&4&6.181010884185908|24498&4&3.0534026687332707|24507&4&4.811927138456213|24509&4&5.400855626549896|24512&4&34.9067180478104,2|24407&4&786.1962741826648|24409&4&666.2157722935825|24410&4&456.7618588763519|24413&4&4.7230514306465174|24416&4&612.9239374018792|24425&4&3.8700017214902687|24427&4&0.21691238398220797|24433&4&147.46361733957949|24442&4&8.43769498715119E-15|24443&4&467.66025582520774|24445&4&138.08985205818868|24453&4&35.94043293201236|24455&4&59.72220629525006|24463&4&564.1596759212289|24464&4&40.31275431418216|24466&4&396.1520262259741|24475&4&0.0|24477&4&412.0982540723286|24481&4&225.22132455840404|24484&4&503.7401506029052|24486&4&251.84700413672178|24506&4&27.395712357808687|24511&4&55.31342011697448|24513&4&46.66999463714785|24514&4&46.13109693914461,2|24398&4&350.90635302252696|24404&4&451.037166422063|24408&4&7.499639781955926|24411&4&55.058681965949354|24415&4&269.4768533324739|24418&4&167.97181082462083|24420&4&79.22562401035344|24424&4&61.19323167465589|24425&4&114.84370460170786|24428&4&118.00145803924482|24434&4&223.47557091301456|24436&4&411.3661422188052|24441&4&324.5372781608367|24442&4&466.06077102282563|24445&4&13.86979294564026|24446&4&2.45124263222672|24447&4&18.593752266566586|24449&4&184.08893649761035|24454&4&40.00854467897357|24460&4&139.72366625353567|24473&4&219.3066474097643|24474&4&7.958918813251518|24475&4&0.0|24485&4&157.55111842375695|24486&4&16.40232575017815|24491&4&424.4958577250545|24512&4&36.39587604961578,2|24405&4&107.26132863915157|24416&4&135.18137008733794|24423&4&18.835988925660494|24428&4&73.33876233403691|24441&4&446.9064136044807|24450&4&399.8625641527574|24452&4&424.3262405526381|24455&4&150.12509018865734|24466&4&77.23932046451849|24469&4&358.5161564990824|24471&4&83.70912936134383|24475&4&0.0|24483&4&566.9632629184935|24486&4&76.21426967120146|24487&4&16.819341299253523|24489&4&24.588105206306803|24498&4&5.353527951851994|24501&4&2.3003392704096433|24502&4&22.614768934992718|24503&4&5.949754175010298,2|24397&4&244.77611573281223|24406&4&77.25555496371598|24410&4&19.804080864767396|24412&4&181.01425537307938|24414&4&561.0699915644686|24415&4&3.1086244689504383E-15|24424&4&302.1004449544186|24426&4&501.48966974131423|24427&4&62.13987240658858|24428&4&285.2728215394452|24432&4&32.55244383910973|24433&4&44.24076754888864|24435&4&68.74463762553364|24436&4&28.801712783231807|24444&4&481.47279846691004|24449&4&279.487995294529|24462&4&152.34084198002918|24464&4&49.668206565968845|24469&4&0.4707249701636864|24492&4&208.9305285040938|24493&4&9.325873406851315E-15|24495&4&515.1348995914693|24503&4&23.24800700356262,2|24397&4&312.2891136787429|24399&4&435.99880666514287|24400&4&482.1236367869914|24401&4&319.43464166077456|24403&4&507.9811126543191|24406&4&2.5169839967115344|24408&4&701.3997152571824|24412&4&151.1762387665516|24417&4&92.9464635644747|24422&4&52.01455157465486|24430&4&675.0835866611853|24431&4&284.7279078454874|24432&4&1.5785505945099079|24438&4&697.7357929326056|24448&4&66.08877217856227|24458&4&85.56540514395832|24459&4&55.87734114176204|24466&4&91.07146272527058|24475&4&0.0|24487&4&18.174229241862125|24493&4&462.2927640116685|24494&4&22.82200937713633|24499&4&18.69336570970688|24504&4&56.452773935135696|24507&4&5.723744872732766,2|24401&4&0.3935605026466185|24402&4&691.7192341370092|24405&4&29.720471728318238|24413&4&250.57509517830738|24415&4&3.8246138492172155|24418&4&12.17769995827395|24419&4&22.841902560572933|24423&4&63.78462396237363|24425&4&148.73906562190516|24429&4&144.04763055702182|24435&4&377.52131344144124|24436&4&212.5045129593227|24446&4&382.4399162978446|24451&4&39.33492928378025|24456&4&42.71586620685906|24461&4&208.8891275740412|24481&4&178.70664740009286|24484&4&-8.43769498715119E-15|24489&4&34.44462446557864|24494&4&325.3450634166305,2|24398&4&114.98349563215746|24406&4&389.140713893534|24413&4&6.661338147750939E-15|24417&4&192.7492010053909|24419&4&383.12345002451707|24439&4&487.6007940083322|24440&4&338.3334346023579|24448&4&337.91767234013173|24456&4&433.27754331314503|24457&4&58.08659435161187|24458&4&627.1304272056243|24459&4&305.5585067893397|24461&4&14.52796902834537|24462&4&475.6117524678371|24463&4&3.2405231037792537|24467&4&418.211374295251|24480&4&119.39644295263291|24489&4&167.45716811631945|24500&4&26.683333675073225|24505&4&0.1827532753129616|24508&4&38.08185417342982
48|4,130,1,1,1,1,1,1,1,1,1,1,1,1,1,1,1,1,1,1,1,1,1,1,1,1,1,1,1,1,1,1,1,1,1,1,1,1,1,1,1,1,1,1,1,1,1,1,1,1,1,1,1,1,1,1,1,1,1,1,1,1,1,1,1,1,1,1,1,1,1,1,1,1,1,1,1,1,1,1,1,1,1,1,1,1,1,1,1,1,1,1,1,1,1,1,1,1,1,1,1,1,0,0,0,0,0,0,0,0,0,0,0,0,0,0,0,0,0,0,0,0,2|24405&4&137.48744268607805|24406&4&5.9455939471600345|24409&4&157.63740363974068|24410&4&2.998932983223324|24411&4&412.7420278323457|24417&4&136.07106426603127|24418&4&122.89700020946262|24422&4&141.4494941470889|24423&4&284.75263845263225|24424&4&2.5058132271943125|24426&4&5.995204332975845E-15|24433&4&302.43470238205094|24437&4&496.0778359098767|24440&4&157.72152871961967|24447&4&318.93670231697126|24454&4&184.0454336987173|24455&4&150.0274245620231|24457&4&6.623763674387627|24459&4&100.99786202988919|24460&4&271.19407682449526|24467&4&83.8950181262486|24468&4&45.4383887662641|24471&4&374.3027914934108|24476&4&504.0233315212457|24478&4&26.306855164731488|24479&4&80.22977162925623|24480&4&166.072043946294|24482&4&658.2832491877375|24485&4&138.1557481069199|24487&4&509.46865508198243|24495&4&2.93280223328284|24496&4&5.397133260687668|24498&4&5.552666404494175|24508&4&6.9019805767974916,2|24398&4&12.195388574488664|24401&4&57.64785563457247|24412&4&114.50469113623032|24418&4&2.683706705931762|24420&4&282.7951380193607|24421&4&512.420806821513|24425&4&7.200882093571959|24429&4&522.8014482924821|24432&4&467.47913603924434|24434&4&260.4832701439566|24451&4&457.84899354188303|24453&4&483.93988466491567|24464&4&413.798557761951|24468&4&389.83122601597165|24469&4&202.26699811308754|24472&4&798.6802757512655|24473&4&180.3508077714524|24474&4&446.9536248606857|24477&4&0.0028624035581485963|24479&4&495.99510471781235|24481&4&46.19686202556356|24496&4&602.5689410613255|24499&4&36.03876296362755|24503&4&42.94765898400132|24505&4&37.02273445752012,2|24405&4&2.378795232212306|24411&4&27.99645415093709|24423&4&7.807047612625855|24425&4&30.17984660960208|24427&4&373.4333318411854|24431&4&51.43837487139275|24436&4&3.1339851167906265|24444&4&2.3259279610240853|24445&4&369.5859197820669|24451&4&13.373571986687525|24456&4&3.376186235127417|24457&4&354.28364251418196|24461&4&374.17973259246816|24465&4&602.705185482245|24470&4&687.8756094748718|24478&4&450.25240842533907|24481&4&131.25709308805318|24488&4&307.09007558211624|24490&4&320.59170333132454|24491&4&176.80780135761535|24494&4&2.0562105619108952|24498&4&2.8498424908177196|24507&4&4.511181692302699|24509&4&5.083158236752844|24512&4&30.54451046322128,2|24407&4&745.9307345606929|24409&4&606.1468622708481|24410&4&513.0995893372666|24413&4&3.4927083071605645|24416&4&679.1674050901761|24425&4&3.4400015302135722|24427&4&0.189798335984432|24433&4&136.03877945155085|24443&4&447.6525724300855|24445&4&117.43417875736576|24453&4&24.2104134746273|24455&4&55.643913352265436|24463&4&621.2476575603057|24464&4&36.361182909243155|24466&4&362.53946329656975|24477&4&391.7856010817837|24481&4&205.6318577593338|24484&4&527.2419254186235|24486&4&228.95709645282187|24506&4&25.621145643437075|24511&4&50.675688739850145|24513&4&43.08969601846739|24514&4&42.80929611017735,2|24398&4&338.73974331458516|24404&4&464.22192968712665|24408&4&2.7144735410067677|24411&4&37.1160487592565|24415&4&236.10265892727637|24418&4&180.91785496901778|24420&4&63.9476379916049|24424&4&58.07226318091959|24425&4&107.51802672110885|24428&4&108.48575498302414|24434&4&296.47011483795785|24436&4&475.3683006344379|24441&4&425.84144211008186|24442&4&487.9333363430265|24445&4&7.0924780561124345|24446&4&1.509903313490213E-14|24447&4&13.930516193452437|24449&4&220.74568651087395|24454&4&32.66150589686029|24460&4&191.01209648142247|24473&4&283.6997086818272|24474&4&5.7020902984568655|24475&4&121.82347156231845|24485&4&147.77150065973623|24486&4&8.745864391132667|24491&4&411.60738310408885|24512&4&33.972514948859185,2|24405&4&113.12195263388266|24416&4&106.99104351963383|24423&4&11.494708596481818|24428&4&170.39856898236707|24441&4&395.36795198923664|24450&4&417.15616531742023|24452&4&393.0270507976955|24455&4&122.6764942213527|24466&4&103.87386034034093|24469&4&402.2997530466403|24471&4&63.851156046577984|24483&4&601.9096656156431|24486&4&82.21897545506077|24487&4&8.875226944801398|24489&4&16.465626940227153|24498&4&5.018932454861245|24501&4&2.1650251956796644|24502&4&21.171857994160945|24503&4&5.652266466259784,2|24397&4&246.5012573186524|24406&4&67.17034699805193|24410&4&16.051393240555|24412&4&153.2228068848444|24414&4&608.3369543899472|24424&4&267.1813307963235|24426&4&492.01985806891804|24427&4&46.713151951364274|24428&4&251.47003354103649|24432&4&24.082569895147127|24433&4&34.41403509862013|24435&4&53.860528572381654|24436&4&22.434664465143353|24444&4&458.56050530964774|24449&4&245.59565005160513|24462&4&125.79245556410734|24464&4&37.29452497575584|24469&4&0.3138166467757906|24492&4&255.23860540989344|24495&4&501.7161158638913|24503&4&20.15387407848982,2|24397&4&276.9933163788637|24399&4&431.4960793454778|24400&4&443.4134019948329|24401&4&281.72751552184366|24403&4&553.9405178034909|24406&4&-1.865174681370263E-14|24408&4&665.5687436104554|24412&4&215.7966732765519|24417&4&151.48326409980385|24421&4&7.612299989510073|24422&4&45.76095166532372|24430&4&702.2086566080109|24431&4&287.4144325380935|24432&4&-1.021405182655144E-14|24438&4&664.9478895756165|24448&4&53.07062650472176|24458&4&64.29547719949157|24459&4&43.83079828020891|24466&4&72.05608793963385|24487&4&14.035174261602448|24493&4&454.06080712194586|24494&4&56.713206552534345|24499&4&16.700244433768674|24504&4&51.33821885307386|24507&4&5.387053997866133,2|24401&4&0.3716960302773619|24402&4&654.7043877288235|24405&4&21.280302706773305|24413&4&275.86078420227943|24415&4&19.804511309657816|24418&4&8.138913078300682|24419&4&20.191238315737074|24423&4&80.06536181694403|24425&4&156.5002904457459|24429&4&120.56806828928066|24435&4&419.1303868621265|24436&4&191.05043541735265|24446&4&356.7282724252557|24451&4&26.662486207354426|24456&4&30.409960066128598|24461&4&190.66105315715686|24481&4&257.44665024699145|24489&4&72.29777954415157|24494&4&296.4281432184282,2|24398&4&104.62753499042356|24406&4&360.93433106110683|24417&4&165.49233531996018|24419&4&404.59249884647807|24439&4&516.128517615351|24440&4&298.98767015595996|24448&4&331.97135156405216|24456&4&430.22366315442406|24457&4&42.62186019898924|24458&4&679.8179239524354|24459&4&280.39195432376795|24461&4&9.204533297763893|24462&4&526.454458971355|24463&4&2.042810365310288E-14|24467&4&491.06083933664365|24480&4&100.31050827349227|24489&4&150.8818221106011|24500&4&24.961132368878395|24505&4&0.1644779477816654|24508&4&35.18687159867876
49|4,130,1,1,1,1,1,1,1,1,1,1,1,1,1,1,1,1,1,1,1,1,1,1,1,1,1,1,1,1,1,1,1,1,1,1,1,1,1,1,1,1,1,1,1,1,1,1,1,1,1,1,1,1,1,1,1,1,1,1,1,1,1,1,1,1,1,1,1,1,1,1,1,1,1,1,1,1,1,1,1,1,1,1,1,1,1,1,1,1,1,1,1,1,1,1,1,1,1,1,1,1,0,0,0,0,0,0,0,0,0,0,0,0,0,0,0,0,0,0,0,0,2|24405&4&126.04687004911257|24406&4&85.75661897979963|24409&4&149.5946133883873|24410&4&-1.1546319456101628E-14|24411&4&493.4748857047069|24417&4&126.9684570393576|24418&4&112.57702167800183|24422&4&135.56034991196134|24423&4&259.4067550364829|24424&4&-1.4210854715202004E-14|24433&4&312.61168026783673|24437&4&528.3094754100691|24440&4&174.35348498722192|24447&4&347.31353963502403|24454&4&193.52874786215884|24455&4&209.55983365267753|24457&4&5.67751172090368|24459&4&132.27707557332545|24460&4&230.24965468393768|24467&4&65.56895232035657|24468&4&31.722073916177273|24471&4&411.03479952118334|24472&4&89.85616565398692|24476&4&547.5562227618909|24478&4&16.9613934596816|24479&4&60.35150303292447|24480&4&221.84089353470776|24482&4&621.3377770940692|24485&4&180.15870901798675|24487&4&551.0519052333179|24495&4&-6.217248937900877E-15|24496&4&56.0400062158429|24498&4&5.205624754213289|24508&4&6.470606790747649,2|24398&4&7.29441683149935|24401&4&120.37732055393295|24412&4&106.00379001541225|24418&4&2.0127800294488205|24420&4&330.68114353236746|24421&4&459.13782275656087|24425&4&5.2504870959718595|24429&4&512.0503880929517|24432&4&513.3752547862036|24434&4&228.67080901702147|24451&4&492.4342459974057|24453&4&450.5118259060698|24464&4&475.32927672868016|24468&4&430.3069229412034|24469&4&179.93069310256647|24472&4&729.7703846851067|24473&4&150.75549090257408|24474&4&432.6276570396434|24477&4&0.0|24479&4&570.0122204358908|24481&4&35.49891208822649|24496&4&542.1403453314517|24499&4&33.365792298713686|24503&4&39.65132118165821|24505&4&34.17936345709237,2|24405&4&1.982329360176922|24411&4&22.706503421415523|24423&4&6.505873010521547|24425&4&22.564890126861275|24427&4&399.77336569966883|24431&4&47.90062546716483|24436&4&-2.5757174171303632E-14|24444&4&0.0|24445&4&345.52178704987693|24451&4&10.698857589350016|24456&4&2.8134885292728473|24457&4&414.923324043886|24461&4&390.52866251573494|24465&4&562.0116515328145|24470&4&731.7725325927095|24478&4&418.9688488368953|24481&4&122.2119937609059|24488&4&302.7282966016288|24490&4&309.81483268663277|24491&4&155.027942399733|24494&4&7.993605777301127E-15|24498&4&2.6462823129021684|24507&4&4.210436246149186|24509&4&4.765460846955792|24512&4&26.182302878632157,2|24407&4&711.3133978643532|24409&4&549.8352158531042|24410&4&517.4745284754761|24413&4&2.262365183674612|24416&4&744.6267392436762|24425&4&3.010001338936876|24427&4&0.16268428798665602|24433&4&124.61394156352222|24443&4&493.3072580142632|24445&4&96.7785054565428|24453&4&14.688056309016776|24455&4&51.56562040928081|24463&4&664.2814277093578|24464&4&32.40961150430416|24466&4&328.92690036716533|24477&4&437.60537378146796|24478&4&79.53065263546318|24481&4&186.04239096026356|24484&4&553.6372782981953|24486&4&206.06718876892197|24506&4&23.84657892906546|24511&4&46.037957362725805|24513&4&39.50939739978694|24514&4&39.48749528121009,2|24398&4&352.9220503024719|24404&4&466.1460480801292|24408&4&1.865174681370263E-14|24411&4&22.735533028467785|24415&4&205.47945732511258|24418&4&196.56372142180223|24420&4&48.69159498677778|24424&4&54.95129468718329|24425&4&100.19234884050985|24428&4&100.12589083135434|24434&4&369.5215933432337|24436&4&539.650997708937|24441&4&499.41837781903433|24442&4&520.011017598616|24445&4&2.4790674382957247|24447&4&9.335470548374085|24449&4&250.5025079185725|24454&4&25.314467114747018|24460&4&256.1098571953476|24473&4&349.8987324856576|24474&4&3.445261783662213|24475&4&150.64237559907122|24485&4&137.99188289571552|24486&4&3.043872016112658|24491&4&379.7554930375339|24512&4&31.549153848102595,2|24405&4&156.17217238231558|24416&4&81.90329034866906|24423&4&5.98893441972514|24428&4&209.99054906798233|24441&4&346.70191139427345|24450&4&374.4445566786481|24452&4&434.8072990811629|24455&4&97.6802151757862|24466&4&207.10807456588714|24469&4&412.8762623041336|24471&4&46.68191892551524|24483&4&590.5139833091328|24486&4&148.1158441249483|24487&4&3.0298709107243207|24489&4&10.46599839348318|24498&4&4.684336957870496|24501&4&2.0297111209496856|24502&4&19.72894705332917|24503&4&24.766458786750707,2|24397&4&249.699446150469|24406&4&57.08513903238786|24410&4&12.298705616342602|24412&4&127.2373030476375|24414&4&658.1599064596137|24424&4&232.2622166382283|24426&4&523.0508581781531|24427&4&32.76806946793868|24428&4&217.6672455426278|24432&4&15.612695951184524|24433&4&26.003697710092368|24435&4&41.48414717572551|24436&4&16.067616147054895|24444&4&521.8911457773598|24445&4&96.40766081605832|24449&4&213.30412147721307|24462&4&102.01388115716605|24464&4&25.36655998183771|24469&4&0.1569083233878947|24492&4&261.2480034567378|24495&4&466.49883532076547|24503&4&17.059741153417022,2|24397&4&243.41278483723215|24399&4&453.8972373743077|24400&4&464.01584859579845|24401&4&244.44642289928686|24403&4&515.7897346238847|24408&4&698.8391304993413|24412&4&259.44468717197697|24413&4&49.040715101450246|24417&4&178.09049391457535|24421&4&48.33063575575481|24422&4&39.58002708020255|24424&4&10.284189589774474|24430&4&714.015281463059|24431&4&303.4460688179988|24438&4&665.1953094984|24448&4&40.05248083088126|24450&4&68.50142261181514|24458&4&46.739186402911784|24459&4&32.19587678405041|24466&4&53.75404124747635|24487&4&9.896119281342768|24491&4&51.9195420867938|24493&4&482.95139742814376|24494&4&97.03001928303229|24499&4&14.707123157830466|24504&4&46.22366377101203|24507&4&5.050363122999499,2|24401&4&0.34983155790810533|24402&4&686.0261046176638|24405&4&12.840133685228373|24413&4&255.16851613296487|24415&4&48.87804419605445|24418&4&4.7514010307293475|24419&4&17.54057407090121|24423&4&82.67573006113054|24425&4&159.48054586244197|24429&4&100.07217642324215|24435&4&392.4716375219497|24436&4&169.5963578753826|24446&4&383.5795080555065|24451&4&16.374302646231694|24456&4&19.154369366880672|24461&4&172.43297874027252|24481&4&243.13052193654727|24489&4&116.88973363569464|24494&4&267.51122302022594,2|24398&4&94.27157434868965|24406&4&332.72794822867974|24417&4&140.31848547635266|24419&4&439.42399184833016|24439&4&507.02507675829787|24440&4&262.13425601925445|24448&4&330.76054012721545|24456&4&447.1276963519145|24457&4&29.318801619753913|24458&4&722.9387105591602|24459&4&255.2254018581962|24461&4&4.6213181607402625|24462&4&592.8756288184104|24467&4&549.2106260256278|24480&4&82.45659877200026|24489&4&134.30647610488273|24500&4&23.238931062683555|24505&4&0.14620262025036923|24508&4&32.291889023927716
50|4,130,1,1,1,1,1,1,1,1,1,1,1,1,1,1,1,1,1,1,1,1,1,1,1,1,1,1,1,1,1,1,1,1,1,1,1,1,1,1,1,1,1,1,1,1,1,1,1,1,1,1,1,1,1,1,1,1,1,1,1,1,1,1,1,1,1,1,1,1,1,1,1,1,1,1,1,1,1,1,1,1,1,1,1,1,1,1,1,1,1,1,1,1,1,1,1,1,1,1,1,1,0,0,0,0,0,0,0,0,0,0,0,0,0,0,0,0,0,0,0,0,2|24405&4&114.60629741214709|24406&4&81.45392404594175|24409&4&141.55182313703392|24411&4&574.1387602063835|24417&4&117.86584981268395|24418&4&102.25704314654104|24422&4&134.82225554606276|24423&4&234.06087162033333|24433&4&353.04496240864955|24437&4&568.853829171745|24440&4&267.2600780568209|24447&4&319.24803327693155|24454&4&272.20204995982385|24455&4&268.11985408809596|24457&4&4.731259767419733|24459&4&146.1973354070787|24460&4&193.09065873289254|24467&4&48.27470054726735|24468&4&20.87583860362413|24471&4&444.8421116869911|24472&4&85.36335737128758|24476&4&590.0223545478021|24478&4&10.41437958469373|24479&4&43.31961815822128|24480&4&269.55505466008236|24482&4&656.2236725102285|24485&4&225.0400638192458|24487&4&600.0917698685082|24496&4&116.47989645969626|24498&4&4.8585831039324034|24508&4&6.039233004697806,2|24398&4&3.2152392550612525|24401&4&191.06928327525094|24412&4&97.50288889459418|24418&4&1.341853352965879|24420&4&391.988362429523|24421&4&409.04605506405517|24425&4&3.30009209837176|24429&4&582.4771441925772|24432&4&546.1832114158519|24434&4&199.43695962228662|24451&4&533.5345780872071|24453&4&417.0837671472241|24464&4&474.1547386590486|24468&4&433.08120889424066|24469&4&157.5943880920454|24472&4&663.6218530401783|24473&4&124.12494893505423|24474&4&450.33114887223974|24479&4&625.5131788811518|24481&4&25.221570548140775|24496&4&484.7604998688599|24499&4&30.69282163379981|24503&4&36.354983379315094|24505&4&31.33599245666462,2|24405&4&1.585863488141538|24411&4&17.41655269189395|24423&4&5.20469840841724|24425&4&17.597786027014195|24427&4&426.8035390572974|24431&4&44.36287606293691|24445&4&321.45765431768694|24451&4&8.024143192012508|24456&4&2.250790823418278|24457&4&475.1046738277726|24461&4&438.0313464323332|24465&4&559.0560853634507|24470&4&701.5242890052921|24478&4&387.68528924845157|24481&4&113.16689443375859|24488&4&315.0621686951629|24490&4&376.81008366964943|24491&4&133.24808344185064|24498&4&2.4427221349866173|24507&4&3.9096907999956727|24509&4&4.447763457158739|24512&4&21.82009529404303,2|24407&4&762.7016587576225|24409&4&496.9233629404652|24410&4&494.0311921487629|24413&4&1.0320220601886596|24416&4&789.4715281236349|24425&4&2.5800011476601794|24427&4&0.13557023998888004|24433&4&113.18910367549357|24443&4&539.0536302007533|24445&4&76.12283215571986|24453&4&7.511003990733882|24455&4&47.48732746629618|24463&4&703.9684378607633|24464&4&28.45804009936516|24466&4&295.3143374377609|24477&4&472.43110596858406|24478&4&148.29928515348016|24481&4&166.45292416119332|24484&4&572.2105304079787|24486&4&183.17728108502212|24506&4&22.072012214693846|24511&4&41.40022598560147|24513&4&35.92909878110648|24514&4&36.165694452242825,2|24398&4&396.06043617558703|24404&4&444.0508997286187|24411&4&11.43770079734039|24415&4&174.8919024779538|24418&4&228.42917878511597|24420&4&35.469261318210656|24424&4&51.83032619344699|24425&4&92.86667095991083|24428&4&93.42381766786467|24434&4&348.82349127615265|24436&4&531.8737922963321|24441&4&507.48168745113134|24442&4&551.1425920634688|24445&4&-1.7763568394002505E-14|24447&4&6.035411607828902|24449&4&287.27028341980235|24454&4&17.967428332633745|24460&4&318.28526217511416|24473&4&412.24510655153375|24474&4&1.3072465633284034|24475&4&192.09584100478182|24485&4&128.21226513169483|24486&4&6.217248937900877E-15|24491&4&349.26279245878965|24512&4&29.125792747346004,2|24405&4&198.96193574016257|24416&4&59.95040262825507|24423&4&2.2320451904919407|24428&4&239.795968201883|24441&4&300.5728265272863|24450&4&333.7864484717337|24452&4&417.413379775994|24455&4&74.91430176736957|24466&4&196.24168481875824|24469&4&465.0189307350876|24471&4&32.42145196598573|24483&4&615.4008221005396|24486&4&166.71737227974162|24487&4&2.4868995751603507E-14|24489&4&5.840958033925574|24498&4&4.349741460879747|24501&4&1.8943970462197066|24502&4&18.286036112497396|24503&4&32.25211771571615,2|24397&4&317.62823314168827|24406&4&46.99993106672379|24409&4&9.649293870954011|24410&4&8.546017992130206|24412&4&103.72182404266337|24414&4&701.531538777637|24424&4&197.34310248013313|24426&4&559.8042816983174|24427&4&20.750336303249284|24428&4&183.86445754421908|24432&4&9.619692194426108|24433&4&17.890108224640763|24435&4&31.999052637391557|24436&4&9.700567828966443|24444&4&587.6120884365887|24445&4&189.68295623099465|24449&4&182.73148863238094|24462&4&80.5603130302528|24464&4&15.733535683025586|24469&4&-1.1657341758564144E-15|24492&4&252.29838361920164|24495&4&434.071858124947|24503&4&13.96560822834422,2|24397&4&210.93202675977653|24399&4&491.4922700549344|24400&4&493.41676607974875|24401&4&210.18449950901356|24403&4&543.9811807744215|24408&4&743.8116991087059|24412&4&244.9314068899802|24413&4&102.21425107986354|24417&4&242.00467713612403|24421&4&99.64794252890724|24422&4&33.399102495081365|24424&4&34.931297170195776|24430&4&671.8252653190148|24431&4&324.10417937517747|24438&4&637.117652990634|24448&4&27.034335157040758|24450&4&92.11082701461989|24458&4&32.59019287320657|24459&4&22.607083157399902|24466&4&37.20002257233414|24487&4&5.757064301083089|24491&4&49.32356498245411|24493&4&511.7200171392831|24494&4&101.65158948054531|24499&4&12.71400188189226|24504&4&44.42221970634838|24507&4&4.713672248132866,2|24401&4&0.32796708553884873|24402&4&695.5447714455167|24405&4&6.3525623673019265|24413&4&234.47624806365025|24415&4&90.97796797044033|24418&4&3.959500858941117|24419&4&14.889909826065352|24423&4&89.18956937321668|24425&4&228.3150902509167|24429&4&79.67647768408406|24435&4&376.7734919070322|24436&4&148.14228033341257|24446&4&357.3779007735093|24451&4&8.399265374449033|24456&4&9.751277189105721|24461&4&154.2049043233882|24481&4&228.81439362610303|24489&4&175.13363868896158|24494&4&238.59430282202368,2|24398&4&83.91561370695575|24406&4&304.52156539625247|24417&4&115.38555062490353|24419&4&426.01106483251436|24439&4&483.43113065454884|24440&4&225.68071770914128|24448&4&369.5227474099051|24456&4&480.0284326725553|24457&4&18.38028962846026|24458&4&761.9300266095318|24459&4&230.05884939262447|24461&4&1.5188990707992562|24462&4&553.3711535615491|24467&4&578.5279467799712|24480&4&66.3997786339572|24489&4&117.73113009916442|24500&4&21.516729756488722|24505&4&0.12792729271907305|24508&4&29.39690644917667
51|4,130,1,1,1,1,1,1,1,1,1,1,1,1,1,1,1,1,1,1,1,1,1,1,1,1,1,1,1,1,1,1,1,1,1,1,1,1,1,1,1,1,1,1,1,1,1,1,1,1,1,1,1,1,1,1,1,1,1,1,1,1,1,1,1,1,1,1,1,1,1,1,1,1,1,1,1,1,1,1,1,1,1,1,1,1,1,1,1,1,1,1,1,1,1,1,1,1,1,1,1,1,0,0,0,0,0,0,0,0,0,0,0,0,0,0,0,0,0,0,0,0,2|24405&4&103.16572477518159|24406&4&77.15122911208385|24409&4&133.50903288568054|24411&4&653.7101711049122|24417&4&108.76324258601028|24418&4&91.93706461508025|24422&4&124.43763855439681|24423&4&208.71498820418392|24433&4&398.5714994446152|24437&4&546.6142971040181|24440&4&361.6256003320895|24447&4&291.182526918839|24454&4&284.8808691418733|24455&4&331.511261510272|24457&4&3.7850078139357852|24459&4&205.0235640123385|24460&4&159.5067039817981|24467&4&33.14244338255392|24468&4&10.551155777493225|24471&4&483.86214574471205|24472&4&120.55837098262907|24476&4&639.4980578791991|24478&4&6.555773131106278|24479&4&29.207646362433152|24480&4&337.5702850764727|24482&4&624.304291948151|24485&4&215.6977248810825|24487&4&553.0631286829656|24496&4&179.81750422795872|24498&4&4.5115414536515175|24508&4&5.607859218647963,2|24398&4&0.7927465383325334|24401&4&180.96572168899965|24412&4&89.00198777377611|24418&4&0.6709266764829374|24420&4&365.41062418708714|24421&4&362.2394666426225|24425&4&1.3496971007716603|24429&4&625.908459508134|24432&4&531.4833751107028|24434&4&171.4707339770475|24451&4&566.5080319982206|24453&4&383.65570838837834|24464&4&495.4456362651191|24468&4&470.1088838684321|24469&4&135.25808308152435|24472&4&600.4963744247498|24473&4&100.11408462369567|24474&4&515.4497636955402|24479&4&610.4499313688084|24481&4&15.88105463945676|24496&4&430.2872628449138|24499&4&28.01985096888594|24503&4&33.05864557697198|24505&4&28.49262145623687,2|24405&4&1.1893976161061541|24411&4&12.12660196237238|24423&4&3.9035238063129323|24425&4&12.630681927167128|24427&4&461.3887181666736|24431&4&40.825126658708996|24445&4&297.393521585497|24451&4&5.349428794674999|24456&4&1.6880931175637084|24457&4&525.0343464692015|24461&4&430.3868928981616|24465&4&546.0750852403668|24470&4&667.579485985977|24478&4&356.4017296600078|24481&4&104.12179510661129|24488&4&342.18055129540045|24490&4&343.32373476606375|24491&4&111.46822448396826|24498&4&2.239161957071066|24507&4&3.6089453538421594|24509&4&4.130066067361687|24512&4&17.457887709453907,2|24407&4&766.2750971783992|24409&4&445.4474689124025|24410&4&545.6302164941678|24413&4&7.549516567451064E-15|24416&4&830.4359165770052|24425&4&2.150000956383483|24427&4&0.10845619199110407|24433&4&101.76426578746492|24443&4&527.1999362112465|24445&4&55.467158854896915|24453&4&2.5252682748998945|24455&4&43.40903452331155|24463&4&741.2039998881722|24464&4&24.50646869442616|24466&4&261.70177450835655|24477&4&450.7897599735146|24478&4&145.00737724215895|24481&4&146.8634573621231|24484&4&591.5037116998477|24486&4&160.2873734011222|24506&4&20.297445500322233|24511&4&36.76249460847714|24513&4&32.34880016242603|24514&4&32.84389362327556,2|24398&4&386.28445300001965|24404&4&437.37652777354936|24411&4&3.7786412930931323|24415&4&146.44812546148333|24418&4&265.96322837282554|24420&4&24.349281059651453|24424&4&48.70935769971069|24425&4&85.54099307931183|24428&4&86.72174450437501|24434&4&328.12538920907167|24436&4&497.49959145865284|24441&4&505.16949188656434|24442&4&576.1737283312073|24447&4&2.794615200114961|24449&4&318.8405762933457|24454&4&11.854119662594597|24460&4&391.16911531140914|24473&4&429.3291286505708|24474&4&1.1546319456101628E-14|24475&4&183.12936118537374|24485&4&118.43264736767412|24491&4&319.25961397179304|24512&4&26.70243164658941,2|24405&4&239.37771237777955|24416&4&41.14728529534091|24423&4&6.217248937900877E-15|24428&4&320.65145690832185|24441&4&257.5348446533919|24450&4&293.4877813500647|24452&4&408.15145586974273|24455&4&54.99794139965131|24466&4&250.91209655494|24469&4&492.81219759309056|24471&4&19.69515128563181|24483&4&583.8727431839759|24486&4&249.7406288341062|24489&4&2.0606904698702966|24498&4&4.0151459638889975|24501&4&1.7590829714897276|24502&4&16.84312517166562|24503&4&39.07797102858025|24511&4&3.3503914377076285,2|24397&4&325.8152846546305|24406&4&36.91472310105973|24409&4&48.08770523854234|24410&4&4.793330367917809|24412&4&109.06903233718023|24414&4&733.134645996809|24419&4&8.76633252631143|24424&4&164.94294057509535|24426&4&610.3327732878272|24427&4&11.185435076517159|24428&4&152.83244881584167|24432&4&6.256221415691362|24433&4&10.785664097187347|24435&4&25.568118842868074|24436&4&3.8572544375876108|24444&4&650.6986286656929|24445&4&281.1882225877223|24449&4&153.74343659652652|24462&4&61.61609688568787|24464&4&8.264186216192485|24492&4&273.9276103443225|24495&4&456.4680262652038|24503&4&10.87147530327142,2|24397&4&180.22010493579688|24399&4&531.110810230528|24400&4&555.1881116502898|24401&4&178.62327891828124|24403&4&496.031073357869|24406&4&21.675535680664915|24408&4&722.1164687424177|24412&4&230.41812660798342|24413&4&148.7297908264195|24417&4&309.56743426974623|24421&4&155.74430081801378|24422&4&27.218177909960193|24424&4&78.05176895299005|24430&4&684.0311401785578|24431&4&354.9781986391448|24436&4&71.23191024659587|24438&4&621.5603650178039|24448&4&16.359431751338043|24450&4&169.1851206279885|24458&4&21.5153771694606|24459&4&13.315484070723901|24466&4&23.24853586003939|24487&4&1.61800932082341|24491&4&67.09289295104854|24493&4&567.8982897544009|24494&4&96.11465962776433|24499&4&17.34159805343558|24504&4&44.864814370845984|24507&4&4.376981373266233|24512&4&3.356288379745479,2|24401&4&80.74929399841844|24402&4&674.5019225938486|24405&4&1.8694505196050244|24413&4&213.7839799943356|24415&4&139.95031078982174|24418&4&3.167600687152893|24419&4&12.239245581229492|24422&4&6.658808474900468|24423&4&87.87736027133276|24425&4&298.1114974851212|24429&4&62.19212115667886|24435&4&413.1619530119819|24436&4&126.68820279144254|24446&4&361.0793546146721|24448&4&81.55488074009631|24451&4&2.792523419227352|24456&4&3.4507189001753025|24461&4&135.97682990650387|24481&4&214.4982653156588|24489&4&232.02983966845215|24494&4&273.21934320782367,2|24398&4&73.55965306522187|24406&4&276.3151825638253|24417&4&93.79947466272525|24419&4&394.12644482362265|24439&4&448.0448200038834|24440&4&192.32323352715827|24448&4&340.51372113182504|24456&4&513.0573348274338|24457&4&9.55732116683014|24458&4&704.9754617670914|24459&4&204.8922969270528|24461&4&9.325873406851315E-15|24462&4&561.0544073947912|24467&4&649.5946215680882|24480&4&52.37247771930589|24489&4&101.15578409344604|24500&4&19.794528450293885|24505&4&0.10965196518777688|24508&4&26.50192387442562
52|4,130,1,1,1,1,1,1,1,1,1,1,1,1,1,1,1,1,1,1,1,1,1,1,1,1,1,1,1,1,1,1,1,1,1,1,1,1,1,1,1,1,1,1,1,1,1,1,1,1,1,1,1,1,1,1,1,1,1,1,1,1,1,1,1,1,1,1,1,1,1,1,1,1,1,1,1,1,1,1,1,1,1,1,1,1,1,1,1,1,1,1,1,1,1,1,1,1,1,1,1,1,0,0,0,0,0,0,0,0,0,0,0,0,0,0,0,0,0,0,0,0,2|24405&4&91.72515213821612|24406&4&72.84853417822598|24409&4&125.46624263432716|24411&4&614.2920146355835|24417&4&99.66063535933662|24418&4&81.61708608361945|24422&4&114.05302156273092|24423&4&183.36910478803446|24433&4&412.4645960608973|24437&4&570.6918237407481|24440&4&455.640297186354|24447&4&297.8819912772048|24454&4&307.0813013672873|24455&4&401.28406426066874|24457&4&2.8387558604518377|24459&4&252.70160543542374|24460&4&129.22417186182074|24467&4&20.58592075016361|24468&4&3.5439069754264674|24471&4&447.1258679606309|24472&4&114.0811716052277|24476&4&693.7943095739034|24478&4&3.800632019761912|24479&4&18.08694812498629|24480&4&393.40148255089264|24482&4&601.3922662107334|24485&4&202.69026802437284|24487&4&512.7370232168803|24496&4&243.90857759443472|24498&4&4.1644998033706315|24508&4&5.17648543259812,2|24398&4&5.10702591327572E-15|24401&4&170.8621601027484|24412&4&80.50108665295805|24418&4&-4.218847493575595E-15|24420&4&338.83288594465137|24421&4&315.9692227972268|24425&4&9.325873406851315E-15|24429&4&648.4146582034134|24432&4&491.69263509105497|24434&4&143.86799534380418|24451&4&605.2072421844161|24453&4&350.2276496295326|24464&4&549.2832857670762|24468&4&506.25333207783166|24469&4&112.92177807100327|24472&4&540.3832881477557|24473&4&76.89630292886206|24474&4&496.5500126106843|24479&4&675.1959218777135|24481&4&8.340616131653668|24496&4&378.5710478743956|24499&4&25.34688030397207|24503&4&29.762307774628866|24505&4&25.64925045580912,2|24405&4&0.7929317440707703|24411&4&6.83665123285081|24423&4&2.6023492042086245|24425&4&7.663577827320061|24427&4&439.49761389702775|24431&4&37.28737725448107|24445&4&273.329388853307|24451&4&2.6747143973374903|24456&4&1.125395411709139|24457&4&556.5595673014107|24461&4&404.843838314792|24465&4&497.81019716663513|24470&4&658.6927163345445|24478&4&325.118170071564|24481&4&95.07669577946399|24488&4&375.9472302782002|24490&4&309.9901457131722|24491&4&89.68836552608589|24498&4&2.035601779155515|24507&4&3.308199907688646|24509&4&8.071994561466582|24512&4&13.52383140556189,2|24403&4&30.221251893176827|24407&4&825.0330096091432|24409&4&396.5508630871467|24410&4&505.6517423223806|24416&4&869.4971882171376|24425&4&1.7200007651067866|24427&4&0.08134214399332809|24433&4&90.33942789943629|24442&4&40.40867106748692|24443&4&507.33366450141614|24445&4&37.50730231070005|24453&4&1.0658141036401503E-14|24455&4&39.33074158032692|24463&4&696.6278102880945|24464&4&20.55489728948716|24466&4&228.08921157895216|24477&4&455.1343401626492|24478&4&146.19492692357238|24481&4&127.27399056305286|24484&4&608.0642482089437|24485&4&5.250875599386973|24486&4&137.3974657172223|24506&4&18.522878785950617|24511&4&32.124763231352816|24513&4&28.768501543745572|24514&4&29.522092794308293,2|24398&4&431.7112796017517|24404&4&451.8658647582479|24411&4&2.7533531010703882E-14|24415&4&118.55895884115142|24418&4&293.66476662173113|24420&4&15.52485214399802|24424&4&45.58838920597439|24425&4&78.21531519871283|24428&4&80.01967134088534|24434&4&307.42728714199063|24436&4&463.1253906209735|24441&4&586.952214086502|24442&4&522.3407389324698|24447&4&1.865174681370263E-14|24449&4&354.76068677159105|24454&4&5.74081099255546|24460&4&473.793700606379|24473&4&477.94057795219305|24475&4&172.76144134415188|24485&4&108.65302960365341|24491&4&291.45929813566175|24512&4&24.27907054583282,2|24405&4&288.19199962333437|24416&4&25.853696469807375|24428&4&408.02402248128845|24434&4&32.4935061799078|24441&4&215.82086715765246|24450&4&255.32575941687176|24452&4&460.2765011475169|24455&4&37.8313853519437|24466&4&331.80677848058906|24469&4&483.6906240175261|24471&4&9.985838561296582|24472&4&66.80892580070622|24483&4&568.9114243131742|24486&4&256.3213648224109|24489&4&-8.881784197001252E-16|24498&4&3.680550466898248|24500&4&0.6707840482297343|24501&4&1.6237688967597486|24502&4&15.400214230833846|24503&4&45.32778037433704|24511&4&9.412231522037754,2|24397&4&334.8207518154912|24406&4&27.02593979972736|24409&4&71.56864123331253|24410&4&1.8150997426719166|24411&4&119.87036714286965|24412&4&163.936730988867|24414&4&701.2044359585971|24419&4&8.328015899995858|24424&4&134.91842548679435|24426&4&633.2340750200644|24427&4&4.58946499320492|24428&4&124.5676617457587|24432&4&3.3688889354535068|24433&4&5.109144245129367|24435&4&19.424688785364104|24436&4&0.7810962369545112|24444&4&700.004911649752|24445&4&368.777942331156|24449&4&126.6043202423667|24462&4&44.83089788415253|24464&4&3.316811288882569|24492&4&304.79943514760953|24495&4&505.9713493773485|24503&4&7.826343594775636,2|24397&4&151.16290709712013|24399&4&577.1102942529101|24400&4&612.3034032626244|24401&4&150.3020084772728|24403&4&451.15406659917153|24406&4&69.64564756837044|24408&4&762.7205375642295|24412&4&215.9048463259866|24413&4&189.5599596283263|24417&4&374.2610948072255|24421&4&191.30680238723957|24422&4&22.887983777599224|24424&4&130.23804638473752|24430&4&664.8639001696048|24431&4&388.2741767322499|24436&4&136.59902299859584|24438&4&662.5163428765868|24448&4&8.692675283913953|24450&4&243.56353187026068|24458&4&11.217037845106734|24459&4&6.078599545292205|24466&4&12.259836938435864|24487&4&0.691587281165325|24491&4&111.14829635884155|24493&4&624.2346397402533|24494&4&90.57772977498334|24499&4&23.36991063293965|24504&4&45.49651939282856|24507&4&4.0402904983995995|24512&4&9.018752305440824,2|24401&4&171.43863059412377|24402&4&690.5139033972084|24405&4&1.3766765505351941E-14|24413&4&193.09171192502097|24415&4&196.77016723541612|24418&4&2.375700515364669|24419&4&9.58858133639363|24420&4&9.189461528927124|24422&4&8.270473303898873|24423&4&154.10107265000636|24425&4&303.9269966741109|24429&4&48.08349405610578|24435&4&465.7124538510145|24436&4&105.2341252494725|24446&4&360.0347800285484|24448&4&171.76265270166482|24451&4&-6.217248937900877E-15|24453&4&25.67186219597852|24456&4&-4.440892098500626E-15|24461&4&117.74875548961955|24481&4&264.0837264398601|24489&4&291.3624387095655|24494&4&320.2574806044979,2|24398&4&63.20369242348796|24406&4&248.10879973139816|24417&4&74.70801698583355|24419&4&362.98107557973407|24439&4&469.74477975630475|24440&4&162.42012443104517|24448&4&311.504694853745|24456&4&475.1714141073818|24457&4&3.2729443995098726|24458&4&691.4758173446476|24459&4&179.72574446148107|24462&4&592.4530060261762|24467&4&640.6014466195196|24480&4&40.72996035214901|24489&4&84.5804380877277|24500&4&18.07232714409905|24505&4&0.09137663765648071|24508&4&23.60694129967457
53|4,130,1,1,1,1,1,1,1,1,1,1,1,1,1,1,1,1,1,1,1,1,1,1,1,1,1,1,1,1,1,1,1,1,1,1,1,1,1,1,1,1,1,1,1,1,1,1,1,1,1,1,1,1,1,1,1,1,1,1,1,1,1,1,1,1,1,1,1,1,1,1,1,1,1,1,1,1,1,1,1,1,1,1,1,1,1,1,1,1,1,1,1,1,1,1,1,1,1,1,1,1,0,0,0,0,0,0,0,0,0,0,0,0,0,0,0,0,0,0,0,0,2|24405&4&80.28457950125063|24406&4&68.54583924436808|24409&4&117.42345238297378|24411&4&574.8738581662548|24417&4&90.55802813266297|24418&4&71.29710755215866|24422&4&103.66840457106498|24423&4&158.023221371885|24433&4&386.32540394429145|24437&4&622.349453913351|24440&4&523.2601106529253|24447&4&269.15639604686754|24454&4&315.4415699149208|24455&4&469.33114109557243|24457&4&1.8925039069678902|24459&4&237.69017610502215|24460&4&102.35500178271457|24467&4&10.674351204480296|24468&4&0.0|24471&4&410.38959017654975|24472&4&107.60397222782632|24476&4&740.4324708831621|24478&4&1.0454909084175528|24479&4&9.876176433182097|24480&4&390.8511008672955|24482&4&638.5665341139186|24485&4&189.68281116766317|24487&4&518.1964042776394|24496&4&333.3729379307292|24498&4&3.8174581530897456|24508&4&4.745111646548278,2|24401&4&160.75859851649713|24412&4&72.00018553214|24420&4&312.2551477022155|24421&4&271.7543793920734|24429&4&628.6818665820729|24432&4&541.2477119228288|24434&4&118.61491469774492|24451&4&643.6458392668003|24453&4&316.79959087068687|24464&4&524.5533913954014|24468&4&503.0481605038943|24469&4&91.10478383969591|24472&4&482.13989751119107|24473&4&58.070515320051875|24474&4&550.0386244954634|24479&4&654.4276018931812|24481&4&2.892399657987971|24496&4&328.938820793472|24499&4&22.673909639058206|24503&4&26.465969972285748|24505&4&22.805879455381366,2|24405&4&0.3964658720353864|24411&4&1.5467005033292378|24423&4&1.3011746021043167|24425&4&2.6964737274729957|24427&4&433.67880071763716|24431&4&33.74962785025315|24445&4&249.26525612111706|24451&4&-1.865174681370263E-14|24456&4&0.5626977058545695|24457&4&537.3502025937998|24461&4&466.6560311121524|24465&4&522.3206447899155|24470&4&678.2976416888084|24478&4&293.83461048312023|24481&4&86.03159645231668|24488&4&417.57140551817065|24490&4&276.65655666028056|24491&4&67.90850656820352|24498&4&1.8320416012399636|24507&4&3.007454461535133|24509&4&14.701249382486282|24512&4&10.061420394068408,2|24403&4&93.41014236257965|24407&4&869.0533744132686|24409&4&347.6966579994899|24410&4&465.6732681505935|24416&4&903.4032694892893|24425&4&1.2900005738300901|24427&4&0.054228095995552124|24433&4&78.91459001140765|24442&4&53.18675430025061|24443&4&466.5633712070269|24445&4&22.85167105217843|24455&4&35.2524486373423|24458&4&86.09774578944797|24459&4&71.65785598660368|24463&4&661.782014777297|24464&4&16.603325884548163|24466&4&194.47664864954774|24477&4&469.6077175217162|24478&4&137.91417014943397|24481&4&107.68452376398263|24484&4&606.6442470742351|24485&4&4.988331819417624|24486&4&114.6338758975191|24506&4&16.748312071579004|24508&4&6.010459528218519|24511&4&27.487031854228476|24513&4&25.188202925065127|24514&4&26.200291965341037,2|24398&4&401.1800916334586|24404&4&457.5069998983017|24415&4&93.10537330632926|24418&4&275.33722956142884|24420&4&9.147326967713052|24424&4&42.46742071223808|24425&4&70.88963731811381|24428&4&73.3175981773957|24434&4&286.72918507490965|24436&4&428.7511897832942|24441&4&670.5394956489813|24442&4&471.15165634306624|24449&4&387.7312005606262|24454&4&2.8704054962777206|24460&4&556.5483280920369|24473&4&508.6899828163802|24475&4&162.39352150293004|24485&4&98.8734118396327|24491&4&266.0998666977385|24512&4&21.85570944507623,2|24405&4&331.5072621311384|24415&4&65.51947142669773|24416&4&13.969665806551895|24428&4&499.20234088917607|24434&4&30.868830870912408|24441&4&177.17643868479968|24450&4&219.937224833717|24452&4&439.751085748992|24455&4&23.824279825954196|24466&4&421.1454606108039|24469&4&458.2034177214108|24471&4&17.673476287738428|24472&4&140.72855775101752|24483&4&615.9279472524588|24486&4&295.92567703027294|24498&4&3.345954969907498|24500&4&9.170037857318665|24501&4&1.4884548220297695|24502&4&13.957303290002073|24503&4&51.33960046799869|24511&4&15.693268046290868,2|24397&4&411.42745810156254|24400&4&43.85186960103135|24406&4&17.608240063016215|24409&4&140.28639378823266|24410&4&2.220446049250313E-15|24411&4&194.41798576050905|24412&4&211.9233348338292|24414&4&734.8674757413255|24419&4&74.99207543041038|24424&4&107.70258451286941|24426&4&599.5893675970706|24427&4&0.6413975034941738|24428&4&99.31518466671294|24432&4&0.4815564552156503|24433&4&1.4784312782936304|24435&4&13.281258727860141|24436&4&-4.6629367034256575E-15|24444&4&751.7512392867595|24445&4&348.8724332828982|24449&4&102.12251370031757|24462&4&30.44527026361532|24464&4&0.902009140995987|24492&4&352.964070050916|24493&4&27.679495351545086|24495&4&457.66558702312966|24503&4&5.243466725840145,2|24397&4&122.18121410805823|24399&4&620.8301096226938|24400&4&555.0480068356127|24401&4&125.52682805310576|24403&4&406.48327585494644|24406&4&115.61449151053532|24408&4&815.7346435578417|24412&4&201.39156604398983|24413&4&187.01920487830958|24417&4&444.60663110197953|24421&4&235.30983250625994|24422&4&18.55778964523824|24424&4&200.7249656028963|24430&4&712.0140555349246|24431&4&431.8281291013477|24436&4&163.0957518137812|24438&4&696.1863318509982|24448&4&3.7839151454532924|24450&4&322.85229192023735|24458&4&4.0703874081019205|24459&4&1.7105912314842833|24466&4&4.266571184860169|24487&4&2.886579864025407E-15|24491&4&158.17300049227057|24493&4&572.001088823524|24494&4&85.04079992220238|24499&4&29.18358751337322|24504&4&46.319120636209355|24507&4&3.7035996235329662|24512&4&15.515378899562798,2|24401&4&265.24027279440776|24402&4&646.5531072310289|24413&4&172.39944385570638|24415&4&186.13930822282697|24418&4&1.5838003435764447|24419&4&6.93791709155777|24420&4&8.729988452480768|24422&4&73.10056689971985|24423&4&220.99426815546235|24425&4&375.64711147817457|24429&4&36.164970799466595|24435&4&457.4157707687963|24436&4&83.78004770750245|24446&4&353.6963860367424|24448&4&218.79088017808044|24453&4&56.70183792968241|24461&4&99.52068107273521|24481&4&328.48563388783316|24489&4&345.4405055320872|24494&4&366.2844283970751,2|24398&4&52.84773178175405|24406&4&219.90241689897096|24417&4&57.76906830433192|24419&4&334.3799126359609|24439&4&431.76622424455525|24440&4&135.91107810890276|24448&4&282.4956685756649|24456&4&437.2854933873298|24457&4&-1.509903313490213E-14|24458&4&632.3485064812073|24459&4&154.55919199590934|24462&4&592.3502231443332|24467&4&697.5864346207371|24480&4&29.404291513582272|24489&4&68.00509208200936|24500&4&16.350125837904216|24505&4&0.07310131012518455|24508&4&20.711958724923516
54|4,130,1,1,1,1,1,1,1,1,1,1,1,1,1,1,1,1,1,1,1,1,1,1,1,1,1,1,1,1,1,1,1,1,1,1,1,1,1,1,1,1,1,1,1,1,1,1,1,1,1,1,1,1,1,1,1,1,1,1,1,1,1,1,1,1,1,1,1,1,1,1,1,1,1,1,1,1,1,1,1,1,1,1,1,1,1,1,1,1,1,1,1,1,1,1,1,1,1,1,1,1,0,0,0,0,0,0,0,0,0,0,0,0,0,0,0,0,0,0,0,0,2|24405&4&68.84400686428515|24406&4&64.2431443105102|24409&4&109.3806621316204|24411&4&535.4557016969261|24417&4&81.4554209059893|24418&4&60.977129020697866|24422&4&93.28378757939909|24423&4&132.67733795573554|24433&4&428.40889004295997|24437&4&678.1277413105776|24440&4&520.5241231193447|24447&4&242.49902051218604|24454&4&373.4987553338872|24455&4&531.6532070856729|24457&4&0.9462519534839428|24459&4&222.67874677462052|24460&4&78.87726562147917|24467&4&4.3697360641009695|24471&4&373.65331239246865|24472&4&101.12677285042493|24476&4&749.5857333898552|24478&4&0.5227454542087727|24479&4&3.32915031789848|24480&4&364.89564145138604|24482&4&678.8776999467041|24485&4&176.67535431095348|24487&4&541.9532199527014|24496&4&428.8746206926796|24498&4&3.4704165028088596|24508&4&4.313737860498435,2|24401&4&150.65503693024584|24412&4&63.49928441132192|24420&4&285.67740945977965|24421&4&231.52395297468354|24429&4&602.9932302092118|24432&4&529.4433264184389|24434&4&96.37252361485861|24451&4&673.6065270328153|24453&4&283.3715321118411|24464&4&580.3832820954906|24468&4&552.7669731420344|24469&4&70.21980848571819|24472&4&426.1157452560425|24473&4&39.47773750526342|24474&4&527.4069971827194|24479&4&712.9109187679853|24481&4&-1.1546319456101628E-14|24496&4&282.6167101649207|24499&4&20.000938974144336|24503&4&23.169632169942638|24505&4&19.962508454953618,2|24405&4&2.55351295663786E-15|24411&4&0.5560331922861466|24420&4&50.23029974162211|24423&4&8.881784197001252E-15|24425&4&1.687538997430238E-14|24427&4&438.7602480220878|24431&4&30.21187844602523|24445&4&225.2011233889271|24447&4&29.459052705526318|24456&4&0.0|24457&4&511.6626572841177|24461&4&504.9119360728497|24465&4&559.0828684089441|24470&4&651.9849820198017|24478&4&262.55105089467645|24480&4&83.81808007182042|24481&4&76.98649712516936|24488&4&458.7423952983897|24490&4&278.3105119884111|24491&4&48.859476493615595|24498&4&1.6284814233244123|24507&4&2.7067090153816196|24509&4&21.91488622750006|24512&4&7.092521780624441|24513&4&0.9599447413818893,2|24403&4&126.8357333523368|24407&4&919.5144179592478|24409&4&301.56768463726075|24410&4&425.69479397880644|24416&4&945.0933084636165|24425&4&0.8600003825533936|24427&4&0.027114047997776156|24433&4&67.489752123379|24442&4&87.42017466512868|24443&4&438.9865201585056|24445&4&40.63765824542254|24455&4&31.174155694357665|24456&4&1.154803147547625|24458&4&191.43290318562865|24459&4&147.78988703317503|24463&4&662.5328373531601|24464&4&12.651754479609163|24466&4&160.86408572014338|24477&4&497.24724434979794|24478&4&217.80428295306078|24481&4&88.0950569649124|24484&4&626.3868757816117|24485&4&88.71356435682037|24486&4&93.36903854885132|24506&4&14.973745357207392|24508&4&13.634928104629466|24511&4&22.84930047710414|24513&4&21.60790430638467|24514&4&22.878491136373775,2|24398&4&370.6489036651655|24404&4&431.04319106915483|24415&4&71.29858629041111|24418&4&275.0066974031068|24420&4&3.1183675960727166|24424&4&39.34645221850178|24425&4&63.563959437514804|24428&4&66.61552501390604|24434&4&266.0310830078286|24436&4&394.3769889456149|24441&4&750.9624602766401|24442&4&423.01300650619453|24449&4&422.9320924251108|24454&4&-1.865174681370263E-14|24460&4&580.6096310305893|24473&4&540.7282336954213|24475&4&152.0256016617082|24485&4&89.093794075612|24491&4&240.74043525981511|24502&4&7.720699679865106|24512&4&19.43234834431964,2|24405&4&324.51114211491506|24415&4&112.99706549052172|24416&4&5.746473038477621|24428&4&505.9417172428001|24434&4&29.24415556191702|24441&4&142.0480672554832|24450&4&187.75553744608249|24452&4&495.3887082077498|24455&4&13.095511478299713|24466&4&516.9252723804336|24469&4&513.1832992310232|24471&4&60.048924470546545|24472&4&181.98048666848956|24483&4&668.7206440186606|24486&4&370.1477289415125|24497&4&22.790293827408902|24498&4&3.0113594729167485|24500&4&17.782950373387518|24501&4&1.3531407472997905|24502&4&12.514392349170297|24503&4&56.408276944608616|24511&4&22.047401851301302,2|24397&4&432.4325445362922|24400&4&148.3323559491286|24406&4&9.401524352180676|24409&4&167.89798696420388|24411&4&187.18930558608136|24412&4&271.6163875551036|24414&4&765.8077152025631|24419&4&152.79878701680593|24424&4&83.27562579712601|24426&4&575.0858902942157|24427&4&-4.218847493575595E-15|24428&4&77.58633896639701|24432&4&1.1102230246251565E-16|24433&4&1.021405182655144E-14|24435&4&7.2501990997269985|24444&4&795.0784507351946|24445&4&328.9669242346405|24449&4&80.50490958569883|24462&4&18.67124985338169|24464&4&-6.8833827526759706E-15|24489&4&83.89656040717034|24492&4&410.41409250378183|24493&4&118.41835652371535|24495&4&454.77448103175476|24503&4&3.1479849820422263|24505&4&10.39079094951012,2|24397&4&95.88056442020968|24399&4&669.6973987602554|24400&4&500.4991192604434|24401&4&104.61947001742911|24403&4&362.64850609155786|24406&4&170.90921657798305|24408&4&860.5093205020858|24412&4&186.87828576199303|24413&4&221.58688887082212|24417&4&446.4387085115611|24421&4&265.91115389903257|24422&4&14.227595512877265|24424&4&266.89861550749276|24430&4&648.699831016762|24431&4&478.45216997865185|24436&4&249.9881735318165|24438&4&747.5935503667255|24448&4&1.8919575727266567|24450&4&350.36429818080705|24458&4&3.019806626980426E-14|24459&4&-2.220446049250313E-15|24466&4&4.263256414560601E-14|24491&4&225.249446897351|24493&4&522.734377631074|24494&4&79.5038700694214|24499&4&34.299700057426875|24504&4&47.48145392887268|24507&4&8.3883531049147|24512&4&22.909576941249494,2|24401&4&251.33046400722006|24402&4&686.9222528303529|24413&4&151.70717578639176|24415&4&175.5084492102378|24418&4&0.7919001717882207|24419&4&4.287252846721908|24420&4&8.270515376034412|24422&4&80.15886809932378|24423&4&290.53107546020794|24425&4&352.7932854743307|24429&4&24.52265397089652|24435&4&436.51038813001963|24436&4&62.3259701655324|24446&4&385.95869642011803|24448&4&222.99474195748653|24453&4&116.0415637598831|24461&4&81.29260665585089|24481&4&344.62985732154084|24489&4&325.48232107584124|24494&4&416.6688962450636,2|24398&4&42.49177114002015|24406&4&191.69603406654377|24417&4&43.93356423715373|24419&4&305.77874969218783|24439&4&402.4894270616378|24440&4&113.02415177851559|24448&4&253.48664229758486|24456&4&399.39957266727777|24458&4&573.2211956177669|24459&4&129.39263953033762|24462&4&628.0706115771836|24467&4&681.3868304678365|24480&4&19.500630174514747|24489&4&54.203226896437315|24500&4&14.627924531709379|24505&4&0.05482598259388838|24508&4&17.81697615017247
55|4,130,1,1,1,1,1,1,1,1,1,1,1,1,1,1,1,1,1,1,1,1,1,1,1,1,1,1,1,1,1,1,1,1,1,1,1,1,1,1,1,1,1,1,1,1,1,1,1,1,1,1,1,1,1,1,1,1,1,1,1,1,1,1,1,1,1,1,1,1,1,1,1,1,1,1,1,1,1,1,1,1,1,1,1,1,1,1,1,1,1,1,1,1,1,1,1,1,1,1,1,1,0,0,0,0,0,0,0,0,0,0,0,0,0,0,0,0,0,0,0,0,2|24405&4&57.40343422731966|24406&4&59.94044937665232|24409&4&101.33787188026702|24411&4&496.0375452275973|24417&4&72.35281367931564|24418&4&50.657150489237075|24422&4&82.89917058773315|24423&4&107.3314545395861|24433&4&482.58743546443964|24437&4&738.4466905732796|24440&4&587.5963348699631|24447&4&215.84164497750444|24454&4&353.18250429117427|24455&4&566.420850404972|24457&4&-4.6629367034256575E-15|24459&4&207.6673174442189|24460&4&58.59443117517667|24467&4&1.867189003470809|24471&4&336.9170346083876|24472&4&94.64957347302354|24476&4&718.5571351755019|24478&4&-2.220446049250313E-16|24479&4&-2.042810365310288E-14|24480&4&338.94018203547654|24482&4&692.3608279639378|24485&4&163.66789745424379|24487&4&531.7303815005675|24496&4&404.9369621019664|24498&4&5.924740590604102|24508&4&3.8823640744485917,2|24401&4&140.55147534399458|24412&4&54.99838329050385|24420&4&259.0996712173438|24421&4&195.63485508807298|24429&4&666.7031948324155|24432&4&580.447962587351|24434&4&77.08305539164186|24451&4&646.7866709613609|24453&4&250.02158615213656|24464&4&574.7270438401893|24468&4&502.6294674490375|24469&4&51.31949592594586|24472&4&373.0628464470122|24473&4&23.06512961789162|24474&4&479.8201405121353|24479&4&670.0569919772802|24496&4&239.89460359698566|24499&4&17.327968309230467|24503&4&19.87329436759952|24505&4&17.11913745452587,2|24411&4&0.2780165961430754|24420&4&93.70783040083855|24427&4&408.810680843748|24431&4&26.674129041797308|24445&4&201.1369906567371|24447&4&99.87372138360907|24448&4&94.18398507275839|24457&4&559.2549890301348|24461&4&499.14816505441166|24465&4&602.2438782537553|24470&4&722.2719742083752|24474&4&99.6468475528763|24478&4&231.2674913062326|24480&4&171.95458033429992|24481&4&67.94139779802207|24488&4&478.08635398153046|24490&4&330.97091468651524|24491&4&32.64902736161047|24498&4&1.424921245408861|24507&4&2.4059635692281063|24509&4&29.08518631835814|24512&4&4.644916146852054|24513&4&8.468971067210765,2|24403&4&185.0205000694635|24407&4&959.9402261416849|24409&4&255.6003075516031|24410&4&385.7163198070193|24416&4&872.131264381957|24425&4&0.4300001912766971|24427&4&1.8735013540549517E-16|24433&4&56.06491423535036|24442&4&128.28871422649277|24443&4&496.47593872106967|24445&4&93.67491156510961|24455&4&27.09586275137304|24456&4&11.944051696660622|24458&4&298.28928578094235|24459&4&221.48713635222083|24460&4&39.288488788514755|24463&4&648.4724292007822|24464&4&8.700183074670164|24466&4&127.25152279073896|24477&4&536.3672535675945|24478&4&295.8880315773181|24481&4&68.50559016584216|24484&4&647.1105538933757|24485&4&96.7064174012181|24486&4&74.3083662598475|24506&4&13.19917864283578|24508&4&20.555865057292934|24511&4&18.617937950921437|24513&4&18.027605687704213|24514&4&23.517221263633047,2|24398&4&390.85690816116926|24404&4&410.71427558496714|24415&4&50.850681746318614|24418&4&295.5176766947252|24420&4&1.865174681370263E-14|24424&4&36.22548372476548|24425&4&56.238281556915794|24428&4&59.91345185041638|24434&4&245.33298094074763|24436&4&360.00278810793554|24441&4&701.008341173965|24442&4&377.75995912545534|24449&4&456.2911336948647|24460&4&544.4269201567345|24473&4&596.2883550900951|24475&4&141.65768182048635|24485&4&79.3141763115913|24491&4&215.38100382189182|24502&4&16.406581563071313|24512&4&17.00898724356305,2|24405&4&314.5318346249006|24415&4&178.93598096993492|24416&4&0.9962583598571141|24428&4&510.3534015091984|24434&4&27.61948025292163|24441&4&110.1884998241673|24450&4&158.55103943693226|24452&4&449.67330074482834|24455&4&6.065590405314449|24466&4&609.0765114312975|24468&4&97.91868949526594|24469&4&576.1344761218164|24471&4&120.51666666569268|24472&4&264.80850767106915|24483&4&720.6661702507491|24486&4&347.85605274164254|24497&4&33.879328807123464|24498&4&2.676763975925999|24500&4&25.918975592276112|24501&4&1.2178266725698115|24502&4&11.071481408338524|24503&4&62.1664213174371|24511&4&28.221122208835013,2|24397&4&466.5587091526105|24400&4&247.6653856992358|24406&4&3.2964394275394246|24409&4&248.90965527804678|24411&4&193.85246384375938|24412&4&336.32458952180497|24414&4&704.2174945413324|24419&4&175.79832476297585|24424&4&61.62007550602246|24426&4&618.4794437709927|24428&4&58.799231967363845|24434&4&20.69437227094921|24435&4&2.5866291336699665|24441&4&136.45085867761316|24444&4&832.2856459498737|24445&4&309.06141518638276|24449&4&61.75437212487011|24462&4&9.405348477027001|24489&4&168.1518723787835|24492&4&464.37858132778877|24493&4&211.08882857257603|24495&4&478.7340117005921|24503&4&1.5623874214904125|24505&4&14.128813096245903,2|24397&4&72.32872944136058|24399&4&723.3979282056747|24400&4&449.321708848238|24401&4&83.83873086931028|24403&4&320.1683406343024|24406&4&230.42070238952323|24408&4&786.3040212814121|24412&4&172.36500547999623|24413&4&233.01282582455778|24417&4&523.1223870600269|24421&4&320.0444077292018|24422&4&9.897401380516284|24424&4&259.7273816649391|24430&4&650.7040885657348|24431&4&523.1658854065209|24436&4&344.4449289575081|24438&4&777.873097655259|24448&4&4.440892098500626E-16|24450&4&373.88435600190945|24491&4&288.48140054359703|24493&4&476.3541050320649|24494&4&73.96694021664041|24499&4&39.54573164600941|24504&4&49.159811562071184|24507&4&15.875216434238542|24512&4&30.665947174910954,2|24401&4&237.42065522003242|24402&4&739.7747814923075|24413&4&131.84711272503523|24415&4&164.87759019764866|24418&4&-3.3306690738754696E-15|24419&4&1.6726973098237858|24420&4&7.811042299588056|24422&4&98.09360249339271|24423&4&362.4551615384732|24425&4&329.9394594704867|24429&4&13.151626445258984|24435&4&405.79325530667114|24436&4&43.70894541943694|24446&4&417.458088682681|24448&4&210.62236505578522|24453&4&183.24278139440958|24461&4&63.70724279230282|24481&4&443.2787468324475|24489&4&305.52413661959537|24494&4&375.84252444846686,2|24398&4&32.13581049828625|24401&4&67.35389017019878|24406&4&163.48965123411665|24417&4&30.543950649196255|24419&4&277.1775867484147|24439&4&407.42868264282964|24440&4&91.78828159135173|24448&4&224.47761601950478|24456&4&361.51365194722587|24458&4&514.0938847543265|24459&4&104.22608706476592|24462&4&666.5676537858756|24467&4&665.121697262988|24480&4&11.503327042196387|24489&4&43.09372804475595|24500&4&12.905723225514542|24505&4&0.03655065506259221|24508&4&14.92199357542142
56|4,130,1,1,1,1,1,1,1,1,1,1,1,1,1,1,1,1,1,1,1,1,1,1,1,1,1,1,1,1,1,1,1,1,1,1,1,1,1,1,1,1,1,1,1,1,1,1,1,1,1,1,1,1,1,1,1,1,1,1,1,1,1,1,1,1,1,1,1,1,1,1,1,1,1,1,1,1,1,1,1,1,1,1,1,1,1,1,1,1,1,1,1,1,1,1,1,1,1,1,1,1,0,0,0,0,0,0,0,0,0,0,0,0,0,0,0,0,0,0,0,0,2|24405&4&47.85376998557312|24406&4&55.63775444279444|24409&4&93.29508162891364|24411&4&456.61938875826866|24417&4&63.25020645264199|24418&4&40.33717195777628|24422&4&72.51455359606726|24423&4&83.9344259358364|24433&4&448.85066586462756|24437&4&732.3900716027911|24440&4&568.8050501733848|24447&4&189.23741909376042|24454&4&421.1617313159967|24455&4&538.3594632882998|24459&4&192.6558881138173|24460&4&41.309853127219576|24467&4&-1.3766765505351941E-14|24471&4&303.36090174332645|24472&4&88.17237409562216|24476&4&741.499700631015|24480&4&312.9847226195671|24482&4&730.4968362735148|24485&4&150.66044059753415|24487&4&573.9679624743047|24496&4&380.99930351125306|24498&4&13.596580994025748|24508&4&3.4509902883987484,2|24401&4&130.44791375774332|24412&4&46.497482169685796|24420&4&232.521932974908|24421&4&163.75561194164317|24429&4&728.9339548110505|24432&4&621.3076279040857|24434&4&60.47840453807605|24451&4&621.35576940435|24453&4&217.8451233978306|24464&4&616.9237484181626|24468&4&453.8644741549184|24469&4&34.811445495796804|24472&4&323.1351030809777|24473&4&11.183576215623843|24474&4&434.1316860539076|24479&4&731.6361579613354|24496&4&200.70943516954588|24499&4&14.654997644316603|24503&4&16.5769565652564|24505&4&14.275766454098116,2|24411&4&0.0|24420&4&113.85918499463429|24427&4&375.41183378498255|24431&4&23.136379637569387|24445&4&177.07285792454715|24447&4&182.89907348459758|24448&4&141.82733806434334|24457&4&529.4150744906369|24461&4&549.7713979663574|24465&4&576.3949055512114|24470&4&789.0646203444182|24474&4&94.66450517523248|24478&4&199.98393171778886|24480&4&163.14730611740538|24481&4&58.89629847087477|24488&4&455.3889546960858|24490&4&295.77631235402987|24491&4&19.669906391387755|24498&4&1.2213610674933095|24507&4&2.105218123074593|24509&4&36.0904837192621|24512&4&2.7264536915254562|24513&4&15.830643749000586,2|24403&4&259.0482542892941|24407&4&1005.2788212589184|24409&4&213.65452553569781|24410&4&370.11513474274227|24416&4&890.8034315358565|24425&4&5.551115123125783E-16|24433&4&44.64007634732172|24442&4&121.40473644883738|24443&4&453.9652315558407|24445&4&107.73297292534022|24452&4&43.03829131551409|24455&4&23.017569808388412|24456&4&26.373059972488626|24458&4&394.36342255809615|24459&4&233.87907268241577|24460&4&103.22683156509596|24463&4&692.7906723744601|24464&4&4.748611669731165|24466&4&97.75343793585623|24477&4&584.7045042862646|24478&4&306.3172025447886|24481&4&51.72525184389693|24484&4&675.4538741919087|24485&4&165.58246108228343|24486&4&57.75042467718377|24506&4&11.424611928464165|24508&4&27.288907900328624|24511&4&14.84879320717209|24513&4&14.44730706902376|24514&4&28.94898502488281,2|24398&4&420.51349958096193|24404&4&407.21359672259337|24415&4&34.003237320963166|24418&4&274.30337105947285|24424&4&33.104515231029175|24425&4&48.912603676316785|24428&4&53.21137868692672|24434&4&224.6348788736666|24436&4&325.6285872702563|24441&4&651.05422207129|24442&4&335.1869950474144|24449&4&482.43089351453983|24460&4&508.2442092828797|24473&4&654.8944965336143|24475&4&139.98633653890596|24485&4&69.53455854757058|24491&4&190.02157238396853|24502&4&24.511232348834014|24512&4&14.585626142806458,2|24405&4&295.964852507251|24415&4&250.92089376620743|24416&4&-2.220446049250313E-16|24418&4&66.92148663263735|24428&4&590.475593146917|24431&4&94.15055055575617|24434&4&25.99480494392624|24441&4&82.22876784869165|24442&4&61.45186492742135|24450&4&132.79357600218339|24452&4&407.1491780927|24455&4&2.1415462098486375|24466&4&702.3762505518553|24468&4&199.97088070616542|24469&4&531.1596095984764|24471&4&187.8742709376541|24472&4&349.71841675131105|24483&4&722.706144598681|24486&4&372.4010232351765|24497&4&40.90950687418479|24498&4&2.3421684789352493|24500&4&33.56227327022253|24501&4&1.0825125978398324|24502&4&9.62857046750675|24503&4&68.26108042944679|24511&4&34.01712831910035,2|24397&4&517.9674780450781|24400&4&281.13702040844265|24406&4&-1.1546319456101628E-14|24409&4&322.9623786988212|24411&4&193.86645768304908|24412&4&406.72612810129255|24414&4&645.0329873016369|24419&4&244.5671639821199|24424&4&43.1445245535889|24426&4&614.0916847806698|24428&4&40.275135895461126|24434&4&58.11052005468652|24435&4&1.687538997430238E-14|24441&4&258.5737640147405|24444&4&875.0886295891512|24445&4&289.15590613812503|24449&4&46.10743793189046|24462&4&3.2317445370922595|24489&4&243.03279200960668|24490&4&95.00487977963053|24492&4&440.07746453011845|24493&4&239.24069670991338|24494&4&9.724832238226293|24495&4&506.69741593093073|24503&4&0.5035364081022173|24505&4&17.467435470503016|24512&4&8.844056373858882,2|24397&4&51.863669539495206|24399&4&727.3040722517835|24400&4&401.5906371303077|24401&4&66.64219450088581|24403&4&280.1214739746757|24406&4&270.4596379267218|24408&4&765.9225925070944|24412&4&157.85172519799946|24413&4&272.21466408362|24417&4&515.0410712334368|24421&4&393.3086609888687|24422&4&5.567207248155304|24424&4&272.7113497982071|24430&4&676.0816653014755|24431&4&481.5802777222457|24436&4&438.7014991011289|24438&4&821.1443700116665|24450&4&415.89221714190523|24491&4&359.99829201709093|24493&4&433.2217464312432|24494&4&68.43001036385944|24496&4&38.23125677025132|24499&4&44.660892368887346|24504&4&51.20723811823006|24507&4&23.258404705571706|24512&4&29.00007675982005,2|24401&4&223.51084643284472|24402&4&787.3806215877714|24413&4&113.74063941029289|24415&4&154.2467311850595|24419&4&1.7763568394002505E-14|24420&4&7.3515692231417|24422&4&155.84340602663792|24423&4&356.8327683595142|24425&4&307.0856334666428|24429&4&4.826900680407055|24435&4&436.06688645942575|24436&4&28.486332027949835|24446&4&457.68213651712483|24448&4&198.24998815408395|24453&4&248.88793421360063|24461&4&47.33656433084384|24481&4&525.7261238689724|24489&4&285.56595216334944|24494&4&336.87703396656104,2|24398&4&22.277822652061253|24401&4&97.78787416476075|24406&4&135.2832684016895|24417&4&20.16575493287429|24419&4&248.57642380464148|24439&4&429.4583016980596|24440&4&74.01756610904354|24448&4&195.4685897414247|24456&4&323.6277312271738|24458&4&458.6568392263068|24459&4&81.41782400117759|24462&4&700.6681427899287|24467&4&627.5487749718814|24480&4&5.870377442053522|24489&4&32.93775236336329|24500&4&11.183521919319709|24505&4&0.01827532753129604|24506&4&3.4262271722074047|24508&4&12.027011000670369
57|4,130,1,1,1,1,1,1,1,1,1,1,1,1,1,1,1,1,1,1,1,1,1,1,1,1,1,1,1,1,1,1,1,1,1,1,1,1,1,1,1,1,1,1,1,1,1,1,1,1,1,1,1,1,1,1,1,1,1,1,1,1,1,1,1,1,1,1,1,1,1,1,1,1,1,1,1,1,1,1,1,1,1,1,1,1,1,1,1,1,1,1,1,1,1,1,1,1,1,1,1,1,0,0,0,0,0,0,0,0,0,0,0,0,0,0,0,0,0,0,0,0,2|24405&4&38.304105743826604|24406&4&51.33505950893656|24409&4&85.25229137756025|24411&4&417.2012322889399|24417&4&54.14759922596833|24418&4&30.017193426315487|24422&4&62.12993660440134|24423&4&63.044465406530215|24433&4&415.11389626481554|24437&4&739.1994220250651|24440&4&639.3692643029151|24447&4&164.42626968798785|24454&4&404.8532867429999|24455&4&525.164644153166|24459&4&177.64445878341564|24460&4&27.336183919240256|24471&4&269.8047688782654|24472&4&81.69517471822078|24476&4&773.600786501722|24480&4&287.0292632036576|24482&4&770.7829145357246|24485&4&137.65298374082448|24487&4&519.9178165883413|24496&4&357.0616449205397|24498&4&21.120957609983158|24508&4&3.019616502348905,2|24401&4&120.34435217149206|24412&4&37.996581048867725|24420&4&205.9441947324721|24421&4&135.82687082107486|24422&4&69.87894884621252|24429&4&790.1735605324407|24432&4&604.7610044988696|24434&4&100.79664712670376|24451&4&622.8930243215292|24453&4&185.92534671301192|24464&4&584.5873082852016|24468&4&407.6272424074088|24469&4&21.096327143293102|24472&4&276.24215253885615|24473&4&3.686972067165713|24474&4&391.15116294935297|24479&4&767.7198263590333|24496&4&163.25385442160044|24499&4&11.982026979402734|24503&4&13.280618762913285|24505&4&11.432395453670365|24507&4&8.67831685114834,2|24420&4&149.70296956433924|24427&4&412.73338895001353|24431&4&19.598630233341467|24445&4&153.0087251923572|24447&4&266.13640039984637|24448&4&206.40476771197194|24457&4&585.2471367189023|24461&4&606.1888538839829|24465&4&623.571789624111|24470&4&772.850946264038|24474&4&89.68216279758866|24478&4&169.9070090020243|24480&4&160.86174388034715|24481&4&49.85119914372747|24488&4&506.64298909558136|24490&4&263.13608547137676|24491&4&9.83298319555098|24498&4&1.0178008895777582|24507&4&1.8044726769210797|24509&4&42.79059300366207|24512&4&1.348464863113166|24513&4&23.14314375942031,2|24403&4&345.03233161212387|24407&4&1033.4957033434575|24409&4&174.43645534687468|24410&4&329.6498302829634|24416&4&898.9873758687405|24433&4&33.87285622778005|24442&4&114.52075867118202|24443&4&461.7531342282598|24445&4&194.37849107831386|24452&4&104.78089319436057|24455&4&18.939276865403784|24456&4&94.58357128179661|24458&4&398.57142522436527|24459&4&238.89249264305673|24460&4&171.89546396913437|24463&4&739.4649396109392|24464&4&1.695775908926728|24466&4&72.66108952378531|24477&4&629.1424212553077|24478&4&287.70639366467964|24481&4&36.164174616880835|24484&4&710.8033132309495|24485&4&156.79975342648794|24486&4&44.402031708301024|24506&4&9.65004521409255|24508&4&34.33644907394507|24511&4&11.527983302916114|24513&4&11.2220276255111|24514&4&33.976262116613306,2|24398&4&384.3091150388889|24404&4&412.7933715546167|24405&4&70.9581346620704|24415&4&20.154604156084694|24418&4&253.08906542422056|24424&4&29.983546737292876|24425&4&41.586925795717775|24428&4&46.509305523437064|24434&4&203.93677680658558|24436&4&291.2543864325769|24441&4&601.1001029686149|24442&4&295.6203909197228|24449&4&517.4046945342089|24460&4&472.06149840902486|24473&4&702.7676899963863|24475&4&182.14536407672642|24485&4&67.94496205247268|24491&4&164.6621409460452|24502&4&31.76705849080094|24512&4&12.162265042049867,2|24405&4&274.4290072689815|24415&4&315.3212282136005|24418&4&63.575412301005485|24428&4&663.794263056938|24431&4&173.3145977199053|24434&4&24.37012963493085|24441&4&58.436176748426476|24442&4&125.534270378717|24450&4&110.63088720788366|24452&4&367.96015898999553|24455&4&-1.7763568394002505E-14|24466&4&796.3466412160649|24468&4&289.2920210816151|24469&4&524.7907833708422|24471&4&272.0155597957722|24472&4&386.1204901386792|24483&4&765.386565465967|24486&4&382.28983245911616|24497&4&47.806280251404885|24498&4&2.0075729819444996|24500&4&40.646872318459735|24501&4&0.9471985231098534|24502&4&8.185659526674975|24503&4&74.53233081212292|24511&4&40.30065365298355,2|24397&4&515.1524406374263|24400&4&387.81959495156514|24409&4&410.4136947814745|24411&4&184.16625373957004|24412&4&476.5064683636376|24414&4&586.3474893091693|24419&4&231.24077561882842|24424&4&27.823064860276038|24426&4&668.049601967626|24428&4&25.164531094036818|24434&4&55.15325812127482|24441&4&318.5107589720453|24444&4&842.2670042539416|24445&4&269.2503970898673|24449&4&32.5468882644394|24462&4&-2.398081733190338E-14|24489&4&230.24054425711057|24490&4&184.96982608469898|24492&4&415.51547783065155|24493&4&251.9074839736244|24494&4&50.354530163815596|24495&4&541.3830501402241|24503&4&4.440892098500626E-15|24505&4&21.357386823395398|24512&4&18.001689535458024,2|24397&4&34.78357072424576|24399&4&726.4071322416788|24400&4&355.5649007779295|24401&4&51.47212925870933|24403&4&242.97282969121736|24406&4&314.56396257997994|24408&4&786.9827278157381|24412&4&143.3384449160027|24413&4&320.8170583780208|24417&4&545.902300205189|24421&4&369.962958703352|24422&4&1.8873050752648317|24424&4&303.3219311420621|24430&4&714.0713421547221|24431&4&443.690145350854|24436&4&502.0468053202184|24438&4&856.0698170086876|24450&4&463.22149034186725|24491&4&440.74701583343835|24493&4&390.38998880693896|24494&4&62.89308051107846|24496&4&121.00514375285731|24499&4&49.894943897902166|24504&4&54.04875135739549|24507&4&21.84817615753689|24512&4&27.33420634472915,2|24401&4&209.60103764565702|24402&4&758.011648500044|24413&4&97.61367991010644|24415&4&143.61587217247038|24420&4&6.892096146695344|24422&4&147.34993142785143|24423&4&353.50761300636924|24425&4&284.2318074627989|24429&4&0.3788922552384994|24435&4&425.1628778960507|24436&4&16.797180408435825|24446&4&506.8532987841966|24448&4&185.87761125238265|24453&4&321.59819904947176|24461&4&32.845031544617584|24481&4&620.471415306074|24489&4&265.6077677071035|24494&4&300.25888564966766,2|24398&4&13.700876193950645|24401&4&185.7505163988596|24406&4&107.0768855692623|24417&4&10.180470123634747|24419&4&308.53811091561215|24421&4&98.22451880885477|24433&4&17.664321594250527|24439&4&454.7228116742423|24440&4&59.63065788885696|24448&4&169.1726044704087|24456&4&285.74181050712184|24458&4&407.2075641895881|24459&4&61.14104954881007|24462&4&731.3349982100668|24467&4&677.8469992938003|24478&4&95.07841473484916|24480&4&2.8759131147936587|24487&4&17.352381829002013|24489&4&23.16282891277564|24500&4&9.461320613124874|24505&4&-1.3183898417423734E-16|24506&4&12.18103872328383|24508&4&9.13202842591932
58|4,130,1,1,1,1,1,1,1,1,1,1,1,1,1,1,1,1,1,1,1,1,1,1,1,1,1,1,1,1,1,1,1,1,1,1,1,1,1,1,1,1,1,1,1,1,1,1,1,1,1,1,1,1,1,1,1,1,1,1,1,1,1,1,1,1,1,1,1,1,1,1,1,1,1,1,1,1,1,1,1,1,1,1,1,1,1,1,1,1,1,1,1,1,1,1,1,1,1,1,1,1,0,0,0,0,0,0,0,0,0,0,0,0,0,0,0,0,0,0,0,0,2|24405&4&28.754441502080077|24406&4&47.03236457507868|24409&4&77.20950112620687|24411&4&377.78307581961116|24417&4&45.04499199929467|24418&4&19.697214894854696|24422&4&51.74531961273542|24423&4&44.72714680291993|24433&4&381.3771266650034|24437&4&776.7213751292384|24440&4&692.764217003648|24447&4&141.5093642824172|24454&4&469.05238993228636|24455&4&489.87949318254795|24459&4&162.63302945301405|24460&4&16.490312477960956|24471&4&237.1708758785142|24472&4&75.2179753408194|24476&4&809.2234395410424|24480&4&261.07380378774815|24482&4&813.6866565795241|24485&4&124.64552688411477|24487&4&468.7692509575213|24496&4&333.1239863298264|24498&4&28.219550624379938|24508&4&2.588242716299062,2|24401&4&110.2407905852408|24412&4&29.49567992804966|24416&4&115.29387251418666|24420&4&179.36645649003628|24421&4&111.7510030433365|24422&4&86.89084086690312|24429&4&765.5760531875899|24432&4&648.2068668573589|24434&4&157.29338456761883|24451&4&635.4893269535218|24453&4&154.87065920440108|24464&4&636.603647020517|24468&4&364.05033042316256|24469&4&10.651922819820243|24472&4&232.63017212004104|24473&4&2.7533531010703882E-14|24474&4&349.47725868811267|24479&4&824.271028441041|24496&4&129.35908970108284|24499&4&9.309056314488867|24503&4&9.98428096057017|24505&4&8.589024453242615|24507&4&16.454283070960038,2|24420&4&211.77782845474815|24427&4&456.1363557322633|24431&4&16.060880829113543|24445&4&128.94459246016723|24447&4&267.5154518851915|24448&4&297.9869439583763|24457&4&629.4369776001856|24461&4&661.7733042691283|24465&4&653.0143771518168|24470&4&825.9788055263945|24474&4&127.78114497502338|24478&4&141.5725287603294|24480&4&151.72838406446078|24481&4&40.80609981658017|24488&4&487.87474157108323|24490&4&233.0353979275858|24491&4&3.4024768060951702|24498&4&0.8142407116622068|24507&4&1.5037272307675664|24509&4&49.55296694012838|24512&4&0.4423063813582685|24513&4&30.115094207430808,2|24403&4&425.19945780590996|24407&4&948.4194271929707|24409&4&139.03810293841883|24410&4&359.87543336409306|24416&4&817.9150462499374|24433&4&24.23582781670568|24442&4&107.63678089352663|24443&4&491.2308439670501|24445&4&285.7330871849148|24452&4&178.5499329475628|24455&4&14.860983922419159|24456&4&89.75392400589638|24458&4&496.3906894959225|24459&4&267.613829206328|24460&4&252.57936843146157|24463&4&727.9564744196532|24464&4&-5.773159728050814E-15|24466&4&52.16330384145894|24477&4&664.4220007165814|24478&4&269.09558478457075|24481&4&22.793643406077834|24484&4&752.5125368525189|24485&4&148.01704577069248|24486&4&33.917154133723|24506&4&7.875478499720938|24508&4&41.62281296136278|24511&4&8.649218889595229|24513&4&8.39490417177471|24514&4&38.60095495791978,2|24398&4&348.1047304968159|24404&4&423.96864552788634|24405&4&67.41022792896689|24415&4&9.881876115466584|24418&4&231.87475978896828|24424&4&26.862578243556573|24425&4&34.26124791511876|24428&4&39.807232359947406|24434&4&183.23867473950457|24436&4&256.8801855948976|24441&4&551.1459838659398|24442&4&259.0334008282821|24449&4&546.6496059131208|24460&4&435.8787875351701|24473&4&652.737566477299|24475&4&181.82236338421583|24485&4&75.61865380416259|24491&4&139.3027095081219|24502&4&39.071748627615264|24512&4&9.738903941293277,2|24405&4&252.89316203071192|24415&4&311.7857503136863|24418&4&60.22933796937362|24428&4&735.3114836882119|24431&4&258.60565063129906|24434&4&22.745454325935462|24441&4&38.56755805352024|24442&4&187.61061073625314|24450&4&91.77854637115969|24452&4&329.3055158588269|24466&4&859.3800164228943|24468&4&304.7195406687798|24469&4&544.8636125597445|24471&4&323.62999199431414|24472&4&449.323658203075|24483&4&805.5728796576316|24486&4&424.64411205235695|24497&4&54.517356577403525|24498&4&1.67297748495375|24500&4&47.742430858423276|24501&4&0.8118844483798744|24502&4&6.742748585843201|24503&4&80.98673982629501|24511&4&46.32027491361107,2|24397&4&508.46668117339897|24400&4&476.7597370289033|24409&4&505.1138948759314|24411&4&260.4485417603943|24412&4&542.925655007967|24414&4&531.1383397621611|24419&4&217.91438725553695|24424&4&15.968535604000115|24426&4&716.1593621213142|24428&4&13.52958165452523|24434&4&52.195996187863116|24441&4&428.17881616048936|24444&4&886.3794244750088|24445&4&249.34488804160958|24449&4&21.374681426283015|24489&4&217.44829650461446|24490&4&268.46465953890464|24492&4&397.1641870590353|24493&4&344.1521713103027|24494&4&47.81249157502925|24495&4&489.165004010666|24505&4&27.699769056335562|24512&4&27.781032894218008,2|24397&4&20.89997200322149|24399&4&761.0853585592162|24400&4&313.22607209788305|24401&4&36.62891981473614|24403&4&208.78659660096469|24406&4&375.34206386252487|24408&4&830.6370722571493|24412&4&128.8251646340059|24413&4&300.7664797792212|24417&4&600.7188641878545|24421&4&346.6172564178353|24422&4&0.09433619467345195|24424&4&358.2457662645619|24430&4&765.400242266995|24431&4&407.7082294738928|24436&4&587.1373974647006|24438&4&892.8480847364892|24450&4&508.4741398721019|24491&4&509.69637830350376|24493&4&347.81469609671785|24494&4&57.35615065829747|24496&4&224.28092424822398|24499&4&56.94853642931661|24504&4&58.09434553118561|24507&4&20.43794760950208|24512&4&25.66833592963825,2|24401&4&195.69122885846934|24402&4&803.2397215595319|24413&4&81.74840477989156|24415&4&132.98501315988122|24420&4&6.432623070248988|24422&4&138.8564568290649|24423&4&378.23802755556994|24425&4&261.37798145895493|24429&4&-2.3314683517128287E-15|24435&4&469.8590405883917|24436&4&8.25168714550424|24446&4&484.8658134183581|24448&4&173.50523435068135|24453&4&393.3655906022349|24461&4&20.474993791412654|24481&4&694.4779245749755|24489&4&245.64958325085763|24494&4&266.660832191569,2|24398&4&7.020154162967546|24401&4&267.6716096545033|24406&4&82.1928346970515|24417&4&3.8547697413456783|24419&4&297.8266044179559|24421&4&145.60616092689372|24433&4&50.65393121342963|24439&4&478.90310324888907|24440&4&45.24374966867036|24448&4&142.87661919939262|24456&4&249.36754820462187|24458&4&359.9305511904163|24459&4&43.66404342319159|24462&4&770.1468676702134|24467&4&709.8854660208112|24478&4&157.82776336359146|24480&4&-2.8421709430404007E-14|24487&4&63.28198835304039|24489&4&14.604994148055773|24494&4&52.969251152461005|24500&4&7.739119306930039|24506&4&21.135498269112947|24508&4&6.4962144586218145
59|4,130,1,1,1,1,1,1,1,1,1,1,1,1,1,1,1,1,1,1,1,1,1,1,1,1,1,1,1,1,1,1,1,1,1,1,1,1,1,1,1,1,1,1,1,1,1,1,1,1,1,1,1,1,1,1,1,1,1,1,1,1,1,1,1,1,1,1,1,1,1,1,1,1,1,1,1,1,1,1,1,1,1,1,1,1,1,1,1,1,1,1,1,1,1,1,1,1,1,1,1,1,0,0,0,0,0,0,0,0,0,0,0,0,0,0,0,0,0,0,0,0,2|24405&4&19.20477726033355|24406&4&42.7296696412208|24409&4&69.1667108748535|24411&4&338.36491935028243|24417&4&35.94238477262101|24418&4&9.3772363633939|24422&4&41.3607026210695|24423&4&29.649142520050965|24433&4&347.6403570651914|24437&4&712.9559951601711|24440&4&759.2985968363461|24447&4&120.96156505549578|24454&4&439.07011418341125|24455&4&459.7635994552711|24459&4&147.6216001226124|24460&4&8.52284920769811|24471&4&205.66060633560772|24472&4&68.740775963418|24476&4&743.3591294779629|24480&4&235.1183443718387|24482&4&858.7048895816176|24485&4&111.6380700274051|24487&4&420.64404310150076|24496&4&309.1863277391131|24498&4&35.08749307795622|24508&4&2.1568689302492188,2|24401&4&100.13722899898953|24412&4&20.994778807231597|24413&4&4.1732355355405|24416&4&225.34446450253157|24420&4&153.69979322639682|24421&4&88.35179418421573|24422&4&157.57925119365677|24429&4&821.0521633119722|24432&4&684.0463035557542|24434&4&223.37484360550388|24451&4&663.6260726768454|24453&4&125.45131747922805|24464&4&673.1574236692659|24468&4&323.0294354549178|24469&4&3.443468560852722|24472&4&192.49489289263778|24474&4&310.7643169933248|24479&4&752.403190051067|24496&4&99.49361056919902|24499&4&6.636085649575|24503&4&7.155808561274943|24505&4&6.14369215015925|24507&4&24.255459794195914|24512&4&10.195136603084027,2|24418&4&0.7173557388389895|24420&4&284.6724487085783|24427&4&493.1483372884678|24431&4&12.523131424885623|24445&4&105.71750459218953|24447&4&346.14417805515023|24448&4&382.18018728065215|24457&4&612.4304574705358|24461&4&608.4880780188274|24465&4&633.4804856036536|24470&4&852.4342592717704|24474&4&215.31819443090643|24478&4&115.3401751399133|24480&4&207.09779580264657|24481&4&31.761000489432874|24488&4&546.4624976048726|24490&4&205.54886598003174|24491&4&-1.687538997430238E-14|24498&4&0.6106805337466554|24507&4&1.2029817846140531|24509&4&55.84444897157503|24512&4&-5.551115123125783E-16|24513&4&37.29060398555841,2|24403&4&435.4474649819945|24407&4&965.0478688798484|24409&4&107.74356020038161|24410&4&317.8138146818993|24416&4&738.7289428776546|24433&4&16.07333129547938|24442&4&100.75280311587125|24443&4&478.45925482010324|24445&4&331.87701361519584|24452&4&213.48327088331087|24455&4&10.782690979434532|24456&4&119.14734153017372|24458&4&569.2393316035769|24459&4&251.7660354295665|24460&4&345.300241223524|24463&4&768.3788542285666|24466&4&36.24076735166409|24477&4&609.1542628688702|24478&4&250.4847759044618|24481&4&11.896751939420923|24484&4&687.7030661128313|24485&4&139.23433811489699|24486&4&24.117818936572377|24506&4&6.100911785349323|24508&4&49.16647273050998|24511&4&6.195713922850558|24513&4&5.983588185362878|24514&4&43.382675875985164,2|24398&4&345.0909137549889|24399&4&98.25684639559785|24404&4&441.1005913854926|24405&4&63.86232119586337|24412&4&30.12484627761245|24415&4&3.2296784574745194|24418&4&210.66045415371593|24424&4&23.74160974982027|24425&4&26.935570034519753|24428&4&33.10515919645775|24434&4&162.5405726724236|24436&4&222.5059847572183|24441&4&501.1918647632648|24442&4&225.58090921861753|24449&4&532.4364492861025|24460&4&399.6960766613154|24461&4&96.47655242861231|24473&4&602.7074429582115|24475&4&196.46185890311702|24477&4&69.52153681869493|24484&4&103.75926215201997|24485&4&137.7547619499855|24491&4&113.94327807019859|24502&4&46.048754647973|24512&4&7.3155428405366845,2|24405&4&231.35731679244236|24415&4&333.7304769051407|24418&4&56.88326363774175|24428&4&789.436431174799|24431&4&263.91635534060543|24434&4&21.120779016940073|24441&4&22.849136011793235|24442&4&263.50681242038934|24450&4&73.1254317462813|24452&4&293.6826084293798|24466&4&915.4302918082876|24468&4&389.69778863184905|24469&4&562.1863399655035|24471&4&398.772276725721|24472&4&431.8161391803705|24483&4&846.7089203590867|24486&4&480.3491026579106|24497&4&61.04185710109354|24498&4&1.3383819879630003|24500&4&54.07386559672386|24501&4&0.6765703736498954|24502&4&5.299837645011427|24503&4&87.3914673532599|24511&4&52.584959336856,2|24397&4&530.230815145326|24400&4&563.7690661598417|24409&4&612.6911043957314|24411&4&244.40749464274336|24412&4&511.0658983067465|24414&4&508.7483047285607|24419&4&204.58799889224548|24424&4&7.292053656412074|24426&4&772.8982617168084|24428&4&5.490955104197376|24434&4&49.238734254451415|24441&4&517.8673444546996|24444&4&849.79338808713|24445&4&229.43937899335185|24449&4&12.491522204571638|24489&4&204.65604875211835|24490&4&254.32961418732617|24492&4&377.8897684223125|24493&4&433.6475142153096|24494&4&45.27045298624291|24495&4&440.18471562609034|24505&4&33.938100800359344|24512&4&26.323761377687084,2|24397&4&10.470127522656844|24399&4&699.5324893053987|24400&4&274.21366407111157|24401&4&24.08515216969493|24403&4&177.7375512732396|24406&4&387.8359344256614|24408&4&870.4557531309172|24412&4&114.31188435200909|24413&4&280.7159011804215|24417&4&595.2110223062331|24421&4&323.2715541323186|24422&4&-6.38378239159465E-16|24424&4&420.8600318699659|24430&4&813.816887077567|24431&4&374.7310150139125|24436&4&665.4931037552842|24438&4&930.6876010567543|24450&4&565.3742186282303|24491&4&525.4794435564353|24493&4&308.15782162222825|24494&4&51.819220805516494|24496&4&328.6939894929625|24499&4&64.15367436448804|24504&4&52.78038802602476|24507&4&19.027719061467266|24512&4&24.002465514547346,2|24401&4&181.78142007128167|24402&4&852.6118568133579|24413&4&66.65568091565655|24415&4&122.35415414729206|24420&4&5.9731499938026325|24422&4&130.3629822302784|24423&4&409.04249178054187|24425&4&247.9165799522986|24435&4&521.7813206015439|24436&4&2.9701041775014017|24446&4&463.53971809651756|24448&4&161.1328574489801|24453&4&462.5052804678238|24461&4&10.465497910841798|24481&4&761.8405926384146|24489&4&225.69139879461176|24494&4&236.22507214987093|24495&4&28.438033060087726,2|24398&4&2.434433570428166|24401&4&324.68334028434623|24405&4&20.310118446338635|24406&4&60.60149619569002|24417&4&0.12567256004456479|24419&4&346.79405949392844|24421&4&177.61270359563258|24433&4&48.07707384877253|24439&4&511.7218297135395|24440&4&31.756664828794822|24448&4&118.41292174111217|24456&4&213.66795914833767|24458&4&312.6535381912444|24459&4&39.65625348449134|24462&4&741.7838045946663|24467&4&756.9579383043865|24478&4&250.72701841997042|24487&4&137.30107262256982|24489&4&7.703785421800555|24494&4&124.9009845124016|24500&4&6.016918000735204|24506&4&30.211390818399416|24508&4&4.3125653274726385
60|4,130,1,1,1,1,1,1,1,1,1,1,1,1,1,1,1,1,1,1,1,1,1,1,1,1,1,1,1,1,1,1,1,1,1,1,1,1,1,1,1,1,1,1,1,1,1,1,1,1,1,1,1,1,1,1,1,1,1,1,1,1,1,1,1,1,1,1,1,1,1,1,1,1,1,1,1,1,1,1,1,1,1,1,1,1,1,1,1,1,1,1,1,1,1,1,1,1,1,1,1,1,0,0,0,0,0,0,0,0,0,0,0,0,0,0,0,0,0,0,0,0,2|24405&4&9.655113018587025|24406&4&38.426974707362916|24409&4&61.12392062350011|24411&4&298.94676288095377|24417&4&26.839777545947356|24418&4&0.1451590857330664|24422&4&30.97608562940359|24423&4&17.64835043518375|24433&4&314.8560132614279|24437&4&666.1556603128613|24440&4&814.6734669104922|24447&4&101.62274107699352|24454&4&489.7206581581621|24455&4&500.7813315643149|24459&4&132.6101707922108|24460&4&2.9347873339513226|24471&4&175.96049314361008|24472&4&62.263576586016626|24476&4&751.05899841423|24480&4&209.1628849559292|24482&4&784.8652473098581|24485&4&98.63061317069541|24487&4&376.0185846547305|24495&4&66.85586513722127|24496&4&285.24866914839976|24498&4&41.05674973887004|24508&4&1.7254951441993756,2|24401&4&90.03366741273827|24412&4&14.491801565346275|24413&4&11.45931613502658|24416&4&335.16547914114585|24420&4&129.15851330500934|24421&4&69.00045640295765|24422&4&212.42683608981997|24429&4&852.5925726047012|24432&4&731.0993559178662|24434&4&303.2862592114568|24451&4&678.8856373552718|24453&4&98.62879660707767|24464&4&726.0694485047343|24468&4&285.05958008702976|24469&4&-3.552713678800501E-14|24472&4&155.77343748560912|24474&4&275.53636295742547|24479&4&729.5290929598756|24496&4&73.75808593940533|24499&4&4.413787989918177|24503&4&4.798880544619928|24504&4&50.510264899710926|24505&4&4.116908401574358|24507&4&31.025450336627536|24512&4&20.84643213866388,2|24418&4&20.50974986137989|24420&4&356.6009772996012|24427&4&498.9838482050638|24431&4&8.985382020657703|24445&4&84.53464469632986|24447&4&412.9242938814905|24448&4&471.5560951127671|24457&4&657.7510690255172|24461&4&555.2028517685264|24465&4&611.2990689569385|24470&4&903.205744078954|24474&4&238.68491914568273|24478&4&91.67813137480023|24480&4&237.71214221346565|24481&4&22.715901162285576|24488&4&575.5593737504078|24490&4&180.95817422005285|24498&4&0.4071203558311041|24507&4&0.9022363384605399|24509&4&62.13390702413163|24513&4&44.45242863833057,2|24403&4&505.8003209470199|24407&4&879.4545859874411|24409&4&80.58144830867906|24410&4&278.15915841563907|24416&4&661.8445215378704|24433&4&9.94208323455996|24442&4&93.86882533821587|24443&4&517.2157433417012|24445&4&421.46124859052526|24452&4&295.97695706053|24455&4&6.704398036449905|24456&4&175.34241831950862|24458&4&659.4292711607284|24459&4&235.91824165280508|24460&4&436.63157285562784|24463&4&752.4737148432245|24466&4&24.09280926953286|24477&4&556.6367500897786|24478&4&231.8739670243529|24481&4&4.132107104517685|24484&4&626.6816862352531|24485&4&130.4516304591015|24486&4&15.027305091484287|24506&4&4.32634507097771|24508&4&46.31864292462558|24511&4&4.155354437615566|24513&4&3.979492849244118|24514&4&48.63861858511464,2|24398&4&354.0033907292822|24399&4&93.34400407581795|24404&4&469.88599899379943|24405&4&60.314414462759856|24412&4&47.2983074273678|24415&4&-1.1546319456101628E-14|24418&4&189.44614851846364|24424&4&20.62064125608397|24425&4&19.609892153920743|24428&4&26.403086032968098|24434&4&141.84247060534256|24436&4&188.131783919539|24441&4&451.2377456605898|24442&4&192.91719913135765|24449&4&510.7593334626224|24460&4&363.51336578746054|24461&4&193.27644774477432|24473&4&552.6773194391241|24475&4&235.3848167220131|24477&4&161.8250959775355|24484&4&201.43576209141054|24485&4&206.24817939547722|24491&4&88.58384663227528|24502&4&53.05742300652732|24512&4&4.892181739780094,2|24405&4&209.8214715541728|24415&4&371.05144586738413|24418&4&53.53718930610988|24428&4&846.3762130236973|24431&4&339.72144459489124|24434&4&19.496103707944684|24441&4&11.256899931503453|24442&4&336.5487535517863|24450&4&57.66309358085746|24452&4&258.5187350161465|24466&4&960.6754749835811|24468&4&465.08135265914564|24469&4&536.4933278168096|24471&4&468.9889570019578|24472&4&442.78739532425016|24483&4&880.3710932650606|24486&4&538.8414751569949|24497&4&67.4784180393443|24498&4&1.0037864909722507|24500&4&60.13924805825476|24501&4&2.7849754844766723|24502&4&3.856926704179652|24503&4&93.66370548452858|24511&4&58.95715006473761,2|24397&4&563.5817371630787|24400&4&645.5920785150442|24409&4&717.7434497458503|24411&4&228.36644752509252|24412&4&479.206141605526|24414&4&536.1407809650282|24419&4&191.261610528954|24424&4&2.0887175763190444|24426&4&740.8840841024889|24428&4&1.2696836171773394|24434&4&46.281472321039715|24441&4&612.6170612129031|24444&4&885.1857356593439|24445&4&209.53386994509412|24449&4&6.1030805069294|24489&4&191.86380099962224|24490&4&293.367941305041|24492&4&354.9065413016298|24493&4&408.72502679247566|24494&4&42.72841439745656|24495&4&394.68991691584705|24505&4&40.19261986640022|24512&4&24.866489861156158,2|24397&4&3.569505953264831|24399&4&639.752294110596|24400&4&238.8953133864874|24401&4&14.17483718953557|24403&4&147.62807111745212|24406&4&391.5773689148595|24408&4&917.8823300370852|24412&4&99.79860407001229|24413&4&260.66532258162187|24417&4&643.2718967177589|24421&4&299.92585184680195|24424&4&487.35098677218895|24430&4&866.0520369006183|24431&4&344.75136205945904|24436&4&749.8284533000385|24438&4&962.7967964946795|24450&4&528.2781754765552|24491&4&549.1187183630753|24493&4&272.02261849879875|24494&4&46.282290952735515|24496&4&446.66346818385085|24499&4&70.8689734030347|24504&4&47.85651923193172|24507&4&17.61749051343245|24512&4&22.336595099456446,2|24401&4&167.871611284094|24402&4&811.4516329008042|24413&4&52.757172859250694|24415&4&111.72329513470291|24420&4&5.5136769173562765|24422&4&121.86950763149189|24423&4&425.0506536189701|24425&4&310.42237048523566|24435&4&474.39346241407526|24436&4&2.5757174171303632E-14|24446&4&470.5143800450326|24448&4&148.7604805472788|24453&4&524.6922271773249|24461&4&3.706904552064861|24481&4&824.8648255030946|24489&4&205.73321433836583|24494&4&209.3912238817572|24495&4&27.01613140708334,2|24398&4&1.509903313490213E-14|24401&4&405.616326342693|24405&4&19.2946125240217|24406&4&42.433824066032855|24417&4&-2.220446049250313E-16|24419&4&404.003436496329|24421&4&263.9383630214118|24433&4&45.50021648411541|24435&4&99.53688166927259|24439&4&562.7217043190624|24440&4&19.84205825829986|24448&4&96.38253338553353|24456&4&180.94595409261981|24458&4&266.80826194906234|24459&4&27.557819650645797|24462&4&788.4076982056722|24467&4&790.7291179780534|24473&4&32.99960907424298|24478&4&345.22203363692256|24487&4&219.58036333007897|24489&4&2.7083732541491923|24494&4&197.54680533545582|24500&4&4.294716694540369|24506&4&39.10123291035801|24508&4&11.96892216877513
61|4,130,1,1,1,1,1,1,1,1,1,1,1,1,1,1,1,1,1,1,1,1,1,1,1,1,1,1,1,1,1,1,1,1,1,1,1,1,1,1,1,1,1,1,1,1,1,1,1,1,1,1,1,1,1,1,1,1,1,1,1,1,1,1,1,1,1,1,1,1,1,1,1,1,1,1,1,1,1,1,1,1,1,1,1,1,1,1,1,1,1,1,1,1,1,1,1,1,1,1,1,1,0,0,0,0,0,0,0,0,0,0,0,0,0,0,0,0,0,0,0,0,2|24405&4&0.10544877684050091|24406&4&34.12427977350504|24409&4&53.08113037214673|24411&4&259.52860641162505|24412&4&87.33813584365214|24417&4&17.737170319273694|24418&4&2.220446049250313E-16|24422&4&20.591468637737673|24423&4&8.784177937913276|24426&4&80.93200079456955|24433&4&298.86035426543486|24437&4&685.6763367037388|24440&4&786.0451751903925|24447&4&83.10819099548408|24454&4&538.7179005711605|24455&4&548.5854723331818|24459&4&117.59874146180917|24460&4&0.14640200061035832|24469&4&43.80197129096408|24471&4&148.72982715481314|24472&4&55.78637720861524|24476&4&777.931658153401|24480&4&183.20742554001976|24482&4&801.3655472892598|24485&4&85.62315631398573|24487&4&334.511831566406|24495&4&140.15067551084277|24496&4&261.3110105576865|24498&4&47.123169702605985|24503&4&12.671866273978814|24508&4&1.2941213581495323,2|24401&4&79.930105826487|24408&4&17.064824902843725|24412&4&7.988824323460952|24413&4&10.875917239436399|24416&4&455.68840461064093|24420&4&105.90549254795789|24421&4&49.90813808489296|24422&4&291.19111553610963|24429&4&900.8455969046181|24432&4&771.5887399345904|24434&4&376.440576650496|24451&4&653.8897740463071|24453&4&75.45832840200856|24464&4&661.8989341924635|24468&4&250.05373983721063|24472&4&122.7299678523271|24474&4&243.81555395731863|24479&4&765.4132144154124|24496&4&52.15812874019435|24499&4&2.643734930140341|24503&4&2.8985726502334686|24504&4&56.01374212119179|24505&4&2.4893743128597463|24507&4&37.93917533118333|24512&4&31.048974467353105,2|24418&4&51.713382277230366|24420&4&427.5281331898154|24427&4&549.2196884718649|24431&4&5.447632616429781|24445&4&65.80807346542827|24447&4&491.53040710294266|24448&4&555.7491500891765|24457&4&695.0646423494314|24459&4&20.484564666730645|24461&4&501.91762551822535|24465&4&645.325680996815|24470&4&936.7878804128593|24474&4&308.83669860501374|24478&4&70.54732316483609|24480&4&311.72592629326095|24481&4&13.670801835138278|24488&4&634.5399062879136|24490&4&159.42575779600043|24498&4&0.2035601779155528|24507&4&0.6014908923070266|24509&4&68.18076722336635|24513&4&51.728685133699656,2|24403&4&569.7564676096981|24407&4&795.8345741699353|24409&4&57.49356338624673|24410&4&241.38225062036167|24416&4&587.4855732227362|24433&4&6.195586173774357|24442&4&86.9848475605605|24443&4&561.1641450592513|24445&4&460.2368178674421|24452&4&289.0734414407154|24455&4&2.626105093465277|24456&4&238.4631354195713|24458&4&734.1751817100107|24459&4&220.07044787604366|24460&4&479.2379201325684|24463&4&798.7862437625869|24466&4&15.525584824016265|24477&4&506.8820856992575|24478&4&213.26315814424396|24481&4&1.2434497875801753E-14|24484&4&569.7484995530158|24485&4&121.668922803306|24486&4&7.7560154787580435|24506&4&2.6449712441420594|24508&4&43.47081311874118|24511&4&2.5206955139000424|24513&4&2.387405803249418|24514&4&54.27881419020383,2|24398&4&373.3293276214753|24399&4&117.67838474873625|24404&4&499.833071087952|24405&4&56.76650772965634|24412&4&44.85807994030537|24418&4&168.23184288321136|24424&4&17.49967276234767|24425&4&12.760844451288634|24428&4&19.70101286947844|24434&4&121.14436853826155|24436&4&153.75758308185968|24441&4&401.2836265579148|24442&4&163.33075846138644|24449&4&509.5673439863728|24460&4&327.3306549136057|24461&4&293.68642778396895|24473&4&502.64719592003667|24475&4&285.2438143486158|24477&4&186.0361552727687|24484&4&303.10522807199305|24485&4&279.60771546684134|24491&4&66.73988555872069|24502&4&59.778685454137985|24512&4&2.9354851405286064,2|24405&4&188.2856263159032|24415&4&409.54683163534526|24418&4&50.19111497447801|24428&4&786.2764298537469|24431&4&320.6465657062048|24434&4&17.871428398949295|24441&4&3.5803621575307023|24442&4&410.9406457128035|24450&4&45.359619649715846|24452&4&226.49169359358376|24466&4&922.1105701988488|24468&4&547.2789616374462|24469&4&481.4634247974563|24471&4&544.4362322472688|24472&4&488.974274629732|24483&4&918.4348503622437|24486&4&525.0661498876423|24497&4&73.30645905688219|24498&4&0.6691909939815012|24500&4&65.4771559539313|24501&4&9.056160751843402|24502&4&2.4140157633478774|24503&4&87.0249673760666|24511&4&65.31052061121902,2|24397&4&597.4592180754203|24400&4&703.9435859944347|24409&4&795.8628226368271|24411&4&263.4771846471231|24412&4&447.34638490430547|24414&4&579.9616418783434|24419&4&177.93522216566254|24424&4&1.509903313490213E-14|24426&4&675.2133135969949|24428&4&0.37927578265348777|24434&4&43.324210387628014|24441&4&694.596635389864|24444&4&908.7572765121677|24445&4&189.6283608968364|24449&4&1.8776010581690723|24489&4&192.84859929430786|24490&4&283.72900194312473|24492&4&371.4801332662922|24493&4&397.34944369009963|24494&4&40.18637580867022|24495&4&352.51681273957445|24505&4&46.53415995656713|24512&4&23.40921834462523,2|24397&4&3.907985046680551E-14|24399&4&582.5459125678138|24400&4&207.4042080312561|24401&4&7.339391585205387|24403&4&120.5043793848819|24406&4&422.9696402700408|24408&4&836.6079406919483|24412&4&85.2853237880155|24413&4&240.6147439828222|24417&4&694.5330110328985|24421&4&276.5801495612853|24424&4&559.1512454363209|24430&4&788.8138817191771|24431&4&314.7717091050056|24436&4&815.9060928635527|24438&4&878.9708194843424|24450&4&491.1821323248801|24491&4&587.1049631293582|24493&4&239.53017804667707|24494&4&40.745361099954536|24496&4&552.721451991918|24499&4&78.00202780101388|24504&4&43.30865683466201|24507&4&16.207261965397635|24512&4&20.670724684365542,2|24401&4&153.96180249690633|24402&4&860.0523214773909|24413&4&40.474765692102864|24415&4&101.09243612211375|24420&4&5.054203840909921|24422&4&113.37603303270538|24423&4&440.25865159420175|24425&4&367.2585522546493|24435&4&428.19929413812906|24446&4&491.4418467078215|24448&4&136.38810364557753|24453&4&590.4943202030422|24461&4&2.7533531010703882E-14|24481&4&877.2641089119854|24489&4&185.77502988211995|24494&4&186.0431845725322|24495&4&25.594229754078953,2|24401&4&382.8215119329459|24405&4&18.27910660170477|24406&4&27.66669066968464|24419&4&457.9932923624714|24421&4&249.64446560895215|24433&4&42.92335911945831|24435&4&121.64939870978837|24439&4&623.114133652372|24440&4&10.322553698759958|24448&4&76.7089220416791|24456&4&151.41115445475307|24458&4&223.58833709759594|24459&4&18.335750360754147|24462&4&830.415888363376|24467&4&823.0368582037026|24473&4&106.51899324338245|24478&4&430.4112985989374|24487&4&306.7885801726837|24489&4&-1.687538997430238E-14|24494&4&199.8869113806233|24500&4&2.6206544526204234|24506&4&47.49777563641583|24508&4&20.67213821626596
62|4,130,1,1,1,1,1,1,1,1,1,1,1,1,1,1,1,1,1,1,1,1,1,1,1,1,1,1,1,1,1,1,1,1,1,1,1,1,1,1,1,1,1,1,1,1,1,1,1,1,1,1,1,1,1,1,1,1,1,1,1,1,1,1,1,1,1,1,1,1,1,1,1,1,1,1,1,1,1,1,1,1,1,1,1,1,1,1,1,1,1,1,1,1,1,1,1,1,1,1,1,1,0,0,0,0,0,0,0,0,0,0,0,0,0,0,0,0,0,0,0,0,2|24405&4&-1.1102230246251565E-15|24406&4&29.82158483964716|24409&4&45.03834012079335|24411&4&220.32481655072914|24412&4&173.4478323015867|24417&4&10.069169418366952|24422&4&15.760935813383734|24423&4&3.003916990777351|24426&4&179.48954187041804|24433&4&283.6738317745367|24437&4&722.9566938253354|24440&4&840.8384828509381|24447&4&66.25948537449413|24454&4&593.759740163101|24455&4&502.6708668612835|24459&4&102.58731213140754|24460&4&-1.0547118733938987E-15|24469&4&107.88154615313546|24471&4&124.3087988578585|24472&4&49.30917783121386|24476&4&812.8361017152487|24480&4&158.4058267711775|24482&4&841.4847951947662|24485&4&72.61569945727607|24487&4&294.02614006046485|24495&4&215.39746618391476|24496&4&237.37335196697313|24498&4&53.08399237705787|24503&4&24.21433822609832|24508&4&0.8627475720996892,2|24397&4&104.14453218743654|24401&4&69.82654424023573|24408&4&16.21158365770154|24412&4&2.7696049200788213|24413&4&10.292518343846218|24416&4&568.3487655693701|24420&4&84.45309484518506|24421&4&33.44537757288482|24422&4&280.75645850889305|24429&4&931.2293090719363|24432&4&811.9933163167614|24434&4&415.0140451746037|24451&4&610.7923849838726|24453&4&55.65795485105767|24464&4&639.3785259595143|24468&4&218.44533682367194|24472&4&93.1540743467146|24474&4&212.09474495721184|24479&4&803.8467277055654|24496&4&34.68068037180319|24499&4&1.3177735810271933|24503&4&1.4682746788393186|24504&4&59.62942779823452|24505&4&1.2618257525224679|24507&4&45.86391594949171|24512&4&41.194674195353954,2|24418&4&106.74311892262527|24420&4&425.71704524537637|24427&4&599.2291161429588|24431&4&1.9098832122018599|24445&4&49.84327839165505|24447&4&462.5322429445875|24448&4&636.3239894682154|24457&4&635.6217081306289|24459&4&59.339467207520656|24461&4&448.6323992679245|24465&4&692.905849122128|24470&4&854.1095083855046|24474&4&388.85545236714023|24478&4&52.297889626016605|24480&4&327.7491068451519|24481&4&4.625702507990979|24488&4&612.6748077123232|24490&4&141.01601459147435|24498&4&1.4988010832439613E-15|24507&4&0.3007454461535133|24509&4&73.69077337561853|24513&4&58.979876335736996,2|24403&4&648.7743459321366|24407&4&779.5150291663762|24409&4&38.37768406751635|24410&4&207.64320433298138|24416&4&516.5031152909726|24421&4&29.541097306433986|24433&4&2.5494311505960687|24442&4&80.10086978290511|24443&4&611.1365591200217|24445&4&538.5739931091384|24452&4&272.3932794033542|24455&4&0.2794799347063579|24456&4&318.8716579868992|24458&4&820.4374107598965|24459&4&204.22265409928224|24460&4&486.8599348629848|24463&4&843.6883886832095|24466&4&7.575110592003191|24477&4&460.05755013094006|24478&4&194.65234926413504|24484&4&516.6464465217731|24485&4&112.88621514751051|24486&4&2.7317078463812887|24506&4&1.338313773806084|24508&4&40.622983312856775|24511&4&1.279821106227755|24513&4&1.195035206833959|24514&4&60.03864735184214,2|24398&4&405.72217530755574|24399&4&206.84165610291132|24404&4&538.1566114875061|24405&4&53.21860099655282|24410&4&18.30375250113475|24412&4&42.41785245324296|24418&4&147.01753724795907|24424&4&14.378704268611372|24425&4&6.9372930158370885|24428&4&12.998939705988782|24434&4&100.44626647118054|24436&4&122.3805840547874|24441&4&351.3295074552397|24442&4&136.8760394323059|24449&4&517.6801068520132|24460&4&291.147944039751|24461&4&396.30707259751836|24473&4&452.61707240094916|24475&4&333.3209263748385|24477&4&275.89959886266786|24484&4&300.9067843734945|24485&4&342.03645330494646|24491&4&48.35370282288729|24502&4&65.91309961474613|24512&4&1.4678831051570267,2|24405&4&166.74978107763366|24415&4&387.43724205367704|24418&4&46.84504064284614|24428&4&726.1766466837961|24431&4&301.5716868175183|24434&4&16.246753089953906|24441&4&0.0|24442&4&484.5503343699114|24450&4&36.35955479449211|24452&4&197.3903748808815|24466&4&941.2979877545024|24468&4&614.110209082834|24469&4&429.9921662319707|24471&4&616.5293852746877|24472&4&542.8817210810619|24483&4&939.7958136998278|24486&4&518.0682257206615|24497&4&78.35472726395601|24498&4&0.33459549699075164|24500&4&70.23781362126002|24501&4&16.18615979710913|24502&4&1.22829632980431|24503&4&80.38622926760462|24511&4&71.29888652066589,2|24397&4&545.7464841194142|24400&4&695.0748258762164|24409&4&858.7014086183291|24411&4&330.4697624815828|24412&4&415.486628203085|24414&4&636.7469697662641|24419&4&164.60883380237104|24426&4&612.1633132443376|24428&4&-2.3314683517128287E-15|24434&4&40.36694845421632|24441&4&653.6527819293063|24444&4&941.1930268633309|24445&4&169.7228518485787|24449&4&2.220446049250313E-15|24489&4&211.90070165757857|24490&4&348.6219385458581|24492&4&407.10574224711905|24493&4&371.74961105124277|24494&4&37.64433721988387|24495&4&313.7419240921671|24505&4&52.91714273820928|24512&4&21.951946828094307,2|24399&4&527.9003563003055|24400&4&179.56692324391906|24401&4&2.640448634561631|24403&4&96.40722856474406|24406&4&471.510640051256|24408&4&759.3004376237782|24412&4&70.77204350601872|24413&4&220.56416538402252|24417&4&752.0026249897916|24421&4&253.23444727576862|24424&4&522.7776227136007|24430&4&813.1151101840524|24431&4&284.7920561505522|24436&4&878.700710809017|24438&4&799.0862279471157|24450&4&501.0145800438075|24491&4&629.4629142861949|24493&4&207.03773759455547|24494&4&35.20843124717356|24496&4&643.016330494205|24499&4&84.24610338715291|24504&4&39.140246725115375|24507&4&14.797033417362822|24512&4&19.00485426927464,2|24401&4&140.05199370971863|24402&4&900.5215450197188|24413&4&30.064352001630564|24415&4&90.46157710952461|24420&4&4.594730764463565|24422&4&104.88255843391887|24423&4&466.45351422217635|24425&4&439.35592882945105|24435&4&384.03739501464037|24446&4&519.719089474135|24448&4&124.01572674387623|24453&4&654.8322697832484|24481&4&812.6499854341462|24489&4&165.81684542587402|24494&4&166.44703778010143|24495&4&24.172328101074566,2|24401&4&405.6657457297974|24405&4&17.263600679387835|24406&4&16.075422883123455|24419&4&416.2623225910242|24421&4&235.35056819649247|24424&4&97.26516012086518|24433&4&40.346501754801196|24435&4&219.63937310227124|24439&4&638.6147071045018|24440&4&3.6186806328591627|24448&4&59.175705807977664|24456&4&124.637027515946|24458&4&183.20088429325085|24459&4&11.79565937622289|24462&4&887.1424851292417|24467&4&848.3467829636711|24473&4&196.80527550016794|24478&4&507.61751401841286|24487&4&403.0691731695608|24493&4&77.92139233758166|24494&4&228.34907984270112|24500&4&1.3229053722490298|24506&4&55.55053347174747|24508&4&29.73024971373663
63|4,130,1,1,1,1,1,1,1,1,1,1,1,1,1,1,1,1,1,1,1,1,1,1,1,1,1,1,1,1,1,1,1,1,1,1,1,1,1,1,1,1,1,1,1,1,1,1,1,1,1,1,1,1,1,1,1,1,1,1,1,1,1,1,1,1,1,1,1,1,1,1,1,1,1,1,1,1,1,1,1,1,1,1,1,1,1,1,1,1,1,1,1,1,1,1,1,1,1,1,1,1,0,0,0,0,0,0,0,0,0,0,0,0,0,0,0,0,0,0,0,0,2|24406&4&25.51888990578928|24409&4&36.99554986943997|24411&4&181.82287887869097|24412&4&282.5922674911972|24417&4&4.3860455828327805|24419&4&18.112353655165116|24422&4&10.930402989029831|24423&4&1.865174681370263E-14|24426&4&293.1728839332809|24433&4&288.2732500980172|24435&4&93.31232837442673|24437&4&661.6212943869765|24439&4&39.461285068080024|24440&4&863.0228647384845|24442&4&98.28541301675413|24447&4&51.41544080064796|24454&4&597.0674510101425|24455&4&471.50109985355874|24459&4&87.57588280100592|24469&4&182.2174960165088|24471&4&102.36690857498729|24472&4&42.83197845381247|24476&4&836.8383730407836|24480&4&135.07378363569478|24482&4&885.2182748405833|24485&4&59.60824260056636|24487&4&255.26176993013794|24495&4&304.56935645945816|24496&4&213.43569337625982|24498&4&58.95406762997222|24503&4&36.249113849066|24508&4&0.4313737860498461,2|24397&4&212.95402567513136|24401&4&59.722982653984474|24408&4&15.358342412559352|24412&4&-1.687538997430238E-14|24413&4&9.709119448256038|24416&4&660.3256073885302|24420&4&65.92497490832773|24421&4&20.465865461018346|24422&4&357.20555307636545|24429&4&964.4027354545749|24432&4&852.8273683927493|24434&4&421.94272633936066|24446&4&55.21037066556147|24451&4&593.2767104507863|24453&4&39.35302436762895|24464&4&600.3545048711896|24468&4&189.95821652386707|24472&4&67.59455564839828|24474&4&181.4984151681212|24479&4&851.0020602211646|24496&4&21.320231477614083|24499&4&0.438867711774612|24503&4&0.48715260312119346|24504&4&63.260840267878685|24505&4&0.4277459234231892|24507&4&53.11066322921189|24512&4&49.896217398295406,2|24418&4&161.79466777903303|24420&4&447.67939838622624|24427&4&639.6513508304183|24431&4&1.3766765505351941E-14|24445&4&36.93487459665626|24447&4&483.7940814882446|24448&4&608.4397955920953|24457&4&633.3821681749895|24459&4&112.0734635105562|24461&4&398.86008597701095|24465&4&758.0980413588101|24470&4&774.5408015662722|24474&4&366.14235245128395|24478&4&36.94291760178152|24480&4&402.4000101847873|24481&4&8.881784197001252E-15|24488&4&644.9337824373914|24490&4&122.60627138694826|24507&4&0.0|24509&4&78.70937311815737|24513&4&66.16054380766101,2|24403&4&725.5917296426838|24407&4&793.5197361603466|24409&4&23.363451374930108|24410&4&175.94250131059553|24416&4&449.19268885815507|24421&4&100.17011539807284|24433&4&-1.4210854715202004E-14|24442&4&73.21689200524973|24443&4&666.5659329842337|24445&4&583.2683663415625|24452&4&272.0447594762156|24455&4&0.0|24456&4&411.63842414237433|24458&4&768.383319100067|24459&4&188.37486032252076|24460&4&529.3908968100923|24463&4&909.5967722776888|24466&4&1.9918605743492686|24477&4&416.16590347221717|24478&4&176.04154038402612|24484&4&467.6883579925268|24485&4&104.10350749171502|24486&4&-9.769962616701378E-15|24506&4&0.4484309942506822|24508&4&37.77515350697237|24511&4&0.4329058135746438|24513&4&0.4005067597965387|24514&4&66.00445261717505,2|24398&4&379.8046956742485|24399&4&256.29904593770624|24404&4&575.4459273529359|24405&4&49.670694263449306|24410&4&54.39329598218862|24412&4&39.97762496618053|24418&4&125.80323161270675|24424&4&11.257735774875071|24425&4&2.604475338629905|24428&4&6.296866542499123|24434&4&79.74816440409953|24436&4&94.40890028196998|24441&4&301.37538835256464|24442&4&113.29138249346882|24449&4&527.2071966929177|24460&4&254.96523316589617|24461&4&511.6309427104255|24473&4&402.62777919764125|24475&4&353.985045235799|24477&4&350.1234666863906|24484&4&411.6041930558328|24485&4&345.38613183681076|24487&4&87.99394312391422|24491&4&33.164507660940814|24502&4&71.99950439568919|24512&4&0.49387272952123895,2|24405&4&145.213935839364|24415&4&443.5708853198796|24418&4&43.498966311214275|24428&4&674.827230269851|24431&4&282.4968079288318|24434&4&14.622077780958517|24442&4&456.56523414313625|24450&4&27.359489939268407|24452&4&171.32751721463353|24466&4&869.2791662876622|24468&4&612.2314218580118|24469&4&382.1111972621959|24471&4&600.5871998826817|24472&4&622.6847767529163|24483&4&964.5578757749012|24486&4&525.2101234421824|24497&4&82.78070723293833|24498&4&2.1094237467877974E-15|24500&4&75.03602325285021|24501&4&22.952511764751158|24502&4&0.4093543590396266|24503&4&73.74749115914265|24511&4&76.84453321498654,2|24397&4&496.58395192534846|24400&4&752.9835925395978|24409&4&916.5707624815519|24411&4&410.40000542967135|24412&4&383.6268715018645|24414&4&591.8301975384154|24419&4&151.28244543907957|24426&4&551.952046567356|24434&4&37.40968652080462|24441&4&612.7089284687488|24444&4&955.5965794072176|24445&4&149.81734280032094|24489&4&242.55500551010007|24490&4&327.36826637473695|24492&4&449.19489146414486|24493&4&346.1497784123859|24494&4&35.10229863109753|24495&4&277.9896254268574|24505&4&56.89788700328253|24512&4&20.494675311563384,2|24399&4&476.1449929221982|24400&4&155.46501797880472|24401&4&1.4210854715202004E-14|24403&4&75.63900646854236|24406&4&524.1913583742189|24408&4&685.626071778769|24412&4&56.258763224021926|24413&4&200.51358678522283|24417&4&744.4123544907925|24421&4&229.88874499025195|24424&4&486.40399999088066|24430&4&857.8840856039102|24431&4&254.81240319609876|24436&4&829.7481663070723|24438&4&812.1440673863791|24450&4&524.2260274929516|24491&4&683.0783977774648|24493&4&175.0125737735934|24494&4&29.67150139439257|24496&4&606.2664820230582|24499&4&89.04398192471105|24504&4&35.34587056410351|24507&4&13.386804869328008|24512&4&17.338983854183738,2|24401&4&126.14218492253096|24402&4&822.5573565568858|24413&4&22.193584602007416|24415&4&79.83071809693546|24420&4&4.135257688017209|24422&4&96.38908383513237|24423&4&491.1724117631178|24425&4&402.3217231565609|24435&4&342.1739042099822|24446&4&477.9812016209587|24448&4&111.64334984217496|24453&4&708.4740165071381|24481&4&748.0358619563068|24489&4&145.85866096962815|24494&4&150.29236794109096|24495&4&22.75042644807018,2|24401&4&394.5848781442612|24405&4&16.248094757070902|24406&4&7.858744581391263|24413&4&8.938561158409092|24419&4&376.6270866061868|24421&4&221.0566707840328|24424&4&157.54521147556775|24433&4&37.769644390144094|24435&4&208.09199663600134|24439&4&587.677597490425|24440&4&0.0|24448&4&44.21125456845179|24456&4&100.23682112576492|24458&4&146.22388336392063|24459&4&8.48655687220522|24462&4&930.6907980617851|24467&4&836.713603505138|24473&4&291.4245585535924|24478&4&584.2048198075381|24487&4&380.9580366746618|24493&4&176.57836865247393|24494&4&268.330313545385|24500&4&0.44932302119758893|24506&4&63.5377945106627|24508&4&38.77255685218706
64|4,130,1,1,1,1,1,1,1,1,1,1,1,1,1,1,1,1,1,1,1,1,1,1,1,1,1,1,1,1,1,1,1,1,1,1,1,1,1,1,1,1,1,1,1,1,1,1,1,1,1,1,1,1,1,1,1,1,1,1,1,1,1,1,1,1,1,1,1,1,1,1,1,1,1,1,1,1,1,1,1,1,1,1,1,1,1,1,1,1,1,1,1,1,1,1,1,1,1,1,1,1,0,0,0,0,0,0,0,0,0,0,0,0,0,0,0,0,0,0,0,0,2|24406&4&21.216194971931397|24409&4&28.95275961808659|24411&4&145.04859734030532|24412&4&314.28321904542736|24417&4&0.7975477717487327|24419&4&47.392602999372784|24422&4&7.3144031812023|24426&4&277.853069379855|24433&4&306.54786607566666|24435&4&159.22847581417|24437&4&634.6109912395349|24439&4&103.71037439678355|24440&4&862.233446805781|24442&4&163.02444819899168|24447&4&38.76778400412443|24454&4&598.4433043094768|24455&4&424.8492524584518|24459&4&72.5644534706043|24469&4&259.5206920854946|24471&4&83.37637649987617|24472&4&36.35477907641108|24476&4&898.7181745497066|24480&4&113.5269881139934|24482&4&866.7235949429926|24485&4&46.60078574385668|24487&4&218.67570675171453|24495&4&389.00164828785876|24496&4&189.49803478554648|24498&4&65.26286642031647|24503&4&34.34285866207826|24508&4&2.9976021664879227E-15,2|24397&4&233.54996326213853|24401&4&49.61942106773321|24405&4&6.280992583644577|24408&4&49.99528584715945|24413&4&9.125720552665857|24416&4&703.3678466196251|24420&4&50.343327819498846|24421&4&10.909677247407421|24422&4&367.2847422478379|24429&4&943.2904653471475|24432&4&866.1291601012841|24434&4&457.9850134399412|24446&4&82.22538214445972|24451&4&591.4301811240683|24453&4&26.645667228550746|24464&4&562.0104589876483|24468&4&164.4803361654621|24472&4&46.12337882875317|24474&4&152.80077193038798|24479&4&825.4288175232257|24496&4&12.72230045149132|24499&4&-9.992007221626409E-16|24503&4&4.884981308350689E-15|24504&4&67.48750023654554|24505&4&0.0|24507&4&60.48079116179204|24512&4&59.75438583113546,2|24418&4&227.54953343597367|24420&4&492.37419485046695|24427&4&645.1226443359336|24445&4&27.188704849315915|24447&4&452.2829171947888|24448&4&647.071927263262|24457&4&655.162626685812|24459&4&177.60078119263795|24461&4&353.21355376696476|24465&4&759.4908935935134|24470&4&698.7365009948516|24474&4&397.09279893638893|24478&4&24.732232285064008|24480&4&376.9524095152177|24488&4&615.4998576840031|24490&4&106.37399020455115|24509&4&84.04421830746578|24513&4&73.11135398121766,2|24403&4&731.8232138411772|24407&4&803.2124197515459|24409&4&12.386609841272456|24410&4&146.4686072599212|24416&4&386.2029870795837|24421&4&180.5324822815743|24442&4&66.33291422759436|24443&4&658.7096635675535|24445&4&597.8912812394154|24452&4&298.14366620357697|24456&4&474.155922176241|24458&4&716.3292274402372|24459&4&172.52706654575937|24460&4&496.4433776189169|24463&4&833.6447780733076|24466&4&0.5096439741403835|24477&4&375.46398905210003|24478&4&157.4307315039172|24484&4&418.9503108321518|24485&4&95.32079983591953|24506&4&-3.3306690738754696E-16|24508&4&34.92732370108797|24511&4&-2.55351295663786E-15|24513&4&1.4432899320127035E-15|24514&4&72.82401007582179,2|24398&4&383.7106820746609|24399&4&287.6681185460852|24404&4&619.9240484598544|24405&4&46.12278753034579|24410&4&134.08953122932303|24412&4&37.53739747911811|24418&4&105.22364651312566|24424&4&8.136767281138772|24425&4&-1.0658141036401503E-14|24428&4&2.404212351853379|24434&4&59.05006233701851|24436&4&69.84033202058602|24441&4&255.24851550259226|24442&4&92.89159354818824|24449&4&550.2553143030458|24460&4&218.7825222920414|24461&4&539.4430040401619|24473&4&353.6039024963221|24475&4&381.45991348764375|24477&4&357.8622163124454|24484&4&431.87070379136196|24485&4&401.5764441780489|24487&4&130.38017051383747|24491&4&21.516397087828175|24502&4&78.55907421661738|24512&4&7.771561172376096E-16,2|24405&4&123.67809060109447|24415&4&467.4178410973503|24418&4&40.15289197958241|24428&4&684.2290075323925|24431&4&306.11751218850384|24434&4&12.997402471963127|24442&4&428.5801339163611|24450&4&19.034376351975524|24452&4&147.75658095876352|24466&4&797.2603448208222|24468&4&645.2406550124829|24469&4&338.23630215950936|24471&4&621.7930833406523|24472&4&701.5024297383466|24483&4&927.1515507159907|24486&4&517.7232947141446|24497&4&87.07077351814851|24500&4&80.21578447178186|24501&4&29.903850325307985|24502&4&0.0|24503&4&67.10875305068068|24511&4&82.38203565476148,2|24397&4&449.5935344134382|24400&4&703.1206401239895|24409&4&954.2783193488654|24411&4&473.596229550975|24412&4&351.76711480064404|24414&4&599.214255078973|24419&4&137.9560570757881|24426&4&494.21732356740824|24434&4&34.45242458739292|24441&4&571.7650750081912|24444&4&907.5359757489737|24445&4&129.91183375206325|24489&4&278.34149047178164|24490&4&347.5716404503395|24492&4&434.2553533736802|24493&4&320.54994577352903|24494&4&32.560260042311185|24495&4&245.55593563935543|24505&4&66.15033838816603|24512&4&19.037403795032457,2|24399&4&425.0118772785623|24400&4&132.1167922372212|24403&4&57.70834034216854|24406&4&592.1083837429221|24408&4&616.076452186461|24412&4&41.745482942025134|24413&4&180.4630081864232|24417&4&748.1920441749742|24421&4&206.54304270473529|24424&4&450.03037726816063|24430&4&813.1677711594081|24431&4&224.83275024164527|24436&4&846.5256753562137|24438&4&807.9052575410213|24450&4&558.0123133949477|24491&4&733.6656389785144|24493&4&144.66095687132417|24494&4&24.13457154161159|24496&4&569.5166335519114|24499&4&94.28019187904113|24504&4&31.925211138812486|24507&4&11.976576321293194|24512&4&15.673113439092834,2|24401&4&112.23237613534329|24402&4&818.9432428824573|24413&4&16.696426969929643|24415&4&69.19985908434631|24420&4&3.6757846115708523|24422&4&87.89560923634585|24423&4&464.2660589927118|24425&4&402.2561867635086|24435&4&302.8923133995693|24446&4&436.5591934313324|24448&4&99.27097294047365|24453&4&722.2081654738354|24481&4&839.2416036270255|24489&4&126.63028070435263|24494&4&134.67498386238472|24495&4&21.328524795065793|24503&4&14.516745011673253,2|24401&4&405.36635795192996|24405&4&15.23258883475397|24406&4&2.716180401254607|24413&4&34.25873677619775|24419&4&339.62487832827236|24421&4&206.76277337157313|24424&4&189.65376257877884|24433&4&35.19278702548698|24435&4&196.54462016973147|24439&4&539.8114900602645|24448&4&32.746321175983454|24456&4&78.91235555468594|24458&4&112.95173445210793|24459&4&7.956147067692387|24462&4&852.4873832381469|24467&4&846.8453987001969|24473&4&275.9907499073876|24478&4&619.5851139114927|24487&4&358.8469001797628|24493&4&211.70817068671903|24494&4&290.7566529662002|24500&4&-1.6653345369377348E-15|24506&4&71.97925326730281|24508&4&48.08081330012675
65|4,130,1,1,1,1,1,1,1,1,1,1,1,1,1,1,1,1,1,1,1,1,1,1,1,1,1,1,1,1,1,1,1,1,1,1,1,1,1,1,1,1,1,1,1,1,1,1,1,1,1,1,1,1,1,1,1,1,1,1,1,1,1,1,1,1,1,1,1,1,1,1,1,1,1,1,1,1,1,1,1,1,1,1,1,1,1,1,1,1,1,1,1,1,1,1,1,1,1,1,1,1,0,0,0,0,0,0,0,0,0,0,0,0,0,0,0,0,0,0,0,0,2|24406&4&16.91350003807352|24409&4&20.909969366733208|24411&4&111.38819436366111|24412&4&358.90724324209344|24417&4&-3.3306690738754696E-15|24419&4&68.40315026654127|24422&4&5.381445006824978|24426&4&262.5332548264292|24433&4&333.71684419778745|24435&4&227.9779099288083|24437&4&605.1853352572411|24439&4&119.84920974435866|24440&4&842.0033448996821|24442&4&191.0671381432013|24447&4&28.38342634811158|24454&4&619.1273787712735|24455&4&403.7348096140782|24459&4&60.00531309955048|24469&4&352.0067546848794|24471&4&65.81489740619396|24472&4&29.877579699009686|24476&4&895.0828009556191|24480&4&93.93699269597225|24482&4&886.5722588374724|24485&4&33.59332888714701|24487&4&185.31641751948257|24495&4&400.1205267014522|24496&4&165.56037619483317|24498&4&61.17808714287764|24503&4&32.43660347509052,2|24397&4&303.64048382461027|24401&4&39.51585948148195|24405&4&26.06555834432617|24408&4&96.46683989808965|24413&4&8.542321657075677|24415&4&20.396322259931424|24416&4&763.5105080183556|24420&4&37.89860552959098|24421&4&4.362779871872146|24422&4&362.05121937367505|24429&4&980.6394250822348|24432&4&892.0717015227156|24434&4&501.1472066246304|24446&4&79.1501037081222|24451&4&595.4366705756418|24453&4&17.357569064731297|24464&4&536.7402452892794|24468&4&139.00245580705712|24472&4&28.741408054660415|24474&4&126.32671599845943|24479&4&828.8558247806359|24488&4&32.16613615001438|24496&4&5.330786878019983|24504&4&63.49787813584535|24507&4&56.85394088272987|24512&4&56.35689973228157,2|24418&4&284.06383756422395|24420&4&483.9957838302422|24427&4&676.7594507905233|24445&4&18.503796741730046|24447&4&420.771752901333|24448&4&724.141714600532|24457&4&598.0572895046525|24459&4&255.4724042956123|24461&4&311.45451832471247|24465&4&746.1326031016588|24470&4&626.7068464296387|24473&4&21.675147575959368|24474&4&436.1055128747861|24478&4&15.714153243189095|24480&4&351.5048088456482|24488&4&562.670214403713|24490&4&91.1863558982597|24509&4&78.28860706913011|24513&4&68.48670407699359,2|24403&4&751.5893588141448|24407&4&864.206065698311|24409&4&4.7408682889059275|24410&4&120.02500165908059|24416&4&327.5336256345666|24421&4&248.40335084760255|24442&4&59.448936449938984|24443&4&641.3315893888877|24445&4&633.9439679433822|24452&4&312.8046446175944|24456&4&485.058192196358|24457&4&30.699274688213677|24458&4&664.2751357804075|24459&4&156.67927276899798|24460&4&463.4958584277414|24463&4&759.8759321624229|24466&4&-8.881784197001252E-16|24477&4&335.23380850863504|24478&4&138.81992262380828|24484&4&371.4888772261229|24485&4&86.53809218012404|24508&4&32.07949389520357|24514&4&68.26409268671507,2|24398&4&407.31276973876476|24399&4&301.3894943247253|24404&4&631.2561195999702|24405&4&42.57488079724227|24410&4&208.16938514461322|24412&4&35.09716999205568|24418&4&86.01204335894417|24424&4&5.0157987874024705|24428&4&-1.0658141036401503E-14|24434&4&40.66459576925669|24436&4&48.99156452971724|24441&4&212.09701706880782|24442&4&74.3918788082442|24449&4&580.3696950897545|24460&4&183.99657326047966|24461&4&559.1247600345523|24468&4&102.00932340525151|24473&4&306.2833968032785|24475&4&395.72280610438634|24477&4&370.55729386777807|24484&4&490.4406508069404|24485&4&436.21308748501673|24487&4&167.3041863077849|24491&4&12.42908079960897|24502&4&73.41199061833314,2|24405&4&103.36663895745622|24415&4&434.4043416035046|24418&4&36.80681764795054|24428&4&712.2785857937386|24431&4&344.8836211337998|24434&4&11.372727162967738|24442&4&400.5950336895859|24450&4&12.240023642636451|24452&4&125.48078441804516|24466&4&725.2415233539822|24468&4&602.7908007254146|24469&4&298.1125264882896|24471&4&701.3812289327407|24472&4&792.5401700397608|24483&4&951.9067559706459|24486&4&576.1981794587497|24497&4&81.03022559643435|24500&4&74.70270850270747|24501&4&28.27950091587016|24503&4&60.4700149422187|24511&4&76.66181735138659,2|24397&4&402.98440557221465|24400&4&653.2576877083814|24409&4&992.0969070297949|24411&4&574.4751622057336|24412&4&319.90735809942356|24414&4&601.3465973429888|24419&4&124.62966871249661|24426&4&439.2963101960358|24434&4&31.49516265398122|24441&4&530.8212215476335|24444&4&895.8536318639685|24445&4&110.00632470380552|24489&4&271.65538614449673|24490&4&355.58583900744975|24492&4&464.0692875080434|24493&4&294.95011313467216|24494&4&30.018221453524845|24495&4&215.9959961280107|24505&4&61.90009383427896|24512&4&17.58013227850153,2|24399&4&375.1039474636743|24400&4&110.0614052494889|24403&4&42.478594402797135|24406&4&643.396396541402|24408&4&550.1760073015691|24412&4&29.157273202848078|24413&4&160.41242958762354|24417&4&761.7381525343186|24421&4&183.1973404192186|24424&4&413.65675454544044|24430&4&841.6888263486469|24431&4&194.85309728719184|24436&4&895.2468294011586|24438&4&799.5678795244187|24450&4&542.2959462709878|24491&4&737.6417766399925|24493&4&116.41558924162923|24494&4&18.59764168883061|24496&4&532.7667850807646|24499&4&87.57399728265572|24504&4&28.903480989190086|24507&4&10.903038648125014|24512&4&14.007243024001934,2|24401&4&98.32256734815562|24402&4&812.6475100093772|24413&4&11.199269337851852|24415&4&58.56900007175716|24420&4&3.216311535124496|24422&4&79.40213463755936|24423&4&476.51005220962276|24425&4&368.606452312185|24435&4&266.2154678817726|24446&4&395.8995232257731|24448&4&86.89859603877238|24453&4&700.4342079043784|24481&4&771.2835802106919|24489&4&107.40190043907714|24494&4&119.05759978367851|24495&4&19.906623142061406|24503&4&13.79090776108959,2|24401&4&391.34335126965505|24405&4&14.21708291243704|24406&4&0.869767723428692|24413&4&70.62423971962801|24419&4&305.36646531109557|24421&4&192.46887595911346|24424&4&257.53042095151983|24433&4&32.61592966082988|24435&4&184.9972437034616|24439&4&493.85956797503144|24448&4&24.662622866081556|24456&4&60.19718197048241|24458&4&83.91603988448935|24459&4&7.4257372631795615|24462&4&776.9221558861224|24467&4&894.7016715594473|24473&4&260.5569412611828|24478&4&623.5003535115629|24487&4&336.73576368486385|24493&4&244.192689001069|24494&4&286.03394912255374|24506&4&67.61944435205628|24508&4&45.42235170825889
66|4,130,1,1,1,1,1,1,1,1,1,1,1,1,1,1,1,1,1,1,1,1,1,1,1,1,1,1,1,1,1,1,1,1,1,1,1,1,1,1,1,1,1,1,1,1,1,1,1,1,1,1,1,1,1,1,1,1,1,1,1,1,1,1,1,1,1,1,1,1,1,1,1,1,1,1,1,1,1,1,1,1,1,1,1,1,1,1,1,1,1,1,1,1,1,1,1,1,1,1,1,1,0,0,0,0,0,0,0,0,0,0,0,0,0,0,0,0,0,0,0,0,2|24406&4&12.610805104215636|24409&4&12.867179115379827|24411&4&81.17149245008127|24412&4&400.56461422558914|24419&4&111.33790009991725|24422&4&3.809398462081252|24426&4&247.21344027300336|24433&4&368.80286818078173|24434&4&78.3892628484996|24435&4&330.1718166798741|24437&4&577.6992629375261|24439&4&141.1993867122618|24440&4&767.2752967838154|24442&4&214.4284497903778|24447&4&20.929651395484168|24454&4&612.6741873822405|24455&4&455.8646808746607|24459&4&48.07823523294375|24469&4&456.18783558766734|24471&4&48.71427948028777|24472&4&23.4003803216083|24476&4&849.4633433884242|24480&4&76.26898600899668|24482&4&972.309529400299|24485&4&21.8500337886477|24487&4&154.06348398502843|24488&4&114.30905459237124|24495&4&507.31502703429703|24496&4&141.62271760411988|24498&4&57.09330786543882|24503&4&30.530348288102775,2|24397&4&421.7390137070031|24401&4&29.412297895230683|24405&4&57.56734489808006|24408&4&195.50533715850432|24413&4&7.958922761485496|24415&4&35.724563338690366|24416&4&716.8341474332165|24420&4&28.554447491232175|24421&4&4.263256414560601E-14|24422&4&352.02115282131854|24429&4&901.0901011720998|24432&4&864.9410996571849|24434&4&469.4701571213827|24446&4&90.73133305355023|24451&4&622.1377618802703|24453&4&10.802173269051076|24464&4&536.1221747200557|24468&4&114.80489162465105|24472&4&14.815971517270686|24474&4&102.87257352506494|24479&4&801.7541760891249|24488&4&30.557829342513664|24496&4&-1.2434497875801753E-14|24504&4&59.50825603514515|24507&4&53.22709060366772|24508&4&48.57232334744134|24512&4&52.95941363342769,2|24418&4&344.3229378786059|24420&4&475.94130722203397|24427&4&645.7628141787251|24445&4&11.261575305267817|24447&4&389.26058860787725|24448&4&676.091638833017|24457&4&541.6158651171849|24459&4&325.48417972803213|24461&4&273.5496582864185|24465&4&800.6651375303007|24470&4&0.0|24473&4&59.24029671748487|24474&4&443.84134051376265|24478&4&9.696964080988193|24480&4&327.11820927550065|24488&4&510.55190411810764|24490&4&77.32008357978484|24509&4&72.53299583079443|24513&4&63.86205417276951,2|24403&4&753.7857935967804|24407&4&942.7700979238664|24409&4&7.105427357601002E-15|24410&4&96.73710084918102|24416&4&273.6037962963104|24421&4&246.39145521032876|24442&4&52.5649586722836|24443&4&721.4365675967667|24445&4&649.3285373310387|24452&4&317.2571425670772|24456&4&597.7207266601625|24457&4&52.21991555669318|24458&4&612.2210441205777|24459&4&140.83147899223653|24460&4&430.548339236566|24463&4&703.0943283708397|24477&4&295.31047111035156|24478&4&120.20911374369936|24484&4&325.42937157240556|24485&4&77.75538452432856|24508&4&29.231664089319164|24512&4&53.53963457122978|24514&4&63.70417529760837,2|24398&4&438.96121994019427|24399&4&318.7231240081773|24404&4&668.725801768337|24405&4&39.026974064138756|24410&4&294.95199627519446|24412&4&32.65694250499327|24418&4&68.71036989074985|24424&4&1.996471422493813|24434&4&25.314422128494627|24436&4&31.808844566508228|24441&4&0.0|24442&4&56.49663466885089|24449&4&621.2181176720336|24460&4&150.85908494526535|24461&4&562.2284740605396|24468&4&96.90885723498893|24473&4&261.4353221230657|24475&4&363.3001247765427|24477&4&381.90009472262426|24484&4&502.6690291316056|24485&4&409.87207207155603|24487&4&325.69882129681264|24491&4&5.0866009737560685|24498&4&4.805846019202477|24502&4&68.2649070200489,2|24405&4&84.64516878073363|24415&4&401.39084210965916|24418&4&33.46074331631867|24428&4&705.2561536761445|24431&4&338.14540770591606|24434&4&9.748051853972349|24442&4&372.6099334628107|24450&4&7.215346215953499|24452&4&103.8448276838751|24466&4&0.0|24468&4&560.3409464383462|24469&4&262.0582047862866|24471&4&701.058375127458|24472&4&880.6115010733533|24483&4&870.6828850193889|24486&4&564.7132129723128|24497&4&74.98967767472018|24500&4&69.18963253363309|24501&4&26.65515150643233|24503&4&53.831276833756725|24511&4&70.94159904801171,2|24397&4&358.8145506143099|24400&4&603.3947352927731|24409&4&921.720746956624|24411&4&687.7680799270731|24412&4&288.047601398203|24414&4&539.9055947679318|24419&4&111.30328034920512|24426&4&386.51713714942196|24434&4&28.537900720569525|24441&4&0.0|24444&4&813.6386064750042|24445&4&90.10081565554779|24489&4&270.2923005649509|24490&4&361.97851984417616|24492&4&448.0694111987705|24493&4&269.3502804958153|24494&4&27.476182864738497|24495&4&186.9049034747705|24505&4&57.649849280391884|24512&4&16.122860761970607,2|24399&4&326.98223140596735|24400&4&88.22749946809228|24403&4&29.38834775850937|24406&4&611.54429533142|24408&4&486.44082957739056|24412&4&18.551938877410095|24413&4&140.36185098882387|24417&4&860.3104975483532|24421&4&159.85163813370195|24424&4&377.2831318227203|24430&4&865.9829434537221|24431&4&165.47778878432212|24436&4&896.5414564913261|24438&4&856.8123021386771|24450&4&517.2291663508325|24491&4&789.7777075124793|24493&4&90.24026122750604|24494&4&13.060711836049629|24496&4&513.8706340727189|24499&4&80.86780268627032|24504&4&25.881750839567687|24507&4&9.829500974956833|24512&4&12.34137260891103,2|24401&4&84.43462303333719|24402&4&893.6971595554893|24413&4&6.155806032430037|24415&4&47.93814105916802|24420&4&2.7568384586781396|24422&4&70.90866003877284|24423&4&540.6609906320188|24425&4&354.1519031479701|24435&4&232.60414711920424|24446&4&356.5352329216078|24448&4&74.5262191370711|24453&4&681.4211898673279|24481&4&706.0410175863191|24489&4&88.17352017380163|24494&4&103.4402157049723|24495&4&18.48472148905702|24503&4&13.065070510505928,2|24401&4&395.65758200890673|24405&4&13.201576990120108|24406&4&0.33598964813210647|24413&4&106.18806604865608|24414&4&122.61067214796611|24419&4&273.52710747199325|24421&4&178.1749785466538|24424&4&289.5621041558166|24433&4&30.039072296172765|24435&4&173.44986723719174|24439&4&448.8426510444685|24448&4&18.517352276158103|24456&4&42.648430637321766|24458&4&58.75475669535351|24459&4&6.895327458666736|24462&4&704.0315272260889|24467&4&815.8809010998175|24473&4&245.12313261497803|24478&4&623.3541262710164|24487&4&314.6246271899649|24493&4&390.4229464450632|24494&4&276.8712122504781|24506&4&63.25963543680972|24508&4&42.76389011639104
67|4,130,1,1,1,1,1,1,1,1,1,1,1,1,1,1,1,1,1,1,1,1,1,1,1,1,1,1,1,1,1,1,1,1,1,1,1,1,1,1,1,1,1,1,1,1,1,1,1,1,1,1,1,1,1,1,1,1,1,1,1,1,1,1,1,1,1,1,1,1,1,1,1,1,1,1,1,1,1,1,1,1,1,1,1,1,1,1,1,1,1,1,1,1,1,1,1,1,1,1,1,1,0,0,0,0,0,0,0,0,0,0,0,0,0,0,0,0,0,0,0,0,2|24406&4&8.308110170357754|24409&4&4.824388864026446|24411&4&54.688766339315734|24412&4&377.267858026814|24416&4&168.7227181879682|24419&4&168.02621612691095|24422&4&2.237351917337529|24426&4&289.0670797732078|24433&4&425.5198038630583|24434&4&170.65015542782038|24435&4&439.29980038471587|24437&4&579.5091287014088|24439&4&185.11752653329563|24440&4&693.5144251310313|24442&4&271.47338913977376|24447&4&14.674059086289663|24454&4&622.8921051752561|24455&4&524.5715145866199|24459&4&36.34212689575858|24469&4&525.4427754963724|24471&4&33.33522863986016|24472&4&16.923180944206912|24476&4&767.3220657893165|24480&4&58.844365879585226|24482&4&988.3655041454992|24485&4&14.019303277413744|24487&4&126.04499340803446|24488&4&178.71134938830937|24495&4&529.6440623354721|24496&4&117.68505901340654|24498&4&53.00852858799999|24500&4&38.75096033690128|24503&4&28.624093101115037,2|24397&4&466.02977719102716|24401&4&19.30873630897942|24405&4&99.32360155068815|24408&4&318.5022566630728|24413&4&7.375523865895316|24415&4&101.93416746376332|24416&4&670.1577868480772|24420&4&19.88058274633805|24422&4&372.55563601288236|24429&4&820.0652537966849|24432&4&896.1165816846409|24434&4&437.79310761813497|24446&4&150.61988022876864|24451&4&663.6926101903675|24453&4&4.40550103218953|24464&4&563.4676112354844|24468&4&92.2116756394991|24472&4&5.165054650737419|24474&4&79.87150157925268|24479&4&833.7850622342155|24488&4&28.949522535012946|24504&4&55.518633934444956|24507&4&49.60024032460556|24508&4&46.14370718006927|24512&4&49.56192753457378,2|24418&4&324.8194573541612|24420&4&468.7438536486854|24427&4&713.2409636563266|24445&4&4.868775181589263|24447&4&357.7494243144215|24448&4&628.0415630655018|24457&4&485.72431099057127|24459&4&359.2666488564047|24461&4&235.77965821020825|24465&4&772.8181832811348|24473&4&127.72309764769093|24474&4&509.68113953097253|24478&4&4.329927550897617|24480&4&358.96126204355625|24488&4&459.6152734029183|24490&4&63.453811261309966|24509&4&66.77738459245877|24513&4&59.237404268545426,2|24403&4&804.1510831527852|24407&4&941.237590924851|24410&4&76.95311295792594|24416&4&224.37951156663752|24421&4&352.8263351244972|24442&4&45.68098089462822|24443&4&740.8046383179394|24445&4&604.0556068962737|24447&4&21.415842066994003|24452&4&384.33293233369267|24456&4&650.9413717488198|24457&4&98.82246889705024|24458&4&594.2150509188496|24459&4&124.98368521547509|24460&4&397.60082004539044|24463&4&705.2015802771359|24477&4&255.94093551312932|24478&4&101.59830486359044|24484&4&279.3698659186882|24485&4&68.97267686853306|24502&4&17.2903344408017|24508&4&26.383834283434762|24512&4&66.76824108550439|24513&4&18.211872072679114|24514&4&59.14425790850166,2|24398&4&498.31544932676246|24399&4&430.37517593183657|24404&4&706.2001787645673|24405&4&35.47906733103524|24410&4&389.5258918823702|24412&4&30.21671501793084|24418&4&53.544651660875886|24424&4&-1.3766765505351941E-14|24434&4&13.17750197119991|24436&4&17.47828255740365|24442&4&39.44541390681341|24449&4&632.7660194825339|24460&4&119.6441538771225|24461&4&613.3875012760643|24468&4&91.80839106472635|24473&4&219.58321011266435|24475&4&377.2196362635961|24477&4&436.7061684857795|24484&4&521.56097714295|24485&4&383.5310566580954|24487&4&308.4108385128684|24491&4&0.975669640979997|24498&4&15.256425768727393|24502&4&63.11782342176465,2|24405&4&67.7353075830091|24415&4&368.3773426158135|24418&4&30.1146689846868|24428&4&633.9445456900124|24431&4&379.74815525636404|24434&4&8.12337654497696|24442&4&344.62483323603556|24450&4&2.9642896023383454|24452&4&82.51790596526996|24468&4&517.8910921512779|24469&4&226.86772112637536|24471&4&754.7749171711739|24472&4&944.9937554234101|24483&4&790.2546902409493|24486&4&529.6977252681834|24497&4&68.94912975300602|24500&4&63.676556564558695|24501&4&25.030802096994506|24503&4&47.19253872529475|24511&4&65.2213807446368,2|24397&4&318.15226677992064|24400&4&553.5317828771647|24409&4&851.3445868834531|24411&4&770.6770790502421|24412&4&256.18784469698255|24414&4&482.23475864280533|24419&4&97.97689198591365|24426&4&337.32255070659033|24434&4&25.580638787157824|24444&4&731.8209861405688|24445&4&70.19530660729008|24489&4&301.8089254953628|24490&4&389.8390595970587|24492&4&470.1658422897562|24493&4&243.7504478569584|24494&4&24.934144275952157|24495&4&161.23530410382705|24505&4&53.3996047265048|24512&4&14.665589245439682,2|24399&4&279.40142848395095|24400&4&68.58647025031192|24402&4&97.59320773665922|24403&4&17.030308818818032|24406&4&614.5064797010883|24408&4&427.667734012511|24412&4&105.94676277631235|24413&4&120.3112723900242|24417&4&860.9921888024758|24418&4&71.39355670863839|24421&4&136.5059358481853|24424&4&340.9095091000002|24430&4&884.6004789968886|24431&4&136.75991502842953|24436&4&997.7781017260097|24438&4&899.143989455678|24450&4&524.6722825324227|24491&4&815.9051914487408|24493&4&169.2283814985958|24494&4&7.523781983268647|24496&4&476.2281007284171|24499&4&74.1616080898849|24504&4&22.86002068994528|24506&4&14.755792234222554|24507&4&8.75596330178865|24512&4&10.67550219382013,2|24401&4&70.54667871851876|24402&4&815.6918457656586|24413&4&2.189426528251748|24415&4&37.30728204657888|24420&4&2.297365382231783|24422&4&62.41518543998634|24423&4&559.5429586442202|24425&4&405.68670146856346|24435&4&201.88412348759016|24446&4&318.9600423023222|24448&4&62.153842235369794|24453&4&699.1374432779405|24481&4&0.0|24489&4&68.982098155927|24494&4&87.82283162626607|24495&4&17.062819836052633|24503&4&12.339233259922265,2|24401&4&433.2480199624374|24405&4&12.186071067803177|24406&4&-2.1094237467877974E-15|24413&4&152.12610224770086|24414&4&197.76039163725648|24419&4&244.5033084200059|24421&4&163.88108113419412|24424&4&315.18485618806193|24433&4&27.462214931515657|24435&4&161.90249077092187|24439&4&404.05246182619646|24448&4&12.910532515368022|24456&4&28.964023000018656|24458&4&38.45305982796942|24459&4&6.36491765415391|24462&4&635.502574441784|24467&4&739.1036620909952|24473&4&229.68932396877327|24478&4&637.7459907538287|24487&4&292.5134906950659|24493&4&369.0233799441444|24494&4&348.030444224052|24506&4&58.89982652156318|24508&4&40.10542852452319
68|4,130,1,1,1,1,1,1,1,1,1,1,1,1,1,1,1,1,1,1,1,1,1,1,1,1,1,1,1,1,1,1,1,1,1,1,1,1,1,1,1,1,1,1,1,1,1,1,1,1,1,1,1,1,1,1,1,1,1,1,1,1,1,1,1,1,1,1,1,1,1,1,1,1,1,1,1,1,1,1,1,1,1,1,1,1,1,1,1,1,1,1,1,1,1,1,1,1,1,1,1,1,0,0,0,0,0,0,0,0,0,0,0,0,0,0,0,0,0,0,0,0,2|24406&4&4.005415236499871|24409&4&0.0|24411&4&33.08747116311296|24412&4&353.97110182803885|24416&4&160.2865822785698|24419&4&229.99403475103685|24422&4&1.1109123708475404|24426&4&270.88859251710045|24433&4&478.3703125422409|24434&4&272.1519413075183|24435&4&459.23110405446596|24437&4&516.2384157850972|24439&4&280.5753491634804|24440&4&620.682196912083|24442&4&386.35898654333914|24447&4&9.910264710431225|24454&4&568.4980781384576|24455&4&529.5389664938106|24459&4&26.06271140253764|24469&4&612.0426035704688|24471&4&20.37212549642524|24472&4&10.445981566805521|24476&4&689.1303841295943|24480&4&43.10317036336939|24482&4&975.4471765780522|24485&4&8.500547971967134|24487&4&102.28555582050454|24488&4&210.4022875958886|24495&4&547.4077125559609|24496&4&93.74740042269323|24498&4&48.92374931056117|24500&4&36.813412320056216|24503&4&26.717837914127298,2|24397&4&480.37268505648143|24401&4&10.979841390540054|24405&4&149.0031421322814|24408&4&358.16768244769037|24413&4&6.792124970305135|24415&4&197.7537440783853|24416&4&623.4814262629379|24420&4&11.716602860742672|24422&4&369.83254086477564|24429&4&744.0060899768944|24432&4&868.2201826863966|24434&4&406.1160581148873|24437&4&114.71936041857988|24446&4&164.5555109776119|24451&4&698.510840252822|24452&4&49.853081713964286|24453&4&-4.263256414560601E-14|24464&4&599.7974995022685|24468&4&71.9019669208708|24472&4&0.0|24473&4&88.75439128555008|24474&4&59.69343710578648|24479&4&932.572687428565|24488&4&27.34121572751223|24500&4&13.139082771819321|24504&4&51.52901183374476|24507&4&45.9733900455434|24508&4&43.7150910126972|24512&4&46.164441435719894,2|24418&4&305.3159768297165|24420&4&432.88703999717995|24427&4&749.1847412814005|24445&4&-3.019806626980426E-14|24447&4&326.2382600209657|24448&4&579.9914872979866|24457&4&430.0048740647595|24459&4&358.783301400471|24461&4&200.3151640982594|24465&4&806.9390811216433|24473&4&121.1319447611258|24474&4&601.8925085148248|24478&4&2.3092638912203256E-14|24480&4&367.8550742720894|24488&4&410.4249640057236|24490&4&51.12186089418397|24509&4&61.021773354123106|24513&4&54.61275436432136,2|24403&4&879.4236138387985|24407&4&938.990762683177|24410&4&61.129092749115884|24416&4&180.38024542549948|24421&4&449.2535653861607|24442&4&38.797003116972846|24443&4&732.0720148185703|24445&4&558.7826764615087|24447&4&20.345049963644303|24452&4&357.15916106261614|24456&4&661.5162276353446|24457&4&232.14286353580553|24458&4&540.4585543361147|24459&4&109.13589143871366|24460&4&364.65330085421493|24463&4&771.7413450379518|24477&4&218.10563952344555|24478&4&82.98749598348151|24484&4&235.6839888220677|24485&4&60.18996921273757|24502&4&16.425817718761614|24508&4&23.536004477550357|24512&4&63.29597994480109|24513&4&17.301278469045158|24514&4&54.58434051939494,2|24398&4&522.2198156721425|24399&4&468.6870217465287|24404&4&680.7698835780714|24405&4&31.93116059793172|24410&4&489.5045190619|24412&4&27.77648753086842|24418&4&41.35886869631351|24434&4&4.464265741540853|24436&4&7.170684055745558|24442&4&23.920150356412197|24449&4&676.3213514549066|24460&4&90.9181145262768|24461&4&729.9188399830964|24468&4&86.70792489446377|24473&4&181.37425672942274|24475&4&396.782048965889|24477&4&456.35810458633097|24484&4&609.2208238764556|24485&4&357.1900412446347|24487&4&291.12285572892415|24491&4&0.0|24498&4&25.496370793867083|24502&4&57.97073982348041|24514&4&1.8019413232449892,2|24405&4&51.99576641153328|24415&4&335.36384312196805|24418&4&26.768594653054933|24428&4&565.9126179191765|24431&4&465.8196735671647|24434&4&6.49870123598157|24442&4&316.63973300926034|24450&4&-2.042810365310288E-14|24452&4&64.8294088897177|24468&4&475.44123786420965|24469&4&193.54281165422816|24471&4&841.2160853899093|24472&4&1029.677297890295|24483&4&712.3784440286527|24486&4&529.9576696447809|24497&4&62.90858183129184|24500&4&58.1634805954843|24501&4&23.40645268755668|24502&4&12.350032582551842|24503&4&40.85128832558329|24511&4&59.50116244126192,2|24397&4&280.226811232582|24400&4&503.66883046155647|24409&4&780.9684268102826|24411&4&717.3081167476906|24412&4&224.32808799576208|24414&4&427.01652615981465|24419&4&84.6505036226222|24426&4&291.65327607251015|24434&4&22.623376853746123|24441&4&135.0433541829666|24444&4&651.006397681031|24445&4&50.28979755903235|24489&4&347.62670196757097|24490&4&408.4255812541935|24492&4&553.251730028122|24493&4&218.1506152181015|24494&4&22.39210568716581|24495&4&137.52189839153556|24505&4&49.149360172617726|24511&4&5.643879128853314|24512&4&13.208317728908757,2|24399&4&234.30777593001673|24400&4&50.01906537598214|24402&4&160.23127245572968|24403&4&8.07193813076136|24406&4&602.4240691561986|24408&4&371.5960288159765|24412&4&244.0454262540524|24413&4&100.26069379122453|24417&4&839.8700076590053|24418&4&82.61235092597889|24421&4&113.16023356266861|24424&4&304.53588637728006|24430&4&947.0378507448972|24431&4&109.50969358373895|24436&4&1056.98401487496|24438&4&889.2322636967582|24450&4&594.732586870022|24491&4&792.0368859359843|24493&4&200.10418353831255|24494&4&3.1279525993444803|24496&4&438.58556738411517|24499&4&67.4554134934995|24504&4&19.838290540322884|24506&4&14.018002622511426|24507&4&7.682425628620471|24509&4&1.1735143461822304|24512&4&9.009631778729226,2|24401&4&56.658734403700336|24402&4&740.5959148794698|24413&4&6.217248937900877E-15|24415&4&26.867653726450587|24420&4&42.51601265843703|24422&4&53.921710841199825|24423&4&539.6832967673308|24425&4&421.4330258006815|24435&4&174.63222269242092|24446&4&283.26735598687156|24447&4&35.024884184937434|24448&4&49.7814653336685|24453&4&668.1867519564055|24489&4&50.89395367352415|24494&4&72.20544754755986|24495&4&15.640918183048246|24503&4&11.613396009338603,2|24401&4&474.2745311056976|24405&4&11.170565145486245|24413&4&199.2778935579476|24414&4&341.92495293585455|24419&4&218.60423176939622|24421&4&149.58718372173445|24424&4&320.6632449351771|24433&4&24.88535756685855|24435&4&150.35511430465198|24439&4&360.7256978843783|24448&4&7.62445144593575|24456&4&18.846050430294753|24458&4&22.376615596556647|24459&4&5.834507849641084|24462&4&569.2262514654747|24467&4&665.3627453382824|24473&4&214.25551532256844|24478&4&750.1690670054371|24487&4&270.4023542001669|24493&4&347.6238134432256|24494&4&406.14725524836314|24506&4&54.54001760631663|24508&4&37.44696693265534
69|4,130,1,1,1,1,1,1,1,1,1,1,1,1,1,1,1,1,1,1,1,1,1,1,1,1,1,1,1,1,1,1,1,1,1,1,1,1,1,1,1,1,1,1,1,1,1,1,1,1,1,1,1,1,1,1,1,1,1,1,1,1,1,1,1,1,1,1,1,1,1,1,1,1,1,1,1,1,1,1,1,1,1,1,1,1,1,1,1,1,1,1,1,1,1,1,1,1,1,1,1,1,0,0,0,0,0,0,0,0,0,0,0,0,0,0,0,0,0,0,0,0,2|24406&4&-7.105427357601002E-15|24411&4&16.78071408724099|24412&4&330.6743456292637|24416&4&151.85044636917138|24419&4&303.60052209487833|24422&4&0.4593582202746329|24426&4&252.71010526099306|24433&4&542.3945214112088|24434&4&291.84770818005757|24435&4&471.25925455401307|24437&4&456.62631208723406|24439&4&335.8936419068969|24440&4&551.6153364616207|24442&4&504.9991553678526|24447&4&5.430377540184382|24454&4&514.2828003673728|24455&4&559.2364810787335|24459&4&16.778373936307464|24469&4&638.9082741396198|24471&4&10.402322391069292|24472&4&3.968782189404134|24476&4&651.3671053515696|24480&4&27.530511181510406|24482&4&939.8343284924454|24485&4&3.0973580033509083|24487&4&80.22517572504059|24488&4&240.79507286113034|24495&4&550.9158238894404|24496&4&70.0795984950143|24498&4&44.838970033122344|24500&4&34.87586430321115|24503&4&24.811582727139555,2|24397&4&493.0474239897417|24401&4&3.8474059194080152|24405&4&197.86445977654844|24408&4&485.0125412564752|24413&4&6.208726074714955|24415&4&240.52477572586824|24416&4&576.8050656777988|24420&4&4.184997959028113|24422&4&380.90759951983574|24429&4&669.3818452795572|24432&4&937.5549777347848|24434&4&374.43900861163957|24437&4&241.79596267850053|24446&4&155.08912173401382|24451&4&743.8861628726748|24452&4&172.74204000251498|24464&4&654.6923818106911|24468&4&52.30902620271214|24473&4&193.38786647546502|24474&4&43.08679856473241|24479&4&1024.7057819661693|24488&4&25.73290892001151|24500&4&24.847363861732173|24504&4&47.53938973304457|24507&4&42.34653976648123|24508&4&41.28647484532513|24512&4&42.766955336866005,2|24418&4&285.8124963052718|24420&4&397.03022634567446|24427&4&817.5369212103849|24447&4&294.7270957275099|24448&4&531.9414115304714|24457&4&377.84254340814925|24459&4&428.6028494343226|24461&4&169.30863059418886|24465&4&849.6563730313128|24473&4&114.54079187456064|24474&4&560.2714747630089|24480&4&451.7819912351909|24488&4&363.4965172319391|24490&4&39.30520774296166|24509&4&55.26616211578744|24513&4&49.98810446009729,2|24403&4&877.0516085216782|24407&4&916.9983898470032|24410&4&49.566922070758295|24416&4&141.58469634133203|24421&4&556.1861772762763|24442&4&31.913025339317464|24443&4&805.5384381776421|24445&4&513.5097460267439|24447&4&19.274257860294604|24452&4&329.9853897915396|24456&4&642.1549750960544|24457&4&371.62212126298624|24458&4&486.70205775338|24459&4&93.28809766195224|24460&4&331.7057816630395|24463&4&853.160662268733|24477&4&181.16194830584283|24478&4&64.37668710337259|24484&4&195.43198222985845|24485&4&51.40726155694208|24502&4&15.56130099672153|24508&4&20.68817467166595|24512&4&59.8237188040978|24513&4&27.94495342105401|24514&4&50.02442313028824,2|24398&4&540.0963667585904|24399&4&593.8206810591946|24404&4&693.4100603263068|24405&4&28.3832538648282|24410&4&561.4687551727759|24412&4&25.336260043805996|24418&4&30.271814072505517|24434&4&2.1316282072803006E-14|24436&4&1.266523591670206|24442&4&11.874471412699766|24449&4&694.2499688693513|24460&4&65.12933026297584|24461&4&763.0592545491389|24468&4&81.6074587242012|24473&4&146.9760149165766|24475&4&427.70321720911676|24477&4&568.0449598489747|24484&4&569.2165379918533|24485&4&330.849025831174|24487&4&273.83487294497996|24498&4&35.267874359229836|24502&4&52.82365622519616|24514&4&12.18513634601758,2|24405&4&36.839071643133686|24415&4&302.35034362812246|24418&4&23.422520321423065|24428&4&502.9180464863325|24431&4&431.67909466164565|24434&4&4.87402592698618|24442&4&288.6546327824852|24452&4&47.4734294022|24468&4&432.99138357714133|24469&4&163.4923316868191|24471&4&778.895426779339|24472&4&952.9886542176375|24483&4&729.2944886086797|24486&4&588.0337002026974|24497&4&56.86803390957766|24500&4&52.650404626409916|24501&4&21.782103278118853|24502&4&23.709223378965284|24503&4&34.51003792587183|24511&4&53.780944137887026,2|24397&4&243.0769766849686|24400&4&546.724578363704|24409&4&710.5922667371117|24411&4&663.9391544451391|24412&4&192.4683312945416|24414&4&376.8224532000254|24419&4&71.32411525933071|24426&4&247.70484957494585|24431&4&106.3518346799803|24434&4&19.666114920334422|24441&4&303.86664447528665|24444&4&571.4066068814648|24445&4&30.384288510774628|24446&4&95.86029184833912|24485&4&135.61841010933102|24489&4&406.2625326714544|24490&4&433.2515535729908|24492&4&540.5881319679022|24493&4&192.5507825792446|24494&4&19.850067098379466|24495&4&115.06879997214733|24499&4&8.271339648909645|24505&4&44.89911561873064|24511&4&17.354078275234926|24512&4&11.751046212377833,2|24399&4&191.297934737974|24400&4&31.73434392655065|24402&4&151.97572581360154|24403&4&3.7595654242148293|24406&4&577.4719705305143|24408&4&316.6166376582312|24412&4&272.1853454249289|24413&4&80.21011519242487|24417&4&820.4622894924164|24418&4&103.9857414605203|24421&4&90.19514627662745|24424&4&268.16226365456|24430&4&869.871510691472|24431&4&84.23482247985041|24436&4&970.386898663761|24438&4&900.8633122861048|24450&4&626.1535859657523|24491&4&724.2523664106998|24493&4&299.67753047910446|24494&4&0.48373809763306314|24496&4&400.9430340398133|24499&4&60.74921889711409|24504&4&16.816560390700484|24506&4&13.2802130108003|24507&4&6.60888795545229|24509&4&11.483566003557673|24512&4&7.343761363638324,2|24401&4&42.77079008888192|24402&4&666.4190568532306|24415&4&17.23658181396737|24420&4&140.53343000831433|24422&4&45.42823624241332|24423&4&519.585925644848|24425&4&420.15532873478077|24435&4&150.63117060014986|24446&4&247.86230279408508|24447&4&43.485028948136225|24448&4&37.40908843196721|24453&4&724.6509223100995|24489&4&34.79196894374211|24494&4&56.58806346885363|24495&4&14.21901653004386|24503&4&10.88755875875494,2|24401&4&575.2938121257042|24405&4&10.155059223169314|24413&4&250.64114940519028|24414&4&485.05264152223447|24419&4&195.30083864656388|24421&4&135.29328630927478|24424&4&410.7362163208746|24433&4&22.30850020220144|24435&4&138.80773783838214|24439&4&321.14265751976046|24448&4&3.2272015981318782|24456&4&9.963781260151197|24458&4&11.087089534085788|24459&4&5.304098045128258|24462&4&507.0119810330748|24467&4&662.4987626283776|24473&4&198.82170667636368|24478&4&818.7764822000364|24487&4&248.29121770526788|24493&4&326.2242469423067|24494&4&419.8884411375861|24506&4&50.18020869107008|24508&4&34.788505340787495
70|4,130,1,1,1,1,1,1,1,1,1,1,1,1,1,1,1,1,1,1,1,1,1,1,1,1,1,1,1,1,1,1,1,1,1,1,1,1,1,1,1,1,1,1,1,1,1,1,1,1,1,1,1,1,1,1,1,1,1,1,1,1,1,1,1,1,1,1,1,1,1,1,1,1,1,1,1,1,1,1,1,1,1,1,1,1,1,1,1,1,1,1,1,1,1,1,1,1,1,1,1,1,0,0,0,0,0,0,0,0,0,0,0,0,0,0,0,0,0,0,0,0,2|24411&4&5.666169874659873|24412&4&307.3775894304886|24416&4&143.41431045977296|24419&4&343.1786588918759|24422&4&7.771561172376096E-16|24426&4&234.53161800488573|24433&4&608.2738202558547|24434&4&311.143774550165|24435&4&468.2532542921601|24437&4&401.05455030810555|24439&4&341.70988323307193|24440&4&0.0|24442&4&618.6423452904778|24447&4&3.6382210211825714|24454&4&461.27905156417484|24455&4&504.6409513478467|24459&4&9.344351740457668|24469&4&723.5982635682067|24471&4&3.6074434210381865|24472&4&1.9843910947020618|24476&4&580.2870761756582|24480&4&15.265434490774645|24482&4&999.9627979962659|24485&4&0.17452942469268348|24487&4&62.16656708593422|24488&4&227.44513187521957|24495&4&542.4056100914356|24496&4&0.0|24498&4&40.75419075568352|24500&4&32.93831628636609|24503&4&22.905327540151816,2|24397&4&595.2606134036259|24401&4&-2.042810365310288E-14|24405&4&262.3546331716904|24408&4&626.2505930608194|24413&4&5.625327179124774|24415&4&348.07752162043596|24416&4&530.1287050926596|24420&4&-3.019806626980426E-14|24422&4&351.67245130423436|24429&4&595.9227589856656|24432&4&972.3492026719127|24434&4&342.7619591083919|24437&4&371.05872306696705|24446&4&145.62273249041579|24451&4&675.0755776458918|24452&4&216.133681861009|24464&4&676.0734538908713|24468&4&36.267098579556944|24473&4&308.13223165666557|24474&4&27.58317643502628|24479&4&1076.0697931935476|24488&4&24.124602112510793|24500&4&36.56242869358435|24504&4&43.54976763234438|24507&4&38.719689487419075|24508&4&38.85785867795306|24512&4&39.369469238012115,2|24418&4&266.3090157808271|24420&4&361.17341269416903|24427&4&751.9340487231744|24447&4&263.21593143405414|24448&4&483.8913357629564|24457&4&329.97107183297794|24459&4&446.3875293614547|24461&4&140.23347822359324|24465&4&889.7871915746763|24473&4&107.94963898799548|24474&4&518.6504410111927|24480&4&515.1597770573958|24488&4&317.98582322604176|24490&4&28.413203795152153|24509&4&49.51055087745178|24513&4&45.36345455587322,2|24403&4&870.4877222148189|24407&4&1022.7108467668853|24410&4&39.881553833240616|24416&4&108.21384349024399|24421&4&576.9837024292726|24442&4&25.029047561662086|24443&4&740.9238238921004|24445&4&468.2368155919788|24447&4&18.203465756944905|24452&4&302.81161852046307|24456&4&596.9119482028383|24457&4&505.8663468498851|24458&4&432.94556117064525|24459&4&77.4403038851908|24460&4&0.0|24463&4&776.0023387126694|24477&4&148.46106338343662|24478&4&49.74241085503682|24484&4&158.93021857047367|24485&4&42.624553901146584|24502&4&14.696784274681445|24508&4&17.84034486578155|24512&4&56.35145766339451|24513&4&36.76840966775622|24514&4&45.46450574118154,2|24398&4&598.450418104251|24399&4&704.9012232218687|24404&4&667.3207060011855|24405&4&24.835347131724678|24410&4&566.587226181364|24412&4&22.896032556743574|24416&4&132.84813193834162|24418&4&20.473415321908963|24436&4&-7.105427357601002E-15|24442&4&3.8873915496056792|24449&4&731.3774955597082|24460&4&0.0|24461&4&711.5829650565204|24468&4&76.50699255393862|24473&4&116.669318379234|24475&4&394.9707487249813|24477&4&610.4380096251119|24484&4&529.2122521072513|24485&4&304.50801041771336|24487&4&256.5468901610357|24498&4&43.97838208599113|24502&4&47.676572626911906|24514&4&22.557434549511225,2|24405&4&24.153845385649227|24415&4&269.33684413427693|24418&4&20.076445989791196|24428&4&442.33930788024463|24431&4&397.53851575612657|24434&4&3.24935061799079|24442&4&260.66953255570996|24452&4&34.075723272987744|24456&4&163.44873510446803|24468&4&390.541529290073|24469&4&135.21964833488195|24471&4&768.3472872377101|24472&4&876.3000105449801|24483&4&793.3177088570869|24486&4&615.0403378124918|24497&4&50.827485987863504|24500&4&47.13732865733553|24501&4&20.157753868681024|24502&4&34.654316277233306|24503&4&29.139371527622444|24511&4&48.060725834512134,2|24397&4&206.8151965493658|24400&4&492.215690932208|24406&4&113.01930236590971|24409&4&640.2161066639409|24411&4&610.5701921425878|24412&4&160.60857459332107|24414&4&331.9045633065403|24419&4&57.99772689603924|24422&4&31.48056287048837|24426&4&238.10216086661117|24431&4&231.81693442865281|24434&4&16.708852986922725|24441&4&288.3357038660649|24443&4&136.48881453619867|24444&4&497.3945003061173|24445&4&15.299162503319778|24446&4&134.6724549746239|24451&4&124.95536223621639|24454&4&13.780256724046183|24455&4&151.4018347816104|24461&4&124.10373678045084|24463&4&174.9400714248266|24475&4&23.896728158544136|24485&4&284.3707248485497|24489&4&473.26941020921186|24490&4&413.39161166442653|24492&4&492.39025419639427|24493&4&166.95094994038772|24494&4&17.30802850959312|24495&4&92.84909936953018|24499&4&15.393742410047452|24505&4&40.64887106484356|24511&4&28.50138985326575|24512&4&10.293774695846906,2|24399&4&151.77830984560612|24400&4&16.712074142918606|24402&4&143.7201791714734|24403&4&6.217248937900877E-15|24406&4&525.3166076393146|24408&4&266.2392441679952|24412&4&319.6837534677382|24413&4&62.61157234869772|24417&4&855.516257478628|24418&4&197.04051400726186|24421&4&69.2850065288723|24424&4&232.30285041132862|24430&4&850.3558574921187|24431&4&61.60268047282513|24436&4&883.7897824525622|24438&4&894.2004521232041|24450&4&637.1472133218656|24491&4&659.6317251785349|24493&4&300.6376502273013|24494&4&1.1102230246251565E-16|24496&4&0.0|24499&4&54.04302430072869|24504&4&13.794830241078083|24506&4&22.17525785846665|24507&4&5.535350282284108|24509&4&22.816773414895245|24512&4&5.677890948547422,2|24401&4&28.882845774063497|24402&4&596.4595505275998|24415&4&9.109175900809294|24420&4&161.63131013634208|24422&4&36.934761643626814|24423&4&510.91191326048687|24425&4&508.69909877441535|24435&4&126.63011850787882|24446&4&215.38740835523788|24447&4&65.27645060897171|24448&4&25.03671153026592|24453&4&687.1622892118559|24489&4&21.112391904860388|24494&4&40.97067939014741|24495&4&12.797114877039473|24503&4&10.161721508171278,2|24401&4&675.5811615917252|24405&4&9.139553300852382|24413&4&310.46732685198435|24414&4&608.3131892336924|24419&4&175.3008243959639|24421&4&120.9993888968151|24424&4&520.5726503509|24433&4&19.73164283754433|24435&4&127.26036137211224|24439&4&283.48919434587117|24448&4&-2.042810365310288E-14|24456&4&3.376896327377605|24458&4&4.345492041999634|24459&4&4.773688240615432|24462&4&449.8417889389567|24467&4&763.1999200187261|24473&4&183.38789803015885|24478&4&886.7574695669196|24487&4&226.1800812103689|24493&4&304.82468044138784|24494&4&430.7906844187925|24506&4&45.82039977582353|24508&4&32.13004374891964
71|4,130,1,1,1,1,1,1,1,1,1,1,1,1,1,1,1,1,1,1,1,1,1,1,1,1,1,1,1,1,1,1,1,1,1,1,1,1,1,1,1,1,1,1,1,1,1,1,1,1,1,1,1,1,1,1,1,1,1,1,1,1,1,1,1,1,1,1,1,1,1,1,1,1,1,1,1,1,1,1,1,1,1,1,1,1,1,1,1,1,1,1,1,1,1,1,1,1,1,1,1,1,0,0,0,0,0,0,0,0,0,0,0,0,0,0,0,0,0,0,0,0,2|24411&4&0.0|24412&4&284.08083323171354|24416&4&134.97817455037455|24419&4&339.7172275155264|24426&4&216.35313074877837|24433&4&561.7894284491554|24434&4&319.05079572031565|24435&4&582.288170784059|24437&4&349.95156584308654|24439&4&399.1723214250988|24442&4&582.6346693046287|24447&4&1.8460645021807445|24454&4&413.0069075739689|24455&4&453.5397873596305|24459&4&2.98521289302313|24469&4&770.6007029545468|24471&4&1.3322676295501878E-14|24472&4&1.9539925233402755E-14|24476&4&513.7962219941423|24480&4&6.070584992566277|24482&4&995.43278565095|24485&4&-1.1657341758564144E-15|24487&4&48.68264920019609|24488&4&214.0951908893088|24495&4&648.0360436055053|24498&4&36.66941147824469|24500&4&31.000768269521025|24503&4&20.999072353164074,2|24397&4&620.1291867594834|24405&4&339.80350006096455|24408&4&688.2860311253221|24413&4&5.0419282835345935|24415&4&329.1069052107744|24416&4&483.45234450752037|24422&4&322.437303088633|24429&4&527.7459798303495|24432&4&960.5908649536865|24434&4&311.0849096051442|24437&4&410.0023680289772|24446&4&136.15634324681773|24451&4&610.3325299730096|24452&4&260.167779455572|24464&4&710.9199447920184|24468&4&22.068664157545744|24473&4&292.009170130519|24474&4&14.839194519917449|24479&4&1041.1734644458343|24488&4&22.516295305010075|24500&4&47.58250675397029|24504&4&39.56014553164418|24507&4&35.092839208356914|24508&4&36.42924251058099|24512&4&35.97198313915822,2|24418&4&246.80553525638243|24420&4&325.3165990426635|24427&4&762.1350771050338|24447&4&231.70476714059836|24448&4&435.84125999544125|24457&4&286.5820857060267|24459&4&482.2828919198741|24461&4&114.74396374281278|24465&4&851.0387632002405|24473&4&101.35848610143033|24474&4&477.0294072593767|24480&4&611.0615862143669|24488&4&274.71405345993946|24490&4&22.38068759231149|24509&4&43.7549396391161|24513&4&40.73880465164914,2|24403&4&851.9718534270525|24407&4&927.5513732434396|24410&4&30.775914385358668|24416&4&79.50819442021209|24421&4&578.4832386925575|24442&4&18.145069784006708|24443&4&680.5515167032469|24445&4&577.132981822436|24447&4&17.132673653595205|24452&4&275.63784724938654|24456&4&551.668921309622|24457&4&622.8464303463354|24458&4&379.1890645879105|24459&4&61.59251010842937|24463&4&703.7580420924749|24477&4&119.66542304535835|24478&4&38.74539286419057|24484&4&125.97510495206521|24485&4&33.84184624535109|24502&4&13.83226755264136|24504&4&8.967551449313225|24508&4&14.992515059897148|24512&4&52.87919652269122|24513&4&45.25646561397819|24514&4&40.904588352074825,2|24398&4&585.3450866218932|24399&4&838.2297299375107|24404&4&674.8722511255387|24405&4&21.287440398621158|24410&4&538.5139547855222|24412&4&20.45580506968115|24416&4&179.12476497430305|24418&4&12.83908478371088|24442&4&1.1546319456101628E-14|24449&4&776.5372714576162|24461&4&660.1066755639016|24468&4&161.17559043681396|24473&4&90.46611189427247|24475&4&364.7027873840743|24477&4&707.0879086581358|24484&4&489.2079662226491|24485&4&278.1669950042527|24487&4&239.25890737709153|24498&4&51.96192982505312|24502&4&42.52948902862767|24514&4&35.24823268147294,2|24405&4&14.050638245096383|24409&4&72.76112965836575|24414&4&128.36673322283434|24415&4&236.32334464043132|24418&4&16.730371658159328|24428&4&383.8078656946647|24431&4&516.7836081783871|24433&4&103.07757542560998|24434&4&1.6246753089954|24442&4&232.68443232893483|24452&4&21.801753731757927|24456&4&184.63924898638336|24463&4&145.8860758238892|24466&4&235.54749811756068|24468&4&348.0916750030047|24469&4&110.89195938786332|24471&4&719.0041983224548|24472&4&909.80774965383|24476&4&32.19833311531117|24483&4&763.335119059481|24486&4&610.3160692878733|24497&4&44.786938066149325|24500&4&41.62425268826112|24501&4&18.5334044592432|24502&4&32.82990856939503|24503&4&24.206391661331956|24511&4&42.34050753113725,2|24397&4&174.7224034543441|24400&4&0.0|24406&4&221.97163175718563|24409&4&570.3224112843179|24411&4&0.0|24412&4&128.7488178921006|24414&4&292.0717876591891|24419&4&44.67133853274776|24422&4&54.0776563134347|24426&4&451.68389117595893|24431&4&219.96020812052024|24434&4&13.751591053511024|24441&4&272.8047632568431|24443&4&129.66437380938874|24444&4&494.1595724428731|24445&4&5.118820418651919|24446&4&158.74904513212223|24451&4&257.3665884742286|24454&4&13.091243887843873|24455&4&303.7858825354766|24461&4&117.8985499414283|24463&4&166.1930678535853|24475&4&53.49111732448443|24485&4&269.8131425808489|24489&4&436.1246758465243|24490&4&450.5407328338772|24492&4&445.10907957366385|24493&4&141.35111730153085|24494&4&14.765989920806778|24495&4&71.01398164188801|24499&4&31.63667880382065|24503&4&5.027282877519667|24505&4&36.39862651095649|24511&4&39.03642646431482|24512&4&8.836503179315983,2|24399&4&116.55116378801479|24400&4&0.0|24402&4&135.46463252934527|24406&4&473.16124474811494|24408&4&221.27905731466805|24412&4&358.2223865702708|24413&4&121.65050352102739|24417&4&777.3425432146514|24418&4&282.01135538256153|24421&4&51.06251024666287|24424&4&197.7015030210927|24430&4&866.5665652476754|24431&4&41.87280931660825|24436&4&797.1926662413634|24438&4&903.3263543008173|24450&4&705.812149747167|24484&4&226.5711814179113|24491&4&706.407542773569|24493&4&274.59934593268406|24499&4&47.33682970434328|24504&4&10.938755642325592|24506&4&34.41743870431849|24507&4&4.461812609115928|24509&4&33.563679771860365|24512&4&4.0120205334565195,2|24401&4&14.994901459245074|24402&4&529.8381109845585|24415&4&3.2119388313420667|24420&4&300.5641994432966|24422&4&28.44128704484031|24423&4&487.95952514750036|24425&4&585.7919292943386|24435&4&103.17709660187073|24446&4&183.33653846241447|24447&4&103.64696263091031|24448&4&12.664334628564632|24453&4&724.8510833348461|24462&4&142.60965825804973|24489&4&98.98198155176794|24494&4&25.35329531144119|24495&4&11.375213224035086|24503&4&9.435884257587615|24505&4&2.5182843872728995,2|24401&4&808.7111546216576|24405&4&8.124047378535451|24413&4&292.713774381752|24414&4&574.8874251389321|24419&4&156.27267566450791|24421&4&106.70549148435543|24424&4&624.3355974321931|24433&4&17.154785472887227|24435&4&115.71298490584238|24439&4&247.0879765454655|24456&4&-1.3322676295501878E-14|24458&4&2.1727460209998286|24459&4&4.243278436102607|24462&4&392.6715968448386|24467&4&690.3355189964111|24473&4&167.95408938395406|24478&4&822.1757651853018|24487&4&204.06894471546994|24493&4&283.42511394046903|24494&4&515.6619584681389|24506&4&41.46059086057699|24508&4&29.47158215705179
72|4,130,1,1,1,1,1,1,1,1,1,1,1,1,1,1,1,1,1,1,1,1,1,1,1,1,1,1,1,1,1,1,1,1,1,1,1,1,1,1,1,1,1,1,1,1,1,1,1,1,1,1,1,1,1,1,1,1,1,1,1,1,1,1,1,1,1,1,1,1,1,1,1,1,1,1,1,1,1,1,1,1,1,1,1,1,1,1,1,1,1,1,1,1,1,1,1,1,1,1,1,1,0,0,0,0,0,0,0,0,0,0,0,0,0,0,0,0,0,0,0,0,2|24412&4&260.7840770329384|24416&4&126.54203864097613|24419&4&352.7084726525651|24426&4&198.174643492671|24433&4&518.6269142466988|24434&4&321.83526307976047|24435&4&545.6365289747097|24437&4&300.3065970447752|24439&4&374.8708876248999|24442&4&546.6269933187796|24447&4&0.05390798317891742|24454&4&366.403224491624|24455&4&406.3492767505564|24459&4&-2.042810365310288E-14|24469&4&768.1775636059992|24476&4&452.2721231511765|24480&4&1.114527511062502|24482&4&984.2336210191942|24487&4&35.19873131445796|24488&4&200.745249903398|24495&4&602.9861299947927|24498&4&32.58463220080587|24500&4&29.06322025267596|24503&4&19.09281716617633,2|24397&4&649.3548961839633|24405&4&412.2511195054206|24408&4&647.8745024536985|24413&4&4.458529387944414|24415&4&311.97548012153754|24416&4&436.77598392238116|24422&4&293.20215487303165|24429&4&463.7658511313343|24432&4&934.0507005136375|24434&4&279.4078601018965|24437&4&509.3987380225286|24446&4&126.68995400321964|24451&4&549.4540528227833|24452&4&393.7073679487821|24464&4&782.7966941962829|24468&4&11.51856704779337|24473&4&348.9699157552658|24474&4&7.363590979671025|24479&4&950.4288126757641|24488&4&20.907988497509358|24500&4&58.956306991805675|24504&4&35.57052343094399|24507&4&31.465988929294753|24508&4&43.87477697214109|24512&4&32.57449704030433,2|24418&4&227.30205473193777|24420&4&289.459785391158|24427&4&702.5711007349911|24447&4&200.19360284714259|24448&4&434.7141096804251|24457&4&247.38712544258374|24459&4&450.8069765937594|24461&4&90.26201217379975|24465&4&786.1276203995033|24473&4&94.76733321486518|24474&4&435.40837350756067|24480&4&685.2385989757479|24488&4&234.4089676702815|24490&4&16.348171389470846|24509&4&37.999328400780435|24513&4&36.114154747425076,2|24403&4&897.0526206046994|24407&4&836.2002453536215|24410&4&26.031108200200112|24416&4&55.50698929895981|24421&4&541.7896501070481|24442&4&11.261092006351326|24443&4&621.6271542314767|24445&4&568.5015199031061|24447&4&16.061881550245506|24452&4&248.46407597831|24456&4&506.42589441640587|24457&4&588.2814563445647|24458&4&325.43256800517577|24459&4&45.74471633166795|24460&4&159.19715076592303|24463&4&636.3932377577953|24477&4&92.14693561171515|24478&4&27.96446902224138|24484&4&96.74611316479061|24485&4&25.0591385895556|24502&4&12.967750830601275|24504&4&8.519173876847564|24508&4&12.144685254012744|24512&4&49.40693538198793|24513&4&53.56697435737382|24514&4&36.34467096296812,2|24398&4&556.6748991848212|24399&4&888.8134589282827|24404&4&670.3514404520031|24405&4&17.739533665517637|24410&4&533.7873241284603|24412&4&18.01557758261873|24416&4&339.04592622934734|24418&4&7.760455479750994|24429&4&169.82159947390343|24449&4&804.5655923737647|24461&4&608.630386071283|24468&4&151.58667106389447|24473&4&66.30845236596909|24475&4&334.5015612823013|24477&4&793.8221204125805|24484&4&449.2036803380469|24485&4&251.82597959079203|24487&4&221.97092459314732|24498&4&49.03227794700841|24502&4&37.382405430343425|24514&4&46.73798642965458,2|24405&4&6.53985184131023|24409&4&69.12307317544746|24414&4&121.94839656169262|24415&4&203.30984514658576|24418&4&13.38429732652746|24428&4&329.97858822924525|24431&4&561.2250887161317|24433&4&152.55766709287246|24434&4&1.021405182655144E-14|24442&4&204.69933210215962|24452&4&11.04722269915233|24456&4&225.3725124711133|24463&4&197.36018728843817|24466&4&223.77012321168263|24468&4&305.6418207159364|24469&4&89.48904448736155|24471&4&792.4129600497351|24472&4&970.5204263002842|24476&4&281.7623227682152|24483&4&729.0816010965495|24486&4&555.8456120476432|24497&4&39.1546652314206|24500&4&36.11117671918673|24501&4&16.90905504980537|24502&4&31.005500861556754|24503&4&19.699992372793254|24511&4&36.787808799647735,2|24397&4&144.01995997801873|24400&4&128.71835041335083|24406&4&353.02804513902623|24409&4&502.37475970775176|24412&4&98.1912821246505|24414&4&256.8401831850676|24419&4&31.783266795771862|24422&4&107.73974159845214|24426&4&533.5958414635905|24431&4&208.10348181238766|24434&4&10.794329120099325|24435&4&76.44360623072123|24441&4&257.2738226476214|24443&4&122.8399330825788|24444&4&524.6387576893881|24445&4&-3.730349362740526E-14|24446&4&271.7245581064282|24451&4&392.2487518291015|24454&4&165.6366882991713|24455&4&374.70924735953116|24461&4&111.69336310240575|24463&4&157.44606428234397|24475&4&74.30682437952314|24485&4&255.25556031314807|24489&4&398.9799414838368|24490&4&424.60271221541745|24492&4&400.3193855852826|24493&4&115.75128466267397|24494&4&12.223951332020434|24495&4&52.32383319977335|24499&4&42.68485815441471|24503&4&18.9945347478497|24505&4&32.148381957069404|24511&4&48.797476285696696|24512&4&7.379231662785057,2|24399&4&85.7775040340498|24402&4&127.20908588721713|24406&4&422.0896586409484|24408&4&178.53899001436994|24412&4&488.9181764685778|24413&4&184.93261699222705|24417&4&703.2128194002812|24418&4&294.62810250272287|24421&4&35.90099217907412|24424&4&165.34479298662075|24430&4&876.592623506598|24431&4&25.57591732565968|24436&4&714.1571455424943|24438&4&973.316658887901|24450&4&768.800877874623|24457&4&57.97691109344231|24484&4&384.311607013658|24491&4&772.7129302918981|24493&4&253.70069908265566|24499&4&40.961670980331945|24504&4&8.368821308444565|24506&4&32.5249267606119|24507&4&3.388274935947747|24509&4&43.87226787143302|24512&4&2.5139645373528925,2|24401&4&5.129116713689083|24402&4&465.19356577926015|24409&4&129.51743780695745|24415&4&-1.509903313490213E-14|24420&4&320.4260794190371|24422&4&20.280752869798828|24423&4&577.8857929351464|24425&4&596.9312300075043|24428&4&201.48646619522296|24435&4&82.9038367274321|24446&4&153.2260473990741|24447&4&236.79697735257113|24448&4&4.369701763868155|24453&4&728.5569161527603|24462&4&135.47917534514724|24467&4&111.74126854881575|24489&4&165.09982924137006|24494&4&12.913009261935091|24495&4&9.9533115710307|24501&4&0.24632319786400103|24502&4&34.30825910088356|24503&4&8.710047007003952|24505&4&13.64099488345918|24506&4&14.63555368239793,2|24401&4&869.6668612572482|24405&4&7.10854145621852|24413&4&274.9602219115196|24414&4&541.4616610441719|24419&4&137.24452693305193|24421&4&92.41159407189576|24424&4&710.3900398849112|24433&4&14.577928108230118|24435&4&104.16560843957248|24439&4&211.4012735115972|24458&4&-7.105427357601002E-15|24459&4&3.7128686315897808|24462&4&337.8607912052256|24467&4&622.9412232445261|24473&4&152.52028073774926|24478&4&757.5940608036841|24487&4&181.95780822057094|24493&4&262.0255474395502|24494&4&613.0197678147897|24506&4&37.100781945330446|24508&4&26.813120565183944
73|4,130,1,1,1,1,1,1,1,1,1,1,1,1,1,1,1,1,1,1,1,1,1,1,1,1,1,1,1,1,1,1,1,1,1,1,1,1,1,1,1,1,1,1,1,1,1,1,1,1,1,1,1,1,1,1,1,1,1,1,1,1,1,1,1,1,1,1,1,1,1,1,1,1,1,1,1,1,1,1,1,1,1,1,1,1,1,1,1,1,1,1,1,1,1,1,1,1,1,1,1,1,0,0,0,0,0,0,0,0,0,0,0,0,0,0,0,0,0,0,0,0,2|24412&4&237.48732083416326|24416&4&118.10590273157771|24419&4&451.3466896083363|24426&4&179.99615623656368|24433&4&477.37069950771314|24434&4&432.17766584349164|24435&4&508.98488716536025|24437&4&254.48458768783715|24439&4&437.5884421846317|24440&4&86.64772257841216|24442&4&510.6193173329303|24447&4&-2.0816681711721685E-16|24454&4&322.0275060147013|24455&4&363.58402195599257|24469&4&715.9961472288837|24476&4&396.0038648782943|24480&4&3.552713678800501E-15|24482&4&889.9766572429849|24487&4&22.04994021469269|24488&4&427.5744209331867|24495&4&581.3663637649155|24498&4&28.499852923367047|24500&4&27.125672235830898|24503&4&17.186561979188593,2|24397&4&635.8368063262994|24405&4&494.27290802475295|24408&4&607.462973782075|24413&4&3.8751304923542333|24415&4&376.98152886109995|24416&4&390.099623337242|24422&4&263.96700665743026|24429&4&403.14594958042125|24432&4&997.6584701886685|24434&4&247.73081059864882|24437&4&670.2192506387681|24446&4&117.2235647596216|24451&4&492.9196625351052|24452&4&431.5926230848814|24464&4&771.5897528542242|24468&4&4.75506277767321|24473&4&404.94182971963096|24474&4&0.0|24479&4&865.1346361949699|24488&4&19.29968169000864|24500&4&70.31802693973067|24504&4&31.58090133024379|24507&4&27.83913865023259|24508&4&52.97997243354631|24512&4&29.177010941450437,2|24418&4&207.79857420749306|24420&4&253.6029717396525|24427&4&755.2305111740368|24447&4&168.68243855368678|24448&4&384.31788764028505|24457&4&211.6756697453634|24459&4&454.8342476966951|24461&4&65.94307160968265|24465&4&881.7188446383427|24473&4&88.17618032830002|24474&4&0.0|24480&4&631.397537907376|24488&4&197.42220709599127|24490&4&10.315655186630202|24507&4&5.205830705336837|24509&4&32.45669845663986|24513&4&31.489504843200997,2|24403&4&988.0713578200783|24407&4&751.456770439085|24410&4&21.286302015041585|24416&4&36.350294483264214|24421&4&505.0960615215386|24442&4&6.397547782070294|24443&4&563.7092891146798|24445&4&713.8531011999127|24447&4&14.991089446895806|24452&4&221.29030470723347|24456&4&461.18286752318966|24457&4&553.7164823427943|24458&4&271.676071422441|24459&4&29.896922554906524|24460&4&229.7337260597913|24463&4&569.8895816513395|24469&4&42.23478158552774|24477&4&67.26875503693896|24478&4&17.634416916270855|24484&4&71.24091723388523|24485&4&16.53897471372946|24502&4&12.10323410856119|24504&4&8.070796304381902|24508&4&9.29685544812834|24512&4&45.93467424128464|24513&4&61.066663717902514|24514&4&31.78475357386141,2|24398&4&612.9964883688228|24399&4&846.0450812502158|24404&4&741.7404589867876|24405&4&14.191626932414117|24410&4&497.7343864592882|24412&4&15.575350095556308|24416&4&422.13919168619805|24418&4&4.873686904800989|24429&4&161.33051950020825|24449&4&782.4968494310028|24461&4&557.1540965786642|24468&4&141.997751690975|24473&4&45.87498850228603|24475&4&304.30033518052835|24477&4&746.4288433807562|24484&4&409.1993944534447|24485&4&225.48496417733134|24487&4&204.6829418092031|24498&4&46.1026260689637|24502&4&32.235321832059185|24514&4&57.74727786594379,2|24405&4&2.1710327415259694|24409&4&65.48501669252917|24414&4&115.5300599005509|24415&4&170.2963456527402|24418&4&10.038222994895591|24428&4&281.4124375633206|24431&4&654.6373901928162|24433&4&144.6720897996648|24442&4&176.71423187538443|24452&4&4.957450559803476|24456&4&213.21323579544247|24463&4&187.12746273445651|24466&4&211.99274830580458|24468&4&263.1919664288681|24469&4&69.31140031402414|24471&4&858.6156346803796|24472&4&1029.0749756307303|24476&4&267.5937107970162|24483&4&823.2040942580429|24486&4&502.40124739527613|24497&4&43.729912845545186|24500&4&30.63163995252383|24501&4&15.284705640367546|24502&4&29.181093153718475|24503&4&15.612700492538552|24511&4&31.546578050969,2|24397&4&114.81830438372043|24400&4&122.28243289268329|24406&4&418.12160883471614|24409&4&435.72258035575413|24412&4&71.44447793414639|24414&4&223.10941334495575|24419&4&18.89519505879596|24422&4&209.8515019139597|24426&4&485.7397883513901|24431&4&196.24675550425508|24434&4&7.8370671866876265|24435&4&127.4429550402147|24441&4&288.7722782550424|24443&4&116.01549235576886|24444&4&665.0758432818237|24446&4&307.77895993352325|24451&4&402.7976167336693|24454&4&359.0059000884696|24455&4&354.8168904689142|24461&4&126.79747688303048|24463&4&148.69906071110265|24475&4&96.671542541138|24485&4&244.9234980268081|24489&4&361.83520712114927|24490&4&471.07554623650987|24492&4&0.0|24493&4&90.15145202381709|24494&4&9.68191274323409|24495&4&38.29126025605696|24499&4&53.28795836254618|24503&4&33.596734260013875|24505&4&27.898137403182325|24511&4&57.74458997107628|24512&4&5.921960146254132,2|24399&4&59.83762532495466|24402&4&118.95353924508899|24406&4&373.4707669673689|24408&4&141.1925054780183|24410&4&19.953757716218036|24412&4&572.2952024390654|24413&4&211.63921493947583|24417&4&633.1858307281902|24418&4&290.1061873206403|24421&4&22.926808400843054|24424&4&135.79824245814854|24430&4&863.8882675660398|24431&4&12.868307453176143|24436&4&634.5680602568417|24438&4&1053.3712416675637|24450&4&804.8637165021516|24457&4&110.53209532998301|24484&4&420.52370687397604|24491&4&858.107595571503|24493&4&238.09966302001908|24499&4&35.00413574271144|24504&4&31.282906613945578|24506&4&30.63241481690531|24507&4&2.3147372627795653|24509&4&54.16750690113564|24512&4&1.3074224584833924,2|24401&4&-3.552713678800501E-14|24402&4&404.44087679608714|24409&4&174.9735655601998|24420&4&362.11061705367257|24422&4&12.217448957394515|24423&4&667.3974484831875|24425&4&551.0070819234528|24428&4&191.4121428854618|24435&4&66.77742897284557|24436&4&16.75430220869424|24446&4&124.91565268532655|24447&4&284.7318590112179|24448&4&0.7893446991003565|24453&4&751.8418638598771|24462&4&128.34869243224475|24467&4&256.16331899184746|24468&4&103.11454860765043|24487&4&70.36270061528853|24489&4&241.1876508099431|24494&4&4.428833422727614|24495&4&8.531409918026313|24501&4&8.929816269690551|24502&4&45.13113981347653|24503&4&7.98420975642029|24505&4&25.02890027205042|24506&4&28.08053883691867,2|24401&4&908.8000209476983|24405&4&6.093035533901588|24413&4&257.2066694412873|24414&4&508.0358969494117|24419&4&118.21637820159594|24421&4&78.11769665943609|24424&4&697.7187458889688|24433&4&12.00107074357301|24435&4&92.61823197330261|24439&4&179.2985432844653|24459&4&3.182458827076955|24462&4&286.71310858275035|24467&4&557.2875455397584|24473&4&137.08647209154444|24478&4&693.0123564220664|24487&4&159.84667172567197|24493&4&240.62598093863141|24494&4&707.7933777281444|24506&4&32.7409730300839|24508&4&24.15465897331609
74|4,130,1,1,1,1,1,1,1,1,1,1,1,1,1,1,1,1,1,1,1,1,1,1,1,1,1,1,1,1,1,1,1,1,1,1,1,1,1,1,1,1,1,1,1,1,1,1,1,1,1,1,1,1,1,1,1,1,1,1,1,1,1,1,1,1,1,1,1,1,1,1,1,1,1,1,1,1,1,1,1,1,1,1,1,1,1,1,1,1,1,1,1,1,1,1,1,1,1,1,1,1,0,0,0,0,0,0,0,0,0,0,0,0,0,0,0,0,0,0,0,0,2|24412&4&214.19056463538814|24416&4&109.6697668221793|24419&4&555.5885682470955|24426&4&161.81766898045632|24433&4&436.1144847687275|24434&4&440.5952826220088|24435&4&472.33324535601093|24437&4&213.93556513976932|24439&4&408.93605896643624|24440&4&296.2723207180703|24442&4&474.6116413470811|24454&4&279.299142189583|24455&4&325.37899947089|24469&4&663.8147308517681|24476&4&344.7969792493451|24482&4&800.6665933279594|24487&4&11.542306566541164|24488&4&549.9101617797135|24495&4&627.8279463332647|24498&4&24.415073645928224|24500&4&25.188124218985834|24503&4&15.280306792200852,2|24397&4&752.2932727351172|24405&4&504.63139663350194|24408&4&567.0514451104514|24413&4&3.291731596764053|24415&4&465.7365992675337|24416&4&343.4232627521028|24422&4&234.73185844182885|24429&4&343.94233701918427|24432&4&1004.5572687051138|24434&4&216.05376109540111|24437&4&816.3173885815253|24446&4&107.75717551602352|24451&4&440.9335327979118|24452&4&407.0986465379076|24464&4&840.6634929508036|24468&4&3.375077994860476E-14|24473&4&478.6470876863825|24479&4&781.287743243244|24488&4&17.691374882507922|24500&4&80.32229644455857|24504&4&27.5912792295436|24507&4&24.212288371170438|24508&4&49.45627277671643|24512&4&25.77952484259655,2|24418&4&188.29509368304838|24420&4&217.746158088147|24427&4&724.8989460178913|24428&4&163.6702939630813|24439&4&124.12979111106716|24447&4&137.17127426023103|24448&4&333.9216656001448|24457&4&177.0851645656859|24459&4&498.6746783859704|24461&4&46.16305496974274|24465&4&939.3472412996815|24473&4&81.58502744173487|24480&4&577.5564768390042|24488&4&164.1964396438003|24490&4&4.28313898378956|24507&4&16.091773159738235|24509&4&27.272065187749885|24513&4&26.86485493897692,2|24403&4&900.8210032981495|24407&4&0.0|24410&4&16.54149582988306|24416&4&22.02257597000417|24417&4&41.68791168715589|24421&4&468.4024729360291|24442&4&2.273929397096168|24443&4&505.79142399788304|24445&4&762.5189281919654|24447&4&13.920297343546107|24452&4&194.11653343615694|24455&4&10.339065812200516|24456&4&415.93984062997345|24457&4&519.1515083410236|24458&4&222.22446212917868|24459&4&17.632021577475257|24460&4&218.26978007296896|24463&4&504.6620339184582|24469&4&182.8357327121858|24477&4&45.64647884998768|24478&4&7.304364810300327|24484&4&48.645455320158646|24485&4&8.01881083790332|24502&4&11.238717386521106|24504&4&7.622418731916241|24508&4&6.749548618654864|24512&4&42.462413100581344|24513&4&68.57666770641328|24514&4&27.2248361847547,2|24398&4&593.1079680996954|24399&4&812.3093625724104|24404&4&808.2988894206123|24405&4&10.643720199310597|24410&4&461.68144879011595|24412&4&13.135122608493887|24416&4&574.8987339367166|24418&4&1.9869183298509903|24429&4&152.83943952651308|24449&4&833.2318587415562|24461&4&505.6778070860455|24468&4&132.40883231805554|24473&4&28.458827864582524|24475&4&274.0991090787553|24477&4&802.999217746712|24484&4&369.19510856884256|24485&4&199.1439487638707|24487&4&187.3949590252589|24498&4&43.172974190918985|24502&4&27.088238233774934|24514&4&68.42341005804722,2|24405&4&0.8263280740561871|24409&4&61.846960209610884|24414&4&109.11172323940917|24415&4&140.55881973022954|24418&4&6.6921486632637235|24428&4&238.56285767861152|24431&4&743.3637905307716|24433&4&228.46057106560139|24442&4&148.72913164860927|24452&4&-3.375077994860476E-14|24456&4&201.0539591197716|24463&4&176.8947381804749|24466&4&320.9428026961635|24468&4&220.7421121417998|24469&4&49.60200876818176|24471&4&779.7452823871638|24472&4&1000.3987846480921|24476&4&253.42509882581714|24483&4&874.7096152891152|24486&4&451.68545877114326|24497&4&48.178072935443375|24498&4&8.033347030955042|24500&4&25.578742836435943|24501&4&13.660356230929718|24502&4&27.356685445880203|24503&4&11.953571928377295|24511&4&26.643348506237732,2|24397&4&90.57253802181106|24400&4&161.35157352282081|24406&4&395.4387732946242|24409&4&372.69248766756124|24412&4&48.188930013228855|24414&4&194.06360125187086|24419&4&9.362242129656563|24422&4&253.29924710725183|24426&4&438.70411733563526|24431&4&184.3900291961225|24434&4&4.8798052532759275|24435&4&120.87969827262717|24441&4&311.73731421043055|24443&4&109.19105162895892|24444&4&713.5497666680748|24446&4&434.2304879930226|24451&4&388.98004689754987|24454&4&433.21674586464417|24455&4&334.9245335782972|24461&4&219.0468358484714|24463&4&139.95205713986132|24475&4&121.5517788360138|24485&4&326.6812852690261|24489&4&324.69047275846174|24490&4&559.6633919079432|24492&4&104.44483811638875|24493&4&65.93559415253745|24494&4&7.139874154447744|24495&4&24.25868731234054|24499&4&64.16217585350891|24503&4&47.70211080283109|24505&4&23.647892849295253|24511&4&65.5624716383107|24512&4&4.464688629723207,2|24399&4&38.699225218647214|24402&4&248.94404085381117|24406&4&327.32714105177865|24408&4&109.97013102307162|24410&4&49.348471227258216|24412&4&683.5082428752692|24413&4&255.76432694146752|24417&4&567.7493077433564|24418&4&320.92020429146834|24421&4&12.671352053927286|24424&4&110.11739150029669|24429&4&29.656600722535188|24430&4&923.3577819530419|24431&4&4.278199313226574|24436&4&556.6542129582257|24438&4&1128.6740759186864|24450&4&889.8747076903558|24457&4&174.0019917396639|24458&4&157.03161953944323|24484&4&553.2953560814067|24491&4&932.1751526556186|24493&4&222.4986269573825|24496&4&86.49008253661185|24499&4&29.474373380847762|24504&4&39.21091805208418|24506&4&28.739902873198716|24507&4&1.2411995896113845|24509&4&51.161657302481544|24512&4&0.44867812613106406,2|24402&4&344.715893796828|24409&4&165.90109368767241|24420&4&346.712263541724|24422&4&7.417158259100381|24423&4&759.2710690782533|24425&4&509.58645483025424|24428&4&181.33781957570065|24435&4&51.962856748041204|24436&4&15.91658709825953|24446&4&98.18575040800357|24447&4&269.21900131770747|24448&4&5.10702591327572E-15|24453&4&805.521373850074|24462&4&121.21820951934225|24467&4&243.07579987088306|24468&4&97.95882117726791|24481&4&177.12250516425905|24487&4&66.8445655845241|24489&4&292.29255920754326|24493&4&229.5306488831793|24494&4&-3.552713678800501E-14|24495&4&7.109508265021926|24501&4&17.37560831816034|24502&4&54.65786491361926|24503&4&7.258372505836627|24505&4&35.643185642904214|24506&4&40.766451196960226,2|24401&4&898.3596359112435|24405&4&5.077529611584657|24413&4&239.45311697105498|24414&4&474.6101328546515|24419&4&99.18822947013994|24421&4&63.82379924697642|24424&4&805.3665019758276|24433&4&9.424213378915901|24435&4&81.07085550703275|24439&4&147.82851107365363|24459&4&2.652049022564129|24462&4&237.83663605260801|24467&4&496.76042493195337|24473&4&121.65266344533964|24478&4&628.4306520404488|24487&4&137.735535230773|24493&4&219.22641443771258|24494&4&657.1994670722471|24506&4&28.381164114837357|24508&4&21.49619738144824
75|4,130,1,1,1,1,1,1,1,1,1,1,1,1,1,1,1,1,1,1,1,1,1,1,1,1,1,1,1,1,1,1,1,1,1,1,1,1,1,1,1,1,1,1,1,1,1,1,1,1,1,1,1,1,1,1,1,1,1,1,1,1,1,1,1,1,1,1,1,1,1,1,1,1,1,1,1,1,1,1,1,1,1,1,1,1,1,1,1,1,1,1,1,1,1,1,1,1,1,1,1,1,0,0,0,0,0,0,0,0,0,0,0,0,0,0,0,0,0,0,0,0,2|24412&4&190.893808436613|24416&4&101.23363091278088|24419&4&599.2781721695187|24426&4&143.639181724349|24433&4&398.2694039405055|24434&4&590.0769132564317|24435&4&435.68160354666156|24437&4&178.94367424266812|24439&4&380.28367574824085|24440&4&281.24208537572076|24442&4&438.603965361232|24454&4&240.78534659242595|24455&4&291.67597036848144|24469&4&611.6333144746526|24476&4&296.9354446028605|24482&4&716.5510084368295|24487&4&4.722759973299178|24488&4&536.67642106583|24495&4&731.3681073575378|24498&4&20.330294368489394|24500&4&23.25057620214077|24503&4&13.374051605213111,2|24397&4&842.4037402960062|24405&4&494.947045485427|24408&4&526.6399164388276|24413&4&2.7083327011738727|24415&4&565.9165611712726|24416&4&296.74690216696365|24422&4&205.4967102262275|24429&4&285.92803565953136|24432&4&1074.2977059376767|24434&4&184.3767115921534|24437&4&919.8369707565996|24446&4&98.29078627242544|24451&4&393.29918117290913|24452&4&382.60466999093376|24464&4&848.2535305693384|24473&4&591.9353079734996|24479&4&702.9230798400064|24488&4&16.083068075007205|24500&4&92.3750715896718|24504&4&23.601657128843406|24507&4&20.585438092108273|24508&4&45.93257311988656|24512&4&22.382038743742662,2|24418&4&168.79161315860367|24420&4&184.40085942372266|24426&4&92.07359212448188|24427&4&697.9875183993825|24428&4&155.48677926492724|24439&4&276.4538858053542|24447&4&107.13306260205155|24448&4&283.52544356000476|24457&4&143.3477483993247|24459&4&542.5320352657363|24461&4&29.971094058355785|24465&4&1018.4279793880742|24468&4&165.82294420605493|24473&4&74.99387455516971|24480&4&603.2942033208435|24488&4&134.753172745476|24490&4&3.019806626980426E-14|24507&4&28.623954357926237|24509&4&22.49254752907273|24513&4&22.288202271821945,2|24403&4&815.4792313381015|24410&4&11.796689644724534|24416&4&13.154480459410088|24417&4&337.8904763121368|24421&4&431.7088843505195|24433&4&10.007445213654819|24442&4&0.0|24443&4&448.46735081058966|24445&4&714.9157720390639|24447&4&12.849505240196407|24452&4&166.9427621650804|24455&4&91.51500890751487|24456&4&370.7545538941347|24457&4&484.5865343392531|24458&4&178.25485507019903|24459&4&9.352866792339084|24460&4&273.14832798699314|24463&4&442.5542308821629|24469&4&208.24335448319658|24477&4&27.533992359862673|24478&4&1.3828561832180906|24484&4&30.0015274071006|24485&4&3.6980357779457513|24502&4&10.374200664481021|24504&4&7.17404115945058|24508&4&4.598491366822477|24509&4&33.80011583420396|24512&4&38.990151959878055|24513&4&77.67443395706357|24514&4&22.664918795647992,2|24398&4&664.4430995917448|24399&4&910.5238748674361|24404&4&790.0585801255298|24405&4&7.095813466207076|24410&4&425.62851112094376|24412&4&10.694895121431466|24416&4&713.4504098278202|24418&4&-4.440892098500626E-16|24429&4&144.3483595528179|24449&4&813.6201603417917|24461&4&454.20151759342684|24468&4&122.81991294513605|24473&4&14.275277914900276|24475&4&243.89788297698232|24477&4&808.8663925522112|24484&4&329.1908226842404|24485&4&172.80293335041003|24487&4&170.1069762413147|24498&4&40.24332231287427|24502&4&22.327189619483953|24514&4&80.07564820033514,2|24405&4&0.14137443431524055|24409&4&58.2089037266926|24414&4&102.69338657826745|24415&4&113.3589721894768|24418&4&3.346074331631856|24428&4&197.49373001146563|24431&4&795.8292465187184|24433&4&215.99129084443652|24442&4&120.74403142183408|24456&4&188.89468244410077|24463&4&166.66201362649326|24466&4&303.6386037842718|24468&4&178.29225785473147|24469&4&34.407636871495534|24471&4&761.2852668363784|24472&4&1068.1892865084028|24476&4&239.25648685461812|24483&4&947.5885812920102|24486&4&405.5655619618251|24487&4&32.94406540655301|24497&4&54.84491177117923|24498&4&19.479317056634684|24500&4&20.979500288800825|24501&4&12.036006821491892|24502&4&25.532277738041927|24503&4&8.696857665261566|24511&4&22.09867508968916,2|24397&4&68.75037436134305|24400&4&261.1532670132724|24406&4&372.75593775453217|24409&4&311.41027800741585|24412&4&29.125557706250166|24414&4&169.63585174098634|24419&4&3.9092965515445317|24422&4&293.67542840273893|24426&4&392.8998404165267|24431&4&172.53330288798992|24434&4&1.9225433198642288|24435&4&114.31644150503963|24441&4&331.3745925277271|24443&4&102.36661090214898|24444&4&760.6551728183313|24446&4&543.3804956356294|24451&4&495.7690935265703|24454&4&447.92719092644955|24455&4&315.03217668768025|24461&4&283.4321754842498|24463&4&131.20505356862|24475&4&165.88584381031782|24485&4&364.3343787897856|24489&4&291.74056641613265|24490&4&509.40067653323797|24492&4&166.8750048501619|24493&4&46.32587807824516|24494&4&4.5978355656613985|24495&4&12.462022678962791|24499&4&75.90409600070154|24503&4&63.077890930319725|24505&4&19.917187842883678|24511&4&74.8608690473744|24512&4&3.0074171131922816,2|24399&4&22.679007768858636|24402&4&302.73075458275355|24406&4&284.24883823834125|24408&4&84.58444326570674|24410&4&78.65877890302474|24412&4&797.4356422448595|24413&4&287.8379068615749|24417&4&503.70710078588365|24418&4&366.22442745196827|24421&4&4.600474073580164|24424&4&88.27986162591804|24429&4&156.66176625247397|24430&4&981.7155730246274|24431&4&2.1316282072803006E-14|24436&4&511.81592000993004|24438&4&1173.1988756694254|24450&4&818.3399103599625|24457&4&164.87337252273548|24458&4&231.89290013360005|24462&4&145.40666702818794|24470&4&77.83676776930841|24484&4&522.9459742229574|24491&4&1004.0189442193918|24493&4&206.89759089474592|24496&4&168.84172816493526|24499&4&24.358894321709762|24504&4&48.71246224568823|24506&4&26.84739092949212|24507&4&0.4187341342556236|24509&4&48.15580770382744|24512&4&1.7763568394002505E-15,2|24402&4&290.1948518953362|24409&4&238.4520271310347|24420&4&325.78532878477944|24422&4&3.1544418158110457|24423&4&740.2673433752032|24425&4&468.1658277370555|24428&4&171.2634962659395|24435&4&37.89527685168019|24436&4&15.078871987824819|24442&4&47.71888312497281|24446&4&74.96754879508663|24447&4&253.70614362419704|24448&4&166.64832650822686|24453&4&880.2352860371262|24462&4&114.08772660643976|24467&4&244.3730047258909|24468&4&92.80309374688538|24481&4&168.2663799060461|24486&4&28.53694555144665|24487&4&63.32643055375968|24489&4&387.2024240323521|24493&4&218.05411643902033|24495&4&5.6876066120175395|24501&4&24.90311102736596|24502&4&67.11397527526913|24503&4&6.532535255252965|24505&4&46.81860497351457|24506&4&38.61950896160362,2|24401&4&980.7867085902787|24405&4&4.0620236892677255|24413&4&221.69956450082265|24414&4&441.18436875989124|24419&4&80.16008073868396|24421&4&49.52990183451674|24424&4&879.6170031171837|24433&4&6.847356014258795|24435&4&69.52347904076287|24439&4&117.28491745196226|24459&4&2.1216392180513033|24462&4&193.13609268515003|24467&4&437.95695966825315|24473&4&106.21885479913485|24478&4&594.6169634367914|24487&4&115.624398735874|24493&4&197.82684793679377|24494&4&658.2215964060216|24506&4&24.021355199590815|24508&4&18.83773578958039
76|4,130,1,1,1,1,1,1,1,1,1,1,1,1,1,1,1,1,1,1,1,1,1,1,1,1,1,1,1,1,1,1,1,1,1,1,1,1,1,1,1,1,1,1,1,1,1,1,1,1,1,1,1,1,1,1,1,1,1,1,1,1,1,1,1,1,1,1,1,1,1,1,1,1,1,1,1,1,1,1,1,1,1,1,1,1,1,1,1,1,1,1,1,1,1,1,1,1,1,1,1,1,0,0,0,0,0,0,0,0,0,0,0,0,0,0,0,0,0,0,0,0,2|24412&4&167.5970522378379|24416&4&92.79749500338247|24419&4&703.7953161830899|24426&4&125.46069446824163|24433&4&364.61076668472606|24434&4&691.7686938979964|24435&4&399.0299617373122|24437&4&149.82459671630386|24439&4&351.63129253004547|24440&4&266.2118500333712|24442&4&402.5962893753828|24447&4&49.64226907007989|24454&4&202.7781758115442|24455&4&261.3223131843616|24469&4&559.451898097537|24473&4&163.64723068731846|24476&4&250.43493513906077|24482&4&686.1305701921478|24487&4&-2.1316282072803006E-14|24488&4&502.9572982202495|24495&4&733.3046391684187|24498&4&16.385583377954376|24500&4&21.313028185295707|24503&4&11.46779641822537,2|24397&4&829.8767465009704|24405&4&490.06166552660227|24408&4&486.2283877672041|24413&4&2.1249338055836926|24415&4&530.5971489291298|24416&4&250.07054158182441|24422&4&176.2615620106261|24429&4&233.63244111134478|24432&4&1063.1639279170627|24434&4&152.6996620889057|24437&4&909.1180325093226|24446&4&88.82439702882738|24451&4&347.2342786644133|24452&4&358.11069344396|24464&4&918.2205478344872|24473&4&556.4212779467456|24479&4&625.2478952794063|24488&4&14.474761267506485|24500&4&105.82975075167309|24504&4&19.612035028143207|24507&4&16.958587813046112|24508&4&42.40887346305669|24512&4&18.98455264488877,2|24418&4&149.28813263415898|24420&4&153.35501304161318|24426&4&87.46991251825779|24427&4&668.1007123978725|24428&4&147.30326456677318|24439&4&262.32086703730886|24447&4&80.68923200954006|24448&4&237.83842077350258|24457&4&114.1700695497307|24459&4&625.2960435579939|24461&4&15.345607862992612|24465&4&931.4339199590795|24468&4&157.5317969957522|24473&4&68.40272166860456|24476&4&84.67643874843603|24480&4&554.4910222920352|24488&4&108.04915928172595|24507&4&41.53097230033354|24509&4&18.136234423411263|24513&4&18.089400782811865|24515&4&35.794514501590584,2|24403&4&733.3794298543969|24407&4&97.6669987086687|24410&4&7.0518834595660085|24416&4&4.286384948816044|24417&4&404.43866223343554|24421&4&0.0|24428&4&131.29244273613966|24433&4&127.91196883620424|24439&4&39.386988336635056|24443&4&395.90518837223885|24445&4&658.9318083159137|24447&4&11.778713136846708|24452&4&139.76899089400388|24455&4&86.91341079760862|24456&4&326.1116165936203|24457&4&450.0215603374825|24458&4&140.11741161717282|24459&4&5.137006422736471|24460&4&292.58748074377854|24463&4&382.8570750342801|24469&4&353.20121014523556|24477&4&13.591687082916685|24478&4&-9.325873406851315E-15|24484&4&15.3985363947174|24485&4&115.57505664343682|24502&4&9.509683942440937|24504&4&6.725663586984918|24508&4&14.975823205613898|24509&4&48.66830284665929|24512&4&35.51789081917476|24513&4&87.99626305371616|24514&4&18.303027954352608,2|24398&4&609.6049190336136|24399&4&1047.3840320769414|24404&4&849.794276751549|24405&4&3.547906733103556|24410&4&389.5755734517716|24412&4&8.254667634369046|24416&4&727.6786059119011|24429&4&135.85727957912272|24449&4&814.6119914827684|24461&4&402.7252281008081|24468&4&113.23099357221658|24473&4&4.662062713421949|24475&4&213.6966568752093|24477&4&891.0894774868657|24479&4&122.50355877216401|24484&4&289.18653679963825|24485&4&146.46191793694936|24487&4&152.8189934573705|24498&4&37.31367043482957|24502&4&18.01973684855293|24514&4&92.38980105719695,2|24405&4&0.0|24409&4&54.57084724377431|24414&4&96.27504991712573|24415&4&89.74675302034937|24418&4&-1.1546319456101628E-14|24428&4&158.17769256839978|24431&4&877.8465732834792|24433&4&203.52201062327168|24442&4&92.75893119505889|24456&4&176.7354057684299|24463&4&156.4292890725116|24466&4&362.70290569487213|24468&4&140.73833804242645|24469&4&24.352600375482346|24471&4&788.5360809304537|24472&4&1079.065441995106|24476&4&225.08787488341906|24483&4&860.2515742196371|24486&4&359.44566515250705|24487&4&95.86459221926354|24497&4&48.81742804918443|24498&4&32.092344615312|24500&4&16.8327506731821|24501&4&10.411657412054065|24502&4&23.70787003020365|24503&4&5.89715181305458|24511&4&17.9214649353586,2|24397&4&50.129047446467844|24400&4&247.0164533891316|24406&4&350.0731022144401|24409&4&254.63334928361382|24412&4&14.547341360947641|24414&4&145.25883497042318|24419&4&-6.217248937900877E-15|24422&4&388.55676029797746|24426&4&351.78337883787833|24431&4&160.67657657985734|24434&4&-1.021405182655144E-14|24435&4&107.7531847374521|24441&4&309.4717067360949|24443&4&188.00248860456065|24444&4&812.1532115527416|24446&4&661.6750373063419|24451&4&466.74516431496403|24454&4&558.8077373565636|24455&4&295.13981979706324|24461&4&407.55863800603373|24463&4&122.45804999737867|24475&4&201.52599797275477|24485&4&341.8767740444185|24489&4&263.21316707340225|24490&4&545.355557510924|24492&4&182.84349388866414|24493&4&31.649191434624207|24494&4&2.0557969768750533|24495&4&4.284641050091958|24499&4&89.71715760302556|24503&4&78.73513477382215|24505&4&16.39936092118267|24511&4&85.40362291222529|24512&4&1.5501455966613564,2|24399&4&12.118011616225237|24402&4&0.0|24406&4&244.59996271936902|24408&4&59.1987555083419|24410&4&185.77126885672575|24412&4&902.8192398966653|24413&4&365.2956113051946|24417&4&444.8715057140845|24418&4&343.2626860911511|24421&4&0.0|24424&4&66.81057470182884|24429&4&282.10731496226504|24430&4&1068.3019393568666|24436&4&483.875884827819|24438&4&1071.7671881448136|24450&4&748.9764034534908|24457&4&155.74475330580702|24458&4&313.2898202609245|24462&4&330.0886706268211|24470&4&193.6203802459795|24484&4&588.2772273847085|24491&4&1078.8874611059089|24493&4&191.2965548321093|24496&4&160.18341655034698|24499&4&19.67950464045716|24504&4&59.706053544325535|24506&4&24.95487898578553|24507&4&2.55351295663786E-15|24509&4&45.149958105173354,2|24402&4&0.0|24409&4&225.29838499271284|24420&4&304.8583940278348|24422&4&1.865174681370263E-14|24423&4&807.3257691377482|24425&4&426.74520064385683|24428&4&161.18917295617834|24435&4&24.121451390956082|24436&4&14.241156877390107|24442&4&114.25428790054315|24446&4&55.306998638860115|24447&4&238.1932859306866|24448&4&158.31591018281551|24453&4&956.545390604248|24462&4&106.95724369353727|24467&4&281.455255728305|24468&4&87.64736631650285|24481&4&183.4225193879332|24486&4&275.81357046859017|24487&4&59.80829552299525|24489&4&387.2119920673365|24493&4&206.57758399486136|24495&4&4.265704959013153|24497&4&14.310423482308835|24501&4&38.66269780976828|24502&4&63.408600468064435|24503&4&5.806698004669302|24505&4&59.11321209880471|24506&4&36.472566726247024,2|24401&4&901.5673538660471|24405&4&3.0465177669507937|24413&4&203.9460120305903|24414&4&407.75860466513103|24419&4&61.13193200722797|24421&4&0.0|24424&4&973.1566112479071|24433&4&4.270498649601686|24435&4&57.97610257449299|24439&4&89.25532747013368|24451&4&125.12318139607038|24459&4&1.5912294135384777|24462&4&152.95910762730279|24467&4&380.96005606326537|24473&4&90.78504615293002|24478&4&559.5621122281719|24487&4&93.51326224097502|24493&4&176.42728143587496|24494&4&706.3997312640889|24506&4&19.661546284344265|24508&4&16.179274197712537
77|4,130,1,1,1,1,1,1,1,1,1,1,1,1,1,1,1,1,1,1,1,1,1,1,1,1,1,1,1,1,1,1,1,1,1,1,1,1,1,1,1,1,1,1,1,1,1,1,1,1,1,1,1,1,1,1,1,1,1,1,1,1,1,1,1,1,1,1,1,1,1,1,1,1,1,1,1,1,1,1,1,1,1,1,1,1,1,1,1,1,1,1,1,1,1,1,1,1,1,1,1,1,0,0,0,0,0,0,0,0,0,0,0,0,0,0,0,0,0,0,0,0,2|24408&4&162.7872852119819|24412&4&144.30029603906274|24416&4&84.36135909398405|24419&4&780.2158042678064|24420&4&57.33481415298672|24426&4&107.28220721213427|24433&4&330.95212942894653|24434&4&813.4521498114068|24435&4&362.3783199279628|24437&4&123.34519633252935|24439&4&322.9789093118501|24440&4&251.18161469102168|24442&4&366.58861338953363|24447&4&120.2394481486514|24454&4&169.58287634520678|24455&4&231.34404499264627|24469&4&507.27048172042157|24473&4&237.4722406295155|24476&4&208.0072422752138|24482&4&879.5346920518125|24488&4&469.2381753746689|24495&4&710.055404091255|24498&4&12.848819904449677|24500&4&19.375480168450643|24502&4&26.543881517004536|24503&4&9.56154123123763|24512&4&9.894821243094782,2|24397&4&928.2080562896423|24405&4&476.37596871243926|24408&4&445.8168590955804|24413&4&1.5415349099935125|24415&4&495.27773668698694|24416&4&203.3941809966852|24422&4&147.02641379502475|24429&4&187.2675284829695|24432&4&967.0226460242377|24434&4&121.02261258565802|24437&4&970.3277226733026|24446&4&79.35800778522932|24451&4&302.73696953194553|24452&4&333.6167168969862|24464&4&842.7029166613789|24473&4&520.9072479199917|24479&4&553.5183181423134|24488&4&12.866454460005766|24500&4&99.3413256057781|24504&4&15.622412927443014|24507&4&13.331737533983953|24508&4&38.885173806226824|24512&4&15.587066546034878,2|24406&4&56.02017253887087|24415&4&18.06421679449295|24418&4&129.78465210971427|24420&4&123.55728275266326|24426&4&82.8662329120337|24427&4&686.0102170241385|24428&4&139.11974986861912|24439&4&248.18784826926344|24447&4&58.65003570712518|24448&4&194.7690255992615|24457&4&85.90850256846642|24459&4&600.6156334757316|24461&4&5.184270315973613|24465&4&845.8142000717554|24468&4&334.59641269033636|24473&4&61.8115687820394|24476&4&269.2797676327399|24480&4&576.5326697885148|24488&4&82.10833809167798|24507&4&51.30580119538804|24509&4&14.216035963918555|24513&4&14.279975348651968|24515&4&46.54902282383811,2|24403&4&655.4758467459883|24407&4&371.9928447368097|24410&4&3.525941729782989|24416&4&0.0|24417&4&491.57108492425596|24428&4&124.72782059933267|24433&4&139.19153340013182|24439&4&180.23595055303903|24443&4&343.3430259338881|24445&4&592.0314007392219|24446&4&21.67624741010883|24447&4&10.707921033497009|24448&4&49.27986643005491|24452&4&114.74713418870307|24455&4&82.31181268770237|24456&4&282.2201341865325|24457&4&415.45658633571196|24458&4&107.56462765948972|24459&4&2.122339540001548|24460&4&366.22938629097916|24463&4&0.0|24469&4&480.2913286000951|24477&4&4.425346471657846|24484&4&5.258644573220543|24485&4&157.20334921790908|24502&4&8.645167220400852|24504&4&6.277286014519257|24506&4&9.304068987130393|24508&4&26.17080393218396|24509&4&64.07259698564903|24512&4&32.045629678471464|24513&4&99.56369209546062|24514&4&14.388716669958646,2|24398&4&557.9029754260473|24399&4&1106.9322408675334|24404&4&848.7144705301557|24405&4&3.552713678800501E-14|24410&4&353.52263578259937|24412&4&5.814440147306625|24416&4&806.6825934943118|24429&4&127.36619960542754|24449&4&857.6514927772037|24461&4&351.2489386081895|24468&4&103.6420741992971|24473&4&3.375077994860476E-14|24475&4&183.93025950141842|24477&4&970.3691257075156|24479&4&229.88754562268005|24484&4&249.18225091503604|24485&4&120.12090252348868|24487&4&135.5310106734263|24498&4&34.38401855678485|24502&4&14.159498158277716|24514&4&105.30459823191447,2|24409&4&50.93279076085602|24414&4&89.856713255984|24415&4&70.2038435072715|24428&4&124.48792522918406|24431&4&867.6474368764377|24433&4&191.05273040210682|24442&4&67.8464242146548|24456&4&164.57612909275906|24463&4&0.0|24466&4&474.78415624048216|24468&4&108.53182451440455|24469&4&14.297563879469143|24471&4&862.9778093556313|24472&4&1171.3291006081668|24476&4&210.91926291222|24483&4&776.2869276494791|24486&4&315.6676006778591|24487&4&153.94652711702963|24497&4&43.22900033928894|24498&4&44.97172177829199|24500&4&13.136482259133484|24501&4&8.78730800261624|24502&4&21.88346232236537|24503&4&3.5941305292608225|24511&4&14.111205493993516,2|24397&4&35.7327293282726|24400&4&258.3196944471762|24406&4&327.390266674348|24409&4&202.23901829831897|24412&4&4.823584837019922|24414&4&120.88181819986002|24422&4&486.36242063229787|24426&4&313.1052578697833|24431&4&148.81985027172473|24435&4&101.18992796986457|24441&4&427.7530641049325|24443&4&309.2570061704604|24444&4&791.1984207162221|24446&4&623.225019591154|24451&4&437.7212351033578|24454&4&533.2593945524959|24455&4&275.2474629064463|24461&4&384.47015026508177|24463&4&0.0|24475&4&295.0522292478164|24485&4&319.4191692990514|24489&4&238.86068046321077|24490&4&624.1573513909373|24492&4&173.00996398205|24493&4&18.926255497631868|24494&4&1.7763568394002505E-14|24495&4&-3.019806626980426E-14|24499&4&104.18241662524315|24503&4&74.3526161630296|24505&4&13.085085999803825|24511&4&97.45781290791888|24512&4&0.5350768988233799,2|24399&4&4.620765428442287|24406&4&207.578358345868|24408&4&36.47698911370565|24410&4&249.04160044000804|24412&4&1007.433111407114|24413&4&367.1023357710401|24417&4&387.2646034034897|24418&4&320.3009447303341|24424&4&46.73570297433456|24429&4&402.4192588890045|24430&4&1016.5422678875409|24436&4&418.31695593322473|24438&4&976.0356614293974|24450&4&682.8171416580817|24457&4&146.6161340888786|24458&4&360.8072238626563|24462&4&404.46219051066913|24470&4&183.74476931425727|24484&4&553.1438137752492|24491&4&1035.780305284855|24493&4&175.69551876947273|24496&4&151.5251049357587|24499&4&15.429798814962185|24504&4&72.06966285928505|24506&4&23.06236704207894|24509&4&42.14410850651926,2|24402&4&3.245514138315542|24409&4&212.14474285439096|24420&4&283.9314592708902|24423&4&865.5629292178812|24425&4&385.3245735506582|24428&4&151.11484964641718|24435&4&13.705606286455914|24436&4&13.403441766955396|24442&4&202.83575349502726|24446&4&39.69766874797707|24447&4&222.68042823717616|24448&4&149.98349385740417|24453&4&1025.241974678039|24462&4&99.82676078063477|24467&4&414.2061640883339|24468&4&82.49163888612033|24481&4&308.5435560716458|24486&4&261.95154958128205|24487&4&56.290160492230825|24489&4&385.0270957556412|24493&4&195.10105155070238|24495&4&2.8438033060087666|24497&4&29.452241436451338|24501&4&36.59636848905313|24502&4&59.70322566085976|24503&4&5.08086075408564|24505&4&71.43478852766322|24506&4&34.32562449089042,2|24401&4&824.0380830669692|24405&4&2.031011844633862|24409&4&128.13544723739506|24413&4&186.19245956035792|24414&4&374.3328405703708|24419&4&42.103783275771974|24424&4&1055.0629954665114|24433&4&1.6936412849445786|24435&4&46.42872610822312|24436&4&3.094349287529795|24439&4&64.54914341812739|24451&4&264.3316065669957|24459&4&1.060819609025652|24462&4&117.31203113431482|24467&4&324.794652745613|24473&4&75.35123750672523|24478&4&491.8887443595615|24484&4&158.5998022411158|24486&4&28.11335546975016|24487&4&71.40212574607604|24493&4&155.02771493495612|24494&4&779.983705147039|24506&4&15.47304872770809|24508&4&13.520812605844686
78|4,130,1,1,1,1,1,1,1,1,1,1,1,1,1,1,1,1,1,1,1,1,1,1,1,1,1,1,1,1,1,1,1,1,1,1,1,1,1,1,1,1,1,1,1,1,1,1,1,1,1,1,1,1,1,1,1,1,1,1,1,1,1,1,1,1,1,1,1,1,1,1,1,1,1,1,1,1,1,1,1,1,1,1,1,1,1,1,1,1,1,1,1,1,1,1,1,1,1,1,1,1,0,0,0,0,0,0,0,0,0,0,0,0,0,0,0,0,0,0,0,0,2|24408&4&154.6479209513828|24412&4&121.00353984028762|24416&4&75.92522318458563|24419&4&785.5685589743035|24420&4&54.46807344533739|24426&4&89.10371995602694|24433&4&297.293492173167|24434&4&915.0603635780873|24435&4&370.82690298330635|24437&4&100.08955846168391|24439&4&294.3265260936547|24440&4&257.09573152171413|24442&4&330.5809374036845|24447&4&114.10337006854364|24454&4&137.22565817925002|24455&4&202.50326364203272|24469&4&455.089065343306|24473&4&243.90128494454143|24476&4&170.2416332920758|24482&4&794.0088639521164|24488&4&435.51905252908836|24495&4&774.776505518272|24498&4&9.733028134453598|24500&4&90.81646120644523|24502&4&43.17158940619042|24503&4&7.65528604424989|24512&4&9.400080180940042,2|24397&4&856.7520003905117|24405&4&441.9898454488034|24408&4&405.40533042395685|24413&4&0.9581360144033322|24415&4&459.95832444484415|24416&4&156.71782041154603|24422&4&121.28521302173402|24429&4&147.08027415753375|24432&4&872.6797696180015|24434&4&92.1225043777396|24437&4&907.5607533709409|24446&4&69.89161854163126|24451&4&261.0742287753718|24452&4&420.1433210949415|24464&4&851.82913237341|24473&4&485.3932178932378|24478&4&53.70029987262404|24479&4&486.7568539205853|24488&4&11.258147652505047|24500&4&92.8529004598831|24504&4&11.63279082674282|24507&4&10.138803097479204|24508&4&35.361474149396955|24512&4&12.189580447180987,2|24405&4&60.645757191377584|24406&4&53.219163911927325|24415&4&88.00855750542893|24418&4&110.2811715852696|24420&4&95.85469586032637|24426&4&78.2625533058096|24427&4&758.0854397085154|24428&4&130.93623517046507|24439&4&234.05482950121805|24447&4&41.246304150024784|24448&4&155.29484325069689|24457&4&62.892451887336584|24459&4&578.1613018546174|24461&4&-2.8421709430404007E-14|24465&4&765.1438663406284|24468&4&332.6983983336136|24473&4&55.22041589547425|24476&4&325.50035964046106|24480&4&537.3926459410543|24488&4&60.66247958894776|24507&4&64.18678067831611|24509&4&10.738498477077844|24511&4&18.78484557964263|24513&4&10.876936138516271|24515&4&51.36524599031296,2|24403&4&582.5761090867903|24407&4&353.1490350031976|24410&4&-3.552713678800501E-14|24417&4&568.775459597025|24428&4&118.16319846252568|24432&4&71.71478671162237|24433&4&231.87665359156415|24439&4&313.2157040564844|24443&4&293.29579398741964|24445&4&652.3325828020297|24446&4&153.0664701847527|24447&4&9.637128930147309|24448&4&46.81587310855216|24452&4&92.92000330563334|24455&4&77.71021457779614|24456&4&241.8067545692165|24457&4&380.89161233394145|24458&4&76.28242946637262|24459&4&-6.217248937900877E-15|24460&4&358.5097831479786|24469&4&515.1785895613563|24477&4&0.0|24484&4&-4.973799150320701E-14|24485&4&188.7894875782157|24502&4&7.780650498360767|24504&4&5.828908442053596|24506&4&21.66776721775233|24508&4&40.091335050569214|24509&4&79.96425494726311|24512&4&28.57336853776817|24513&4&111.18917867433022|24514&4&10.924139586835205,2|24398&4&506.2010318184809|24399&4&1079.7230585194488|24404&4&910.7744856522257|24410&4&317.4696981134272|24412&4&3.3742126602442037|24416&4&830.4817310924225|24429&4&118.87511963173236|24449&4&817.4843992154423|24461&4&299.77264911557086|24468&4&94.05315482637762|24475&4&156.8119509329787|24477&4&1046.5416041585277|24479&4&244.3819383974992|24484&4&209.17796503043385|24485&4&94.18938817347417|24487&4&118.24302788948211|24498&4&31.454366678740143|24502&4&10.726393020501291|24514&4&118.34803948807863,2|24409&4&47.294734277937735|24414&4&83.43837659484228|24415&4&54.55448021560164|24428&4&96.36556541262598|24431&4&950.069462946265|24433&4&178.58345018094195|24442&4&46.291667169134044|24456&4&152.4168524170882|24466&4&497.7165830710924|24468&4&81.30353504310747|24469&4&6.1728293982412445|24471&4&841.4482864153779|24472&4&1071.3273254261558|24476&4&196.75065094102098|24483&4&774.8365058845336|24486&4&273.6156520911352|24487&4&145.92306110893782|24497&4&38.09491120760565|24498&4&59.07587159611639|24500&4&9.885284175248012|24501&4&7.162958593178413|24502&4&20.059054614527092|24503&4&1.8214576058342895|24511&4&10.710620262423078,2|24397&4&23.06148013158529|24400&4&380.70498174930856|24406&4&304.707431134256|24409&4&155.11634457155066|24412&4&-4.618527782440651E-14|24414&4&96.50480142929686|24422&4&509.9037117300798|24426&4&279.76254792673916|24431&4&136.96312396359215|24435&4&94.62667120227704|24441&4&497.9334021812649|24443&4&449.8724647822993|24444&4&847.1210056766217|24446&4&584.7750018759662|24451&4&408.69730589175157|24454&4&618.2595928316842|24455&4&255.3551060158293|24461&4&433.7703637451847|24475&4&318.8347492509518|24485&4&296.96156455368435|24489&4&214.50819385301935|24490&4&600.1297860240975|24492&4&163.17643407543588|24493&4&7.480503758918329|24499&4&118.15081718112799|24503&4&69.97009755223704|24505&4&10.012107127695009|24511&4&91.37686238941475|24512&4&-1.5543122344752192E-15,2|24399&4&0.0|24406&4&173.51865813091484|24408&4&18.443680463495465|24410&4&235.7248488054847|24412&4&962.9768967905076|24413&4&375.10197315053557|24417&4&332.8949557320766|24418&4&297.339203369517|24424&4&29.006297863794337|24429&4&437.6650666441454|24430&4&922.4691153679437|24436&4&357.15097845404324|24438&4&885.7416261057634|24450&4&620.2884078322869|24457&4&137.48751487195017|24458&4&470.5655117630958|24462&4&471.719883889865|24470&4&237.2603121105903|24484&4&518.01040016579|24491&4&947.2925131861841|24493&4&160.09448270683617|24496&4&142.8667933211704|24499&4&11.611813115748035|24504&4&85.23495539228936|24506&4&21.169855098372345|24509&4&39.13825890786516,2|24402&4&84.25429860289657|24409&4&198.99110071606907|24420&4&263.0045245139456|24423&4&838.7426444116215|24425&4&366.5884325671532|24428&4&220.07611297567263|24435&4&4.75675857018436|24436&4&12.565726656520685|24442&4&305.1918911861958|24446&4&28.670483156876003|24447&4&207.1675705436657|24448&4&141.65107753199283|24453&4&1098.1226599309412|24462&4&92.69627786773228|24467&4&531.0651835287922|24468&4&77.3359114557378|24481&4&378.1900608852775|24486&4&248.0895286939739|24487&4&52.7720254614664|24489&4&381.2486285454082|24493&4&183.6245191065434|24495&4&1.4219016530043804|24497&4&45.41880440120261|24501&4&34.53003916833798|24502&4&55.997850853655066|24503&4&4.355023503501977|24505&4&83.88017659471564|24506&4&32.178682255533815,2|24401&4&751.1598333012794|24405&4&1.01550592231693|24409&4&325.57840543625997|24413&4&168.4389070901256|24414&4&340.90707647561055|24419&4&27.503777047053166|24424&4&1086.4328991164225|24433&4&-1.199040866595169E-14|24435&4&34.88134964195325|24436&4&99.47234224064646|24439&4&43.39616998170004|24447&4&103.7079588464866|24451&4&287.21968364098143|24459&4&0.5304098045128265|24462&4&86.24967695523326|24467&4&273.89588206031397|24473&4&59.917428860520424|24478&4&428.96929722769346|24484&4&325.0796430396638|24486&4&26.707687696262653|24487&4&50.158608342627154|24491&4&98.58202375491871|24493&4&200.22837469112622|24494&4&841.529904576945|24503&4&17.69115011915062|24506&4&11.730857316556255|24508&4&10.862351013976836
79|4,130,1,1,1,1,1,1,1,1,1,1,1,1,1,1,1,1,1,1,1,1,1,1,1,1,1,1,1,1,1,1,1,1,1,1,1,1,1,1,1,1,1,1,1,1,1,1,1,1,1,1,1,1,1,1,1,1,1,1,1,1,1,1,1,1,1,1,1,1,1,1,1,1,1,1,1,1,1,1,1,1,1,1,1,1,1,1,1,1,1,1,1,1,1,1,1,1,1,1,1,1,0,0,0,0,0,0,0,0,0,0,0,0,0,0,0,0,0,0,0,0,2|24408&4&0.0|24412&4&97.70678364151249|24416&4&67.48908727518722|24419&4&856.6313064111198|24420&4&51.601332737688054|24426&4&70.92523269991959|24433&4&263.6348549173876|24434&4&992.5856863219321|24435&4&526.7409932121757|24437&4&81.71060998552865|24439&4&265.6741428754593|24440&4&241.01827857071248|24442&4&294.57326141783534|24447&4&107.96729198843587|24454&4&109.77380276680705|24455&4&173.75232688280173|24469&4&402.90764896619055|24473&4&262.50424614431165|24476&4&137.4268441054264|24482&4&714.132730029668|24488&4&501.6083102639017|24495&4&848.3160227025394|24498&4&7.037967473063535|24500&4&106.86920211815819|24502&4&40.94665023208839|24503&4&5.7490308572621505|24512&4&8.905339118785303,2|24397&4&907.2866380536791|24405&4&407.6037221851676|24408&4&0.0|24413&4&0.37473711881315197|24415&4&424.63891220270136|24416&4&115.80615345211615|24422&4&96.56930422159333|24429&4&109.0877053968726|24432&4&783.0659620106792|24434&4&66.87001024694875|24437&4&844.7937840685792|24446&4&60.42522929803319|24451&4&222.79358667802296|24452&4&390.09831551072125|24464&4&778.0223368499313|24473&4&449.87918786648385|24478&4&296.26007227653065|24479&4&426.2038815293331|24488&4&9.649840845004327|24500&4&86.36447531398812|24504&4&7.643168726042625|24507&4&7.356362764092918|24508&4&31.837774492567085|24512&4&8.792094348327097,2|24405&4&73.88330372027407|24406&4&233.1718747068813|24415&4&183.2845815088511|24418&4&90.7776910608249|24420&4&122.54958924445725|24426&4&266.6740488726949|24427&4&835.6677026542918|24428&4&0.0|24439&4&219.92181073317266|24447&4&24.61689680400943|24448&4&0.0|24457&4&44.68776527281926|24459&4&650.1392427215685|24465&4&688.6724881642078|24468&4&314.3564169281253|24473&4&48.62926300890909|24476&4&308.32986658764156|24480&4&484.72934343454244|24487&4&132.81381484156208|24488&4&40.30423148671348|24507&4&72.99582465489331|24509&4&7.728868244125051|24511&4&37.152891901923766|24513&4&7.8835749854855175|24515&4&62.616246212388475,2|24403&4&514.6395615928111|24407&4&334.3052252695854|24417&4&595.9244543308992|24428&4&0.0|24432&4&184.16110921562796|24433&4&239.50166414706223|24439&4&455.46523938946206|24443&4&246.96492734442467|24445&4&764.6452835656527|24446&4&258.65808573657984|24447&4&8.56633682679761|24448&4&0.0|24452&4&75.04865642962409|24455&4&73.1086164678899|24456&4&201.39337495190054|24457&4&346.3266383321709|24458&4&51.01490940631422|24460&4&413.1494719327437|24464&4&109.4514192267821|24469&4&641.1361376093125|24485&4&305.78138258919705|24502&4&6.916133776320683|24504&4&5.380530869587934|24506&4&38.44435773581653|24508&4&53.86858026957092|24509&4&75.58494484319533|24512&4&25.10110739706488|24513&4&122.63090490094808|24514&4&7.90336356722675,2|24398&4&454.4990882109147|24399&4&990.7172797072717|24404&4&830.0899506563997|24410&4&281.41676044425503|24412&4&0.9339851731817825|24416&4&916.5801280351737|24429&4&110.38403965803718|24449&4&870.50303655773|24461&4&248.2963596229522|24468&4&84.46423545345814|24475&4&130.35003419864125|24477&4&1060.6201712583093|24479&4&231.84250682777585|24484&4&169.1736791458317|24485&4&69.15101435241746|24487&4&100.95504510553789|24498&4&28.524714800695428|24502&4&7.7442213125909785|24514&4&131.28653607249012,2|24404&4&45.508683896550565|24409&4&43.65667779501945|24414&4&77.02003993370056|24415&4&39.59654983904487|24428&4&0.0|24431&4&917.8912882436151|24433&4&166.1141699597771|24440&4&71.00492238313683|24442&4&28.162244300552814|24452&4&106.70293760379808|24456&4&140.25757574141736|24466&4&552.3170025378801|24468&4&55.60769979195719|24469&4&1.39699480336472|24471&4&918.3314793721556|24472&4&975.585074672698|24476&4&182.58203896982195|24483&4&697.7939061530424|24486&4&234.9993987051965|24487&4&137.89959510084597|24490&4&136.8154888667803|24497&4&33.4285927304841|24498&4&73.2239674895375|24500&4&7.101957912620166|24501&4&5.538609183740586|24502&4&18.234646906688816|24503&4&0.6148083923681257|24511&4&7.726997747474248,2|24397&4&12.008017199662563|24400&4&426.8810344857651|24406&4&282.024595594164|24409&4&113.89135516682518|24414&4&72.1277846587337|24422&4&598.6867733832705|24426&4&251.690673601549|24431&4&125.10639765545957|24435&4&88.0634144346895|24441&4&509.65942075717567|24443&4&475.8692902432204|24444&4&808.5935184958706|24446&4&546.3249841607783|24451&4&379.6733766801452|24454&4&677.3036237665294|24455&4&235.4627491252123|24461&4&526.2886067392494|24475&4&337.02516801211215|24485&4&274.5039598083173|24489&4&190.15570724282793|24490&4&551.8854147503848|24492&4&153.34290416882175|24493&4&1.354690432045837|24499&4&132.35912049734205|24503&4&65.58757894144448|24505&4&7.31511065132211|24511&4&85.29591187091063,2|24406&4&143.40264611390126|24408&4&0.0|24410&4&222.40809717096133|24412&4&897.8045838837369|24413&4&367.107920735033|24417&4&283.12219218234986|24418&4&360.8272963814638|24424&4&14.955295389988098|24429&4&552.5546687660167|24430&4&834.3406717618927|24436&4&301.68486425731487|24438&4&801.1063869354407|24450&4&561.4678971911003|24457&4&128.35889565502174|24458&4&549.5503853472644|24462&4&445.85547433270324|24470&4&317.1551744618614|24484&4&482.8769865563307|24491&4&863.5358356846829|24493&4&144.49344664419957|24496&4&155.53340186018616|24499&4&8.313962620133589|24504&4&98.5905355145721|24506&4&19.27734315466575|24509&4&36.132409309211056,2|24402&4&127.70422286306041|24409&4&185.8374585777472|24420&4&242.07758975700102|24423&4&786.2373548531302|24425&4&324.0335811684699|24428&4&0.0|24435&4&-2.1316282072803006E-14|24436&4&11.728011546085973|24442&4&358.3020463389298|24446&4&18.756500388903618|24447&4&191.65471285015525|24448&4&0.0|24453&4&1015.072857143139|24462&4&85.56579495482978|24467&4&659.1384014769101|24468&4&72.18018402535527|24481&4&459.2480689055149|24486&4&234.2275078066658|24487&4&49.25389043070197|24489&4&413.54322102097876|24493&4&172.14798666238443|24495&4&-5.773159728050814E-15|24497&4&60.7507311224346|24501&4&32.46370984762282|24502&4&52.292476046450375|24503&4&3.6291862529183145|24505&4&96.48809490745933|24506&4&30.03174002017721,2|24401&4&682.8630781717243|24405&4&-1.7763568394002505E-15|24409&4&509.78856232762564|24413&4&150.68535461989325|24414&4&307.48131238085034|24419&4&14.01966076577707|24424&4&1156.6487729999906|24435&4&23.333973175683372|24436&4&128.6165657817097|24439&4&25.761882185674356|24447&4&117.4207696876581|24451&4&411.6862495643129|24459&4&8.881784197001252E-16|24462&4&60.408531907753954|24467&4&227.61408775924048|24473&4&44.48362021431562|24478&4&369.4250135640996|24484&4&471.49296329510423|24486&4&130.80294113151757|24487&4&31.254952219952695|24491&4&124.38659407714368|24493&4&205.84841894919097|24494&4&800.2757286031851|24503&4&36.68487623822611|24506&4&8.46726975790061|24508&4&8.203889422108984
80|4,130,1,1,1,1,1,1,1,1,1,1,1,1,1,1,1,1,1,1,1,1,1,1,1,1,1,1,1,1,1,1,1,1,1,1,1,1,1,1,1,1,1,1,1,1,1,1,1,1,1,1,1,1,1,1,1,1,1,1,1,1,1,1,1,1,1,1,1,1,1,1,1,1,1,1,1,1,1,1,1,1,1,1,1,1,1,1,1,1,1,1,1,1,1,1,1,1,1,1,1,1,0,0,0,0,0,0,0,0,0,0,0,0,0,0,0,0,0,0,0,0,2|24412&4&74.41002744273736|24416&4&59.05295136578881|24419&4&927.1733683454104|24420&4&48.73459203003872|24426&4&52.746745443812245|24431&4&37.741744477171096|24433&4&229.9762176616081|24434&4&993.30308407036|24435&4&655.2965010828694|24437&4&63.33166150937343|24439&4&237.0217596572639|24440&4&224.94082561971078|24442&4&258.56558543198616|24447&4&0.0|24454&4&82.69640535033716|24455&4&145.35418980668948|24456&4&20.63831945207818|24457&4&17.698858024714255|24469&4&350.726232589075|24473&4&373.4151564434492|24476&4&104.61205491877709|24482&4&640.1000569007407|24488&4&532.8755506447636|24495&4&849.2604892751671|24498&4&4.773141947668771|24500&4&100.17976687950613|24502&4&38.721711057986354|24503&4&3.8427756702744107|24512&4&8.410598056630564,2|24397&4&939.7400050933219|24405&4&373.2175989215319|24413&4&-2.3314683517128287E-15|24415&4&389.3194999605586|24416&4&80.68525077338904|24422&4&75.61377790856335|24429&4&77.4032373526863|24432&4&698.0373553592121|24434&4&45.81500855447636|24437&4&782.0268147662173|24446&4&50.95884005443513|24451&4&188.67929990069135|24452&4&360.05330992650096|24464&4&708.7767633642071|24473&4&414.36515783972993|24478&4&434.9424355329464|24479&4&365.65090913808086|24488&4&8.041534037503608|24500&4&79.87605016809313|24504&4&3.653546625342432|24507&4&5.006201764152215|24508&4&28.31407483573722|24512&4&5.904365079627409,2|24403&4&101.55131319522695|24405&4&92.83458228095768|24406&4&367.04190437619013|24415&4&228.82572253237075|24418&4&71.31007832332216|24420&4&319.7141394104502|24426&4&402.5214195707126|24427&4&830.8895640628366|24439&4&205.78879196512727|24447&4&0.0|24457&4&28.342848623413822|24459&4&666.6920753295669|24460&4&102.26158858732845|24465&4&614.1424287061196|24466&4&57.469533915534726|24468&4&296.01443552263703|24473&4&42.038110122343944|24476&4&375.4989552290467|24480&4&514.5787882604749|24487&4&126.17312409948397|24488&4&24.805867289717394|24502&4&14.311158093233985|24507&4&78.89593085426887|24509&4&5.186996032503589|24511&4&35.24828519287847|24513&4&5.330553758920817|24515&4&66.76804715292835,2|24403&4&448.41840782142685|24407&4&315.46141553597323|24417&4&729.2129054928093|24432&4&195.11161784857478|24433&4&331.0252123327873|24439&4&460.3420289556425|24443&4&202.40414240306583|24445&4&805.1327708882565|24446&4&384.35711483053024|24447&4&0.0|24452&4&59.389097670155564|24455&4&68.50701835798365|24456&4&162.6911485745934|24457&4&311.7616643304003|24458&4&30.814270277772422|24460&4&387.1077876413062|24464&4&144.5373117552586|24469&4&618.262559910569|24483&4&262.94171531351145|24485&4&412.18331722187753|24502&4&6.051617054280598|24504&4&4.932153297122273|24506&4&50.35496418550229|24508&4&69.19553782386159|24509&4&90.498909462242|24512&4&21.628846256361584|24513&4&134.1241866650795|24514&4&5.3350448469722584,2|24398&4&404.4566729933606|24399&4&955.7385929238687|24404&4&752.2501289530101|24410&4&245.36382277508284|24412&4&-6.8833827526759706E-15|24416&4&1027.7146412660443|24429&4&101.892959684342|24449&4&915.5882939301669|24461&4&201.6438977517641|24468&4&74.87531608053868|24475&4&105.32545370068166|24477&4&1115.3039796495846|24479&4&218.698321399268|24484&4&134.3573563688305|24485&4&47.77355890647316|24487&4&83.66706232159369|24498&4&25.59506292265072|24502&4&5.219145500217246|24514&4&143.69847768834998,2|24404&4&178.4260171728816|24409&4&40.01862131210116|24414&4&70.60170327255884|24415&4&26.638634247925246|24431&4&846.9435749809873|24433&4&153.64488973861225|24440&4&161.3840969674383|24442&4&14.320415384088111|24448&4&71.98617983691632|24452&4&113.32893726821483|24456&4&128.0982990657465|24462&4&21.589531303492265|24466&4&517.1021466391135|24468&4&34.99847789075626|24469&4&8.43769498715119E-15|24471&4&975.8867463860702|24472&4&880.2797902148657|24476&4&168.4134269986229|24483&4&626.2609127954704|24486&4&200.65816083069805|24487&4&129.87612909275413|24490&4&129.9747144234413|24497&4&29.24410465053695|24498&4&69.12778832172577|24500&4&4.771690872229674|24501&4&3.91425977430276|24502&4&16.41023919885054|24503&4&1.5543122344752192E-15|24511&4&5.1934392431089655,2|24397&4&4.075724517540354|24400&4&481.8985069197759|24406&4&259.341760054072|24409&4&79.50278477151208|24414&4&49.39172361384095|24422&4&632.5287361791222|24426&4&229.55205701048635|24431&4&113.24967134732698|24435&4&81.50015766710197|24441&4&607.6430384802271|24443&4&596.7356525139414|24444&4&857.8975088730812|24446&4&507.8749664455904|24451&4&350.64944746853894|24454&4&711.1617453816132|24455&4&215.5703922345953|24461&4&645.4665616889603|24475&4&410.6161486407986|24485&4&252.04635506295017|24489&4&165.8032206326365|24490&4&503.6410434766724|24492&4&143.50937426220764|24493&4&0.6773452160228999|24499&4&123.99712229220557|24503&4&61.20506033065191|24505&4&5.007693166026111|24511&4&79.21496135240648,2|24406&4&115.01329516875381|24410&4&209.09134553643796|24412&4&832.6322709769663|24413&4&449.3605181567086|24417&4&235.15993666717972|24418&4&442.4092895979147|24424&4&5.15113720889771|24429&4&648.6387314468973|24430&4&752.1830173749801|24436&4&251.86686221446712|24438&4&0.0|24450&4&622.4978823103606|24457&4&119.23027643809328|24458&4&628.9523622542476|24462&4&419.9910647755414|24467&4&141.5074035546906|24470&4&375.2624729502794|24484&4&447.74357294687144|24491&4&782.0885136493536|24493&4&128.89241058156298|24496&4&306.0448406739957|24499&4&5.546786226316265|24504&4&111.99190491821703|24506&4&17.38483121095916|24509&4&33.12655971055696,2|24402&4&142.38781207799485|24409&4&172.68381643942536|24420&4&221.15065500005642|24423&4&783.7813137995319|24425&4&281.9483509946459|24436&4&10.890296435651262|24442&4&458.9549715404827|24446&4&9.900096832618502|24447&4&0.0|24453&4&994.8939188232755|24462&4&78.43531204192729|24467&4&620.3531838113073|24468&4&67.02445659497275|24481&4&0.0|24486&4&220.3654869193577|24487&4&45.735755399937545|24489&4&424.83117993102354|24493&4&160.67145421822545|24497&4&71.28131371161592|24501&4&30.397380526907675|24502&4&48.58710123924567|24503&4&2.903349002334652|24505&4&108.75426690465719|24506&4&27.884797784820613,2|24401&4&618.1314242788206|24409&4&488.5363698005469|24413&4&132.93180214966088|24414&4&274.05554828609013|24419&4&4.6659678649425835|24424&4&1130.716877612756|24435&4&11.7865967094135|24436&4&183.1858741007755|24439&4&12.092861844978898|24447&4&0.0|24451&4&418.5151408302944|24455&4&93.4712653707164|24462&4&36.54090005805241|24467&4&186.9011992782876|24473&4&29.04981156811082|24478&4&314.93214686357555|24484&4&511.20398011652526|24486&4&124.12222729759294|24487&4&16.212624329365962|24491&4&141.9142024765751|24493&4&179.6013600318258|24494&4&863.7026506026917|24503&4&54.308383900347536|24506&4&5.7122878945388305|24508&4&5.545427830241134
81|4,130,1,1,1,1,1,1,1,1,1,1,1,1,1,1,1,1,1,1,1,1,1,1,1,1,1,1,1,1,1,1,1,1,1,1,1,1,1,1,1,1,1,1,1,1,1,1,1,1,1,1,1,1,1,1,1,1,1,1,1,1,1,1,1,1,1,1,1,1,1,1,1,1,1,1,1,1,1,1,1,1,1,1,1,1,1,1,1,1,1,1,1,1,1,1,1,1,1,1,1,1,0,0,0,0,0,0,0,0,0,0,0,0,0,0,0,0,0,0,0,0,2|24412&4&51.11327124396224|24413&4&101.21591961657134|24416&4&50.6168154563904|24419&4&869.2542104382701|24420&4&45.867851322389384|24426&4&34.56825818770489|24431&4&79.2680653820713|24433&4&196.36520169563107|24434&4&994.9763997112659|24435&4&651.9790349907694|24437&4&45.69324071016618|24439&4&208.3693764390685|24440&4&208.86337266870913|24442&4&222.557909446137|24448&4&152.51004519558745|24454&4&179.4029087983285|24455&4&120.88317368966801|24456&4&125.98298484336716|24457&4&118.74478344886596|24469&4&298.5448162119594|24473&4&500.59600304608887|24476&4&75.33975021437797|24479&4&195.77183717534865|24482&4&566.0673837718134|24486&4&1.0300226924401272|24487&4&120.15811568367121|24488&4&584.5850494563375|24495&4&771.5968361630142|24498&4&2.9151290254359434|24500&4&93.49033164085407|24502&4&36.49677188388433|24503&4&1.9365204832866705|24511&4&61.93540972367878|24512&4&7.915856994475824,2|24397&4&1010.6406280873384|24405&4&338.831475657896|24415&4&354.0000877184157|24416&4&51.633171721913236|24422&4&57.81461193547014|24429&4&50.95617155898957|24432&4&618.3652298097317|24434&4&29.73664507956761|24437&4&719.2598454638556|24446&4&41.49245081083706|24451&4&158.14278854422756|24452&4&330.0083043422807|24464&4&645.1383854274609|24473&4&378.85112781297596|24478&4&539.5391888296176|24479&4&307.42749678315386|24488&4&6.433227230002888|24500&4&73.38762502219814|24504&4&2.1894377696277907|24507&4&3.0583747552891687|24508&4&24.790375178907347|24512&4&3.574688429214418,2|24403&4&203.85147608059168|24405&4&179.54008299282847|24406&4&456.3253590902894|24415&4&246.69126862882726|24418&4&52.83387868129356|24420&4&290.61423334999995|24426&4&380.76189075268826|24427&4&909.3438160443992|24439&4&191.65577319708188|24457&4&17.027095567426027|24459&4&746.5357415252539|24460&4&97.14850915796202|24465&4&541.4553957416275|24466&4&59.44926865953246|24468&4&501.8325236922174|24473&4&35.4469572357788|24474&4&112.58316412147538|24476&4&452.3279825145063|24480&4&463.32488613414995|24487&4&119.53243335740586|24488&4&12.93583719880868|24502&4&28.389519344436444|24507&4&91.88994438821169|24509&4&3.136168544335513|24511&4&33.34367848383317|24513&4&3.239205198877685|24515&4&70.69202961047576,2|24403&4&387.0036598982141|24407&4&296.6176058023611|24417&4&798.4641302320543|24421&4&14.046564715287104|24432&4&253.41762207891892|24433&4&432.98510944103566|24439&4&434.7533094415937|24443&4&162.21152239129938|24445&4&736.0233140930038|24446&4&398.41698370959523|24452&4&48.42993384512846|24455&4&63.90542024807741|24456&4&127.12571606254846|24457&4&277.19669032862976|24458&4&16.800920999797867|24460&4&361.06610334986857|24464&4&276.01549959089186|24469&4&757.3553348064015|24483&4&507.10083529502646|24485&4&516.9833160713758|24502&4&5.187100332240513|24504&4&4.483775724656612|24506&4&47.65858285279525|24508&4&79.6965512151182|24509&4&104.37014810501927|24512&4&18.156585115658288|24513&4&145.08482037210837|24514&4&3.243567982355056,2|24398&4&356.75307727112545|24399&4&987.7924022174152|24404&4&677.945374457804|24410&4&209.31088510591061|24416&4&1132.5203817615204|24429&4&93.40187971064682|24449&4&963.6383993060169|24461&4&160.07262202745568|24468&4&65.2863967076192|24475&4&83.02424936591872|24477&4&1102.5967183094135|24479&4&205.55413597076011|24484&4&104.68425674417891|24485&4&30.55793321938029|24487&4&66.37907953764949|24498&4&22.665411044606007|24502&4&3.175603495066755|24514&4&156.0635590493581,2|24404&4&286.4621539674675|24409&4&36.38056482918287|24414&4&101.03860720951701|24415&4&16.54954630005411|24431&4&780.5139554394533|24433&4&141.17560951744738|24440&4&153.13737981310854|24442&4&4.837847089708731|24448&4&68.3868708450705|24452&4&107.39573306079458|24456&4&115.93902239007565|24462&4&114.48544538920076|24463&4&144.53956145687073|24466&4&481.88729074034694|24468&4&19.250465810213576|24471&4&1056.2347909571768|24472&4&786.8572591257694|24476&4&154.24481502742384|24483&4&559.9805524179227|24486&4&170.94505833788816|24487&4&121.85266308466228|24490&4&123.13393998010228|24497&4&25.561141508350964|24498&4&95.21173398506993|24499&4&11.704810829830762|24500&4&21.33529298687376|24501&4&2.4020963241427715|24502&4&14.585831491012264|24511&4&3.1378232650882447,2|24397&4&-7.105427357601002E-15|24400&4&502.650436826515|24406&4&236.6589245139799|24409&4&52.166211127597805|24414&4&30.844106154285193|24422&4&592.4975381985736|24426&4&209.12236442702158|24431&4&101.39294503919439|24435&4&74.93690089951444|24441&4&564.7901830934114|24443&4&705.0528487187457|24444&4&894.660697546213|24446&4&469.4249487304026|24451&4&321.6255182569327|24454&4&664.5698119687113|24455&4&195.6780353439783|24461&4&774.1709593804692|24475&4&409.52262216697846|24485&4&229.5887503175831|24489&4&141.4507340224451|24490&4&458.05534082642464|24492&4&133.6758443555935|24493&4&0.0|24499&4&115.63512408706914|24503&4&56.82254171985936|24505&4&3.1101429874617077|24511&4&73.13401083390235,2|24406&4&87.99931654536887|24410&4&286.6556206136098|24412&4&767.4599580701957|24413&4&419.8989883476297|24417&4&191.7771504029512|24418&4&547.1059227542794|24424&4&-1.4210854715202004E-14|24429&4&749.8859615748911|24430&4&676.3362028084752|24436&4&208.2783600959027|24450&4&571.8899389032126|24457&4&110.10165722116487|24458&4&711.2854020303292|24462&4&394.1266552183797|24467&4&275.3006021552512|24470&4&437.29213651409407|24482&4&59.19083954883966|24484&4&412.61015933741214|24491&4&703.4588253311897|24493&4&113.2913745189264|24496&4&355.00674940149923|24499&4&3.312325694554673|24504&4&122.22364142914688|24506&4&15.492319267252565|24509&4&30.120710111902866,2|24402&4&221.56177485114367|24409&4&159.5301743011035|24420&4&200.2237202431118|24423&4&734.5253485098863|24425&4&271.37214774131587|24436&4&10.05258132521655|24442&4&574.3207116427275|24446&4&3.424844025265386|24453&4&1028.8841998218827|24462&4&71.3048291290248|24467&4&581.5679661457045|24468&4&61.86872916459023|24486&4&206.50346603204957|24487&4&42.21762036917312|24489&4&502.5612395061273|24493&4&149.19492177406647|24497&4&85.78223324070628|24501&4&28.504929208327958|24502&4&44.88172643204099|24503&4&2.1775117517509894|24505&4&115.57024789511007|24506&4&25.737855549464005,2|24401&4&610.3643122472522|24409&4&563.3659918667208|24413&4&115.17824967942855|24414&4&240.62978419132986|24419&4&-4.618527782440651E-14|24424&4&1100.0708301783395|24435&4&5.216064326607292|24436&4&422.9737123508668|24439&4&3.322144780881299|24451&4&542.4580782869469|24455&4&88.79770210218058|24462&4&18.429998612308836|24467&4&151.29562671821293|24473&4&15.265983375618177|24478&4&265.8230559823034|24484&4&635.7789532955547|24486&4&117.44151346366831|24487&4&5.637701404370302|24491&4&170.6476769789311|24493&4&153.3543011144606|24494&4&795.0378904687677|24503&4&51.45481324567183|24506&4&3.4820394883692214|24508&4&3.3561397020350565
82|4,130,1,1,1,1,1,1,1,1,1,1,1,1,1,1,1,1,1,1,1,1,1,1,1,1,1,1,1,1,1,1,1,1,1,1,1,1,1,1,1,1,1,1,1,1,1,1,1,1,1,1,1,1,1,1,1,1,1,1,1,1,1,1,1,1,1,1,1,1,1,1,1,1,1,1,1,1,1,1,1,1,1,1,1,1,1,1,1,1,1,1,1,1,1,1,1,1,1,1,1,1,0,0,0,0,0,0,0,0,0,0,0,0,0,0,0,0,0,0,0,0,2|24412&4&32.18342183736968|24413&4&131.4309846986793|24416&4&42.18067954699199|24419&4&884.3131589368013|24420&4&43.00111061474005|24426&4&20.436370971325992|24430&4&129.4029091825333|24431&4&206.77583480945458|24433&4&163.64362232433513|24434&4&1055.8973951443227|24435&4&712.5710629652958|24437&4&32.033919773207955|24439&4&179.71699322087312|24440&4&192.7859197177075|24442&4&186.5502334602878|24448&4&302.627211250836|24454&4&295.24411303001773|24455&4&100.87495501268295|24456&4&240.24812291334356|24457&4&275.14474864927456|24469&4&248.55349839939208|24473&4&622.6572415345347|24476&4&50.681840854111215|24479&4&319.4333511900516|24482&4&496.36511838772753|24486&4&7.094195954071816|24487&4&192.85326837408866|24488&4&631.5161221235527|24495&4&697.7650632323854|24498&4&1.4891275016642613|24500&4&86.80089640220203|24502&4&34.271832709782295|24503&4&0.6638586099978675|24511&4&80.3917376868568|24512&4&7.421115932321085,2|24397&4&990.4940035907243|24405&4&304.4453523942602|24415&4&318.68067547627294|24416&4&29.488453020595276|24422&4&44.52545904681682|24429&4&30.675397983578637|24432&4&543.9186079593842|24434&4&18.410587284436257|24437&4&656.4928761614939|24446&4&32.026061567239|24451&4&129.31431434684865|24452&4&299.9632987580605|24464&4&581.5000074907148|24473&4&343.337097786222|24478&4&551.1764263357162|24479&4&254.44784541040394|24485&4&126.34429118449304|24488&4&4.824920422502169|24500&4&66.89919987630314|24504&4&1.126778437236462|24507&4&1.5401851596638665|24508&4&21.26667552207748|24512&4&1.8085293676579375,2|24403&4&239.50857917040838|24405&4&273.3307297492958|24406&4&560.3118045275729|24409&4&108.07356949575575|24415&4&262.8428554860945|24418&4&35.9692247041783|24420&4&266.0749254511251|24426&4&392.54371415198005|24427&4&979.6409493740962|24439&4&177.5227544290365|24457&4&10.45462710129451|24459&4&755.6282059358809|24460&4&92.0354297285956|24465&4&534.4105216132149|24466&4&99.18591755990631|24468&4&472.2825388079757|24473&4&28.855804349213642|24474&4&106.95400591540161|24476&4&532.301149209159|24480&4&416.49703024350526|24487&4&112.89174261532776|24488&4&6.329798176997054|24502&4&47.64466004355121|24507&4&97.11537235542065|24509&4&1.5888081231274118|24511&4&31.439071774787877|24513&4&1.638334530812056|24515&4&81.86840776016317,2|24403&4&330.3158026504642|24407&4&277.7737960687489|24417&4&769.6213440371862|24421&4&108.67482833394445|24432&4&353.90568286500263|24433&4&532.0585539984507|24439&4&409.1645899275448|24443&4&126.76601340452623|24445&4&670.0459270109903|24446&4&402.37879401022275|24452&4&37.93632461141305|24455&4&59.30382213817117|24456&4&95.20019912456524|24457&4&242.63171632685922|24458&4&8.512024614525357|24460&4&335.024419058431|24464&4&291.12284629041443|24469&4&841.4013148138116|24480&4&65.34150904339|24483&4&602.7390514882304|24485&4&487.9745029932368|24502&4&4.322583610200429|24504&4&4.03539815219095|24506&4&44.96220152008822|24508&4&94.91861786347359|24509&4&118.20591141163752|24512&4&14.684323974954996|24513&4&155.49021446611403|24514&4&1.6506342608459634,2|24398&4&0.0|24399&4&1064.193272658695|24404&4&607.2890749467165|24410&4&173.25794743673845|24416&4&1230.1860538853084|24429&4&84.91079973695165|24449&4&878.1516685215768|24461&4&124.01709599352247|24468&4&55.69747733469973|24475&4&64.12939199289745|24477&4&1036.327722732931|24479&4&192.40995054225226|24484&4&80.61118973155394|24485&4&17.955534710375012|24487&4&49.09109675370528|24498&4&19.735759166561294|24502&4&1.6233016919534857|24514&4&168.22766113052023,2|24404&4&411.7435456816307|24409&4&32.742508346264586|24414&4&92.7775085184703|24415&4&9.531448217879754|24431&4&714.0843358979192|24433&4&128.70632929628255|24440&4&197.72649919365657|24442&4&2.1316282072803006E-14|24448&4&64.78756185322469|24452&4&101.46252885337435|24456&4&103.77974571440478|24462&4&224.55239363446708|24463&4&255.23836974935247|24466&4&446.67243484158047|24468&4&8.947426288912208|24471&4&982.1696703669782|24472&4&697.1724002319256|24476&4&140.0762030562248|24483&4&499.2647296695267|24486&4&142.47811310742964|24487&4&113.82919707657047|24490&4&116.29316553676327|24497&4&22.37435355477854|24498&4&96.34962363569676|24499&4&11.119570288339224|24500&4&38.13181452026433|24501&4&1.2158671390515083|24502&4&12.761423783173987|24511&4&1.5831059306592972,2|24400&4&470.36564212208367|24406&4&213.9760889738879|24409&4&30.887585449695194|24414&4&17.396586368551358|24422&4&552.4663402180248|24426&4&188.69267184355684|24431&4&89.5362187310618|24435&4&68.37364413192691|24441&4&521.9373277065956|24443&4&783.8618744484336|24444&4&946.7043487246144|24446&4&430.9749310152147|24451&4&292.6015890453264|24454&4&617.9778785558093|24455&4&175.78567845336136|24461&4&904.4089387374956|24475&4&409.90756123668285|24485&4&207.13114557221598|24489&4&117.78709971461275|24490&4&412.82737690683314|24492&4&124.61898639774807|24499&4&107.2731258819327|24503&4&52.4400231090668|24505&4&1.647304532171788|24511&4&67.05306031539823,2|24406&4&63.81202070313377|24410&4&273.4208552008367|24412&4&702.287645163425|24413&4&390.4374585385508|24417&4&153.36281884739202|24418&4&631.5859768438322|24429&4&836.74161738246|24430&4&600.4893882419705|24436&4&170.3179473987738|24450&4&595.5705821395645|24457&4&100.97303800423643|24458&4&774.272322103961|24462&4&368.26224566121795|24467&4&405.3348927904296|24470&4&423.63285011198434|24482&4&235.9335703307117|24484&4&377.47674572795296|24491&4&628.5050009140318|24493&4&97.69033845628982|24496&4&440.101007422242|24499&4&1.6581045859232297|24504&4&138.17568814738777|24506&4&13.59980732354597|24509&4&27.114860513248765,2|24402&4&209.5508743620908|24409&4&146.37653216278161|24420&4&179.2967854861672|24423&4&829.2382681005206|24425&4&236.44005574826332|24436&4&9.21486621478184|24442&4&683.6794232544572|24446&4&-7.993605777301127E-15|24453&4&1066.267010873133|24462&4&64.1743462161223|24467&4&542.7827484801019|24468&4&56.71300173420771|24486&4&192.64144514474145|24487&4&38.69948533840869|24489&4&498.6420235443312|24493&4&137.7183893299075|24497&4&92.39716190921013|24501&4&40.53179277839505|24502&4&41.1763516248363|24503&4&1.4516745011673269|24505&4&127.19194394383192|24506&4&23.590913314107404,2|24401&4&740.6320454561292|24409&4&531.3699489000193|24413&4&97.4246972091962|24414&4&207.20402009656962|24424&4&1134.4527852680683|24435&4&2.8421709430404007E-14|24436&4&504.3195831018239|24439&4&-2.398081733190338E-14|24451&4&632.9191143979405|24455&4&84.12413883364476|24462&4&5.975834467792157|24467&4&120.8838814674733|24473&4&5.240623414268099|24478&4&221.9016421984989|24484&4&661.0247179272975|24486&4&110.76079962974369|24487&4&0.0|24491&4&377.64453419393476|24493&4&127.10724219709545|24494&4&727.0065674877185|24503&4&78.83183526354802|24506&4&1.778096243956357|24508&4&1.690133646536534
83|4,130,1,1,1,1,1,1,1,1,1,1,1,1,1,1,1,1,1,1,1,1,1,1,1,1,1,1,1,1,1,1,1,1,1,1,1,1,1,1,1,1,1,1,1,1,1,1,1,1,1,1,1,1,1,1,1,1,1,1,1,1,1,1,1,1,1,1,1,1,1,1,1,1,1,1,1,1,1,1,1,1,1,1,1,1,1,1,1,1,1,1,1,1,1,1,1,1,1,1,1,1,0,0,0,0,0,0,0,0,0,0,0,0,0,0,0,0,0,0,0,0,2|24412&4&17.77740259328305|24413&4&255.06857042896397|24416&4&33.74454363759358|24419&4&811.7800394580883|24420&4&40.134369907090715|24426&4&11.434690810725998|24430&4&214.18972651708043|24431&4&250.86256588550208|24433&4&131.89640820270898|24434&4&1114.5460911952587|24435&4&646.3132237779755|24437&4&23.29730938490281|24439&4&151.06461000267774|24440&4&176.7084667667058|24442&4&150.54255747443864|24448&4&287.11457557530525|24454&4&307.3040928715147|24455&4&80.86673633569788|24456&4&235.03732695229894|24457&4&276.4200031413143|24469&4&201.87566425816075|24473&4&627.8307302531445|24476&4&31.245543174795664|24479&4&467.3622559664635|24482&4&432.22065739618887|24486&4&6.736911099637124|24487&4&182.91020966617504|24488&4&676.4004606513051|24495&4&628.0543635073294|24498&4&0.5114580818125708|24500&4&80.11146116354999|24502&4&32.04689353568026|24503&4&-4.218847493575595E-15|24511&4&97.43863938937963|24512&4&13.692967232988057,2|24397&4&1016.3811433403769|24402&4&15.939405103972803|24405&4&270.05922913062443|24414&4&110.834930305053|24415&4&283.3612632341301|24416&4&14.203334461404857|24422&4&31.51187307315005|24429&4&15.791489690820447|24432&4&474.82874863346825|24434&4&10.182573738970053|24437&4&778.9421014915123|24439&4&22.69980123800164|24446&4&22.559672323640935|24447&4&36.71903177000112|24451&4&101.29459932258025|24452&4&269.91829317384025|24464&4&519.8931466961034|24473&4&307.8230677594681|24478&4&629.1638559272249|24479&4&206.92414503884805|24485&4&160.07062720324242|24488&4&3.21661361500145|24500&4&60.410774730408164|24504&4&0.3912515271127133|24507&4&0.5236656291258291|24508&4&17.74297586524761|24512&4&0.6312216443663721,2|24403&4&226.75694932454905|24405&4&364.3179455031556|24406&4&621.7474289054345|24409&4&274.51659587788123|24415&4&365.0614383335336|24418&4&21.987998886699256|24420&4&345.32618238233607|24426&4&528.728486321787|24427&4&1046.533425851505|24439&4&163.3897356609911|24445&4&90.15376234641417|24457&4&3.8821586351630137|24459&4&688.4590509077269|24460&4&86.92235029922918|24465&4&630.2161793894168|24466&4&93.92714098373389|24468&4&473.9311588667882|24473&4&22.264651462648487|24474&4&134.49188419531322|24476&4&600.7126074981597|24480&4&371.4169927239297|24487&4&106.25105187324965|24488&4&1.1222523022295239|24502&4&66.70273114891526|24507&4&108.21517409250751|24509&4&0.5432454198781534|24511&4&29.53446506574258|24513&4&0.5512123846562194|24515&4&85.63363976267392,2|24403&4&279.3442671949383|24407&4&258.92998633513673|24417&4&719.878469211327|24421&4&141.6184362048059|24432&4&334.3495455375095|24433&4&610.3337873735844|24439&4&383.5758704134959|24443&4&96.48118065676523|24445&4&609.335293426117|24446&4&511.9089000004725|24452&4&27.442715377697645|24455&4&54.70222402826493|24456&4&67.96098381271007|24457&4&208.06674232508865|24458&4&6.809619691620288|24460&4&308.9827347669935|24464&4&427.5120356489044|24469&4&956.5887553455236|24480&4&62.074433591220505|24483&4&700.5468230369928|24485&4&458.96568991509776|24502&4&3.4580668881603436|24504&4&3.587020579725289|24506&4&49.81750477763856|24508&4&109.80210112711927|24509&4&110.89415205871438|24512&4&11.212062834251702|24513&4&165.24636555705263|24514&4&0.5652146099667391,2|24399&4&1083.3505961111068|24404&4&540.7781059486505|24410&4&138.120197392623|24416&4&1317.6570326033125|24429&4&76.41971976325647|24449&4&909.5377653017497|24461&4&93.8636403732011|24468&4&46.10855796178025|24475&4&48.722104649686045|24477&4&946.579730666391|24479&4&179.2657651137444|24484&4&57.22476147760292|24485&4&9.650484826698833|24487&4&31.803113969761075|24498&4&16.806107288516582|24502&4&0.5574596866291718|24514&4&156.52303671274902,2|24404&4&511.28092417860915|24409&4&29.1044518633463|24414&4&84.51640982742359|24415&4&2.7076407272055274|24431&4&647.6547163563854|24432&4&247.10392109922395|24433&4&116.23704907511768|24440&4&247.47896202962252|24448&4&61.18825286137887|24452&4&209.63407661989498|24456&4&91.62046903873394|24462&4&340.2890359462291|24463&4&242.11510235824267|24466&4&411.45757894281394|24468&4&3.593289878168518|24471&4&897.5001610382501|24472&4&612.7366895866951|24476&4&125.90759108502577|24481&4&127.39506200952745|24483&4&443.38704950147735|24486&4&115.65850305755856|24487&4&105.80573106847862|24490&4&211.70194027313545|24497&4&19.66956090872716|24498&4&113.02874294702409|24499&4&26.724968021290305|24500&4&55.75491160543963|24501&4&0.4148096211773581|24502&4&10.93701607533571|24511&4&0.5360819401499926,2|24400&4&513.66245513633|24406&4&191.29325343379585|24409&4&15.20576579063102|24414&4&9.820273317603602|24422&4&512.435142237476|24426&4&168.26297926009207|24431&4&77.6794924229292|24435&4&61.81038736433937|24441&4&479.0844723197798|24443&4&734.4429029402971|24444&4&981.2402803454161|24446&4&392.52491330002675|24451&4&263.5776598337202|24454&4&571.3859451429074|24455&4&155.89332156274438|24461&4&1046.5733355056|24475&4&496.0694571013603|24485&4&184.67354082684892|24489&4&95.75012552768669|24490&4&371.7016324526633|24492&4&127.71304433936977|24499&4&98.91112767679627|24503&4&48.05750449827424|24505&4&0.642985520893831|24511&4&60.97210979689408,2|24406&4&43.45017820240766|24410&4&255.4903258993405|24412&4&807.899353817447|24413&4&360.9759287294718|24417&4&120.47578971802342|24418&4&716.5927694793097|24429&4&882.114560111698|24430&4&529.5422189536195|24436&4&138.10287751324958|24450&4&533.1150562096173|24455&4&68.35724695790196|24457&4&91.844418787308|24458&4&793.9423434018504|24462&4&342.3978361040562|24467&4&466.92784913134165|24470&4&397.37519377671117|24482&4&447.21982949987853|24484&4&342.3433321184936|24491&4&557.629418912458|24493&4&82.08930239365324|24496&4&413.72146023092114|24499&4&0.5686859309864455|24504&4&150.70874323672584|24506&4&11.707295379839376|24509&4&24.109010914594673,2|24402&4&197.53997387303795|24409&4&133.22289002445973|24420&4&158.36985072922263|24423&4&893.8853885523021|24425&4&0.0|24436&4&8.377151104347128|24442&4&765.4561805009378|24453&4&1003.5942440999064|24462&4&57.043863303219815|24467&4&503.9975308144992|24468&4&51.55727430382519|24486&4&178.77942425743333|24487&4&35.181350307644266|24489&4&607.2455665389621|24493&4&126.24185688574853|24497&4&105.26375919398257|24501&4&44.79333585604294|24502&4&37.47097681763161|24503&4&0.7258372505836642|24505&4&138.30616059238292|24506&4&21.4439710787508,2|24401&4&670.8874456953213|24409&4&499.3739059333177|24413&4&79.67114473896385|24414&4&173.77825600180938|24424&4&1037.8759368190222|24436&4&536.952458524933|24451&4&695.1334660639748|24455&4&79.45057556510895|24462&4&3.730349362740526E-14|24467&4&95.43912959530604|24473&4&1.5987211554602254E-14|24478&4&183.02813688990847|24484&4&795.3166749375085|24486&4&104.08008579581906|24491&4&505.3484139647496|24493&4&252.26703048552775|24494&4&742.5729488423478|24503&4&86.42695722693695|24506&4&0.60958417485175|24508&4&0.5698437161813172
84|4,130,1,1,1,1,1,1,1,1,1,1,1,1,1,1,1,1,1,1,1,1,1,1,1,1,1,1,1,1,1,1,1,1,1,1,1,1,1,1,1,1,1,1,1,1,1,1,1,1,1,1,1,1,1,1,1,1,1,1,1,1,1,1,1,1,1,1,1,1,1,1,1,1,1,1,1,1,1,1,1,1,1,1,1,1,1,1,1,1,1,1,1,1,1,1,1,1,1,1,1,1,0,0,0,0,0,0,0,0,0,0,0,0,0,0,0,0,0,0,0,0,2|24408&4&99.19433876333284|24412&4&9.273141956411294|24413&4&294.7288196645969|24416&4&25.30840772819517|24419&4&740.1525376621333|24420&4&37.26762919944138|24426&4&8.576018108044526|24430&4&300.6143288028884|24431&4&339.94066631026254|24433&4&102.16157463395518|24434&4&1073.483566192635|24435&4&584.7210010093766|24437&4&14.77459814081848|24439&4&124.38529103788633|24440&4&160.63101381570416|24442&4&119.44915213942721|24448&4&271.6019398997745|24454&4&349.95275924905235|24455&4&61.595759581921484|24456&4&289.19288928109194|24457&4&261.55065357864146|24469&4&159.1898067218922|24473&4&635.5097825443429|24476&4&16.696038318717|24479&4&442.68165871758|24482&4&373.9179333373928|24486&4&16.74614539933656|24487&4&172.96715095826144|24488&4&637.2033930640207|24495&4&563.3670456282484|24498&4&8.881784197001252E-16|24500&4&73.42202592489794|24502&4&29.821954361578232|24509&4&24.123308317453336|24511&4&113.40125926659718|24512&4&21.547992192325164,2|24397&4&998.4398078854023|24402&4&15.142434848774162|24405&4&235.6731058669887|24414&4&137.93153446610972|24415&4&248.04185099198727|24416&4&5.086620094469952|24422&4&23.131819939953665|24429&4&6.526507341908714|24432&4&411.2552273536087|24434&4&3.5637734613303205|24437&4&782.3909909107318|24439&4&97.9082340291755|24446&4&15.853801613320943|24447&4&34.883080181501064|24451&4&75.30447340278056|24452&4&239.87328758962|24464&4&459.4455307232589|24468&4&94.43133514371908|24473&4&272.30903773271416|24478&4&725.8957938484054|24479&4&165.3822871835507|24485&4&276.1827727594639|24488&4&1.608306807500731|24500&4&53.92234958451317|24504&4&-2.3314683517128287E-15|24507&4&2.220446049250313E-16|24508&4&14.219276208417742|24512&4&-3.552713678800501E-15,2|24403&4&214.00531947868967|24405&4&344.2934422274283|24406&4&634.4920923468071|24409&4&453.88148721648804|24415&4&443.30170513248646|24417&4&111.68857800264652|24418&4&11.03546324738885|24420&4&319.20462163985655|24426&4&497.31082146296194|24427&4&959.8930649052477|24439&4&149.25671689294572|24445&4&256.01597514581425|24457&4&-8.881784197001252E-16|24459&4&624.077504933327|24460&4&81.80927086986276|24465&4&572.2402738110092|24466&4&88.66836440756146|24468&4&442.8212437353938|24473&4&15.673498576083338|24474&4&127.20437416494019|24476&4&706.5252416480937|24480&4&331.1035506333639|24487&4&99.61036113117154|24488&4&7.549516567451064E-15|24502&4&63.134515323587|24507&4&111.45079073424688|24509&4&2.886579864025407E-15|24511&4&27.629858356697287|24513&4&-4.440892098500626E-15|24515&4&96.08502767103431,2|24403&4&234.26484489065297|24407&4&240.08617660152458|24417&4&670.1355943854676|24421&4&134.22895509135313|24432&4&314.7934082100164|24433&4&665.756854641121|24439&4&357.9871508994471|24443&4&71.76505125314327|24445&4&552.4726109127774|24446&4&521.8539770179736|24452&4&17.765688249493365|24455&4&50.10062591835869|24456&4&46.26029738769669|24457&4&173.50176832331812|24458&4&5.1072147687152185|24460&4&282.94105047555587|24464&4&435.922519271484|24469&4&1010.3664777833126|24480&4&58.807358139051004|24483&4&690.9431095196894|24485&4&429.9568768369587|24502&4&2.5935501661202585|24504&4&3.1386430072596276|24506&4&59.21685231744687|24508&4&116.64860279782033|24509&4&103.58239270579124|24512&4&7.739801693548409|24513&4&175.00323393735283|24514&4&-6.661338147750939E-16,2|24398&4&36.6706657755703|24399&4&1056.0673061989273|24404&4&478.46337418313095|24410&4&104.83268390381309|24416&4&1223.6917230778695|24429&4&67.92863978956129|24449&4&888.4914774616833|24461&4&70.54251995213988|24468&4&36.51963858886078|24475&4&35.6061161795118|24477&4&861.2867559882425|24479&4&166.12157968523655|24484&4&40.20409653930139|24485&4&2.9036980343061165|24487&4&18.914828342012612|24498&4&13.876455410471872|24502&4&3.774758283725532E-15|24514&4&144.8184122949778,2|24404&4&546.8546056145783|24409&4&25.46639538042801|24414&4&76.25531113637687|24415&4&1.687538997430238E-14|24428&4&0.13248048274934376|24431&4&581.2250968148514|24432&4&432.7084425626829|24433&4&103.76776885395282|24440&4&254.9729784352456|24448&4&57.588943869533054|24452&4&197.99563481377768|24456&4&79.46119236306308|24462&4&389.4749343823373|24463&4&228.99183496713286|24466&4&376.24272304404735|24468&4&-2.7533531010703882E-14|24471&4&813.9109517027755|24472&4&620.4403612775642|24476&4&111.73897911382673|24481&4&137.5015459003253|24483&4&392.6017503717611|24486&4&91.27558604172935|24487&4&97.78226506038678|24490&4&278.6798209743034|24497&4&17.4397489236683|24498&4&125.67091712715607|24499&4&46.260889088043115|24500&4&73.99037632613758|24501&4&-2.9976021664879227E-15|24502&4&9.112608367497433|24511&4&1.7763568394002505E-15,2|24400&4&477.59858004596464|24406&4&168.6104178937038|24409&4&5.152130845433389|24414&4&3.188025393131423|24422&4&555.6540223735169|24426&4&147.83328667662732|24431&4&65.82276611479661|24435&4&55.24713059675183|24441&4&436.2316169329641|24443&4&685.0239314321605|24444&4&917.7675715411435|24446&4&354.07489558483894|24451&4&234.55373062211387|24454&4&524.7940117300054|24455&4&136.0009646721274|24461&4&1058.192380195182|24475&4&626.9389621261989|24485&4&162.2159360814818|24489&4&76.0012545421748|24490&4&330.5758879984935|24492&4&117.1923597630335|24499&4&90.5491294716598|24503&4&43.67498588748168|24505&4&-4.440892098500626E-15|24511&4&54.891159278389935,2|24403&4&6.808937370086429|24406&4&27.31204763735338|24410&4&276.0092940868|24412&4&881.0572579254224|24413&4&331.5143989203928|24417&4&90.13943391336025|24418&4&715.8010127403201|24429&4&879.7260736728344|24430&4&464.5862868980954|24436&4&106.33305945753989|24450&4&473.7922260368873|24455&4&184.95312765070565|24457&4&82.71579957037956|24458&4&742.0919154623019|24462&4&316.5334265468944|24467&4&550.4413091933999|24470&4&371.117537441438|24482&4&424.1136281452421|24484&4&307.2099185090344|24491&4&491.59886806396935|24493&4&66.48826633101666|24496&4&387.3419130396003|24499&4&-2.886579864025407E-15|24504&4&162.89051171991247|24506&4&9.814783436132782|24509&4&21.103161315940575,2|24402&4&185.52907338398512|24409&4&120.06924788613787|24420&4&137.442915972278|24423&4&822.2635736657102|24436&4&7.539435993912416|24442&4&795.0365137821865|24453&4&949.195334910431|24462&4&49.91338039031733|24467&4&465.21231314889644|24468&4&46.40154687344267|24486&4&164.91740337012521|24487&4&31.66321527687984|24489&4&597.4990811122923|24493&4&114.76532444158957|24497&4&110.33136174244792|24501&4&48.527219821128305|24502&4&33.76560201042692|24503&4&1.5543122344752192E-15|24505&4&142.18065958428156|24506&4&19.297028843394198,2|24401&4&601.8426408962403|24409&4&467.377862966616|24413&4&62.364520326651956|24414&4&140.35249190704914|24424&4&944.5562538380136|24436&4&562.2342907382974|24451&4&731.641785593969|24455&4&74.77701229657313|24467&4&73.2085065552111|24478&4&149.4239899987753|24484&4&850.1642150715293|24486&4&97.39937196189443|24491&4&504.9069289227283|24493&4&260.1483063692619|24494&4&712.3379603336775|24503&4&100.18403155188447|24506&4&4.218847493575595E-15|24508&4&4.440892098500626E-15
85|4,130,1,1,1,1,1,1,1,1,1,1,1,1,1,1,1,1,1,1,1,1,1,1,1,1,1,1,1,1,1,1,1,1,1,1,1,1,1,1,1,1,1,1,1,1,1,1,1,1,1,1,1,1,1,1,1,1,1,1,1,1,1,1,1,1,1,1,1,1,1,1,1,1,1,1,1,1,1,1,1,1,1,1,1,1,1,1,1,1,1,1,1,1,1,1,1,1,1,1,1,1,0,0,0,0,0,0,0,0,0,0,0,0,0,0,0,0,0,0,0,0,2|24408&4&94.2346218251662|24412&4&3.093053675346268|24413&4&353.60244971531813|24416&4&16.87227181879676|24419&4&670.034329217527|24420&4&34.400888491792045|24426&4&5.7173454053630115|24430&4&327.44903031631185|24431&4&321.44598044107556|24433&4&75.22350052842576|24434&4&1072.384506814702|24435&4&526.6578664337009|24437&4&8.113875985591221|24439&4&101.01707975220032|24440&4&144.55356086470252|24442&4&91.8384120960695|24448&4&256.0893042242437|24454&4&435.3670871770927|24455&4&42.3247828281451|24456&4&290.47327829897665|24457&4&246.6813040159687|24469&4&120.84388693111536|24473&4&595.1226221309032|24476&4&9.099260140709346|24479&4&418.0010614686964|24482&4&318.4808119470665|24486&4&190.48452873513045|24487&4&163.02409225034785|24488&4&610.4773441421024|24495&4&503.71729876508437|24500&4&66.73259068624589|24502&4&27.597015187476202|24509&4&22.917142901580668|24511&4&107.10586192031498|24512&4&20.280516730047694,2|24397&4&1040.8066258657914|24402&4&110.81747043023893|24405&4&201.6010322325351|24414&4&140.86100908936294|24415&4&212.72243874984449|24416&4&-2.8421709430404007E-14|24422&4&16.298481019451103|24429&4&0.2767594003419784|24432&4&351.9467396248684|24434&4&-1.865174681370263E-14|24437&4&728.9647083763687|24439&4&120.26789067152343|24446&4&10.636707403609758|24447&4&33.047128593001005|24450&4&44.45746846731922|24451&4&52.10921921354105|24452&4&209.82828200539976|24464&4&400.0952756901719|24468&4&181.37225785227596|24473&4&236.7950077059602|24478&4&682.7637942352253|24479&4&126.29168539556775|24485&4&348.79319193474953|24488&4&1.199040866595169E-14|24500&4&47.43392443861819|24508&4&10.695576551587871,2|24403&4&201.2536896328303|24405&4&324.7251898318206|24406&4&604.133288708871|24409&4&501.4411453790159|24415&4&472.96033780904366|24417&4&267.37924668074464|24418&4&3.7982181351822244|24420&4&296.7375554759327|24426&4&465.89315660413683|24427&4&876.1874291836016|24439&4&135.12369812490033|24445&4&242.9897919826575|24459&4&563.262614534321|24460&4&76.69619144049634|24465&4&507.89026550400877|24466&4&83.40958783138905|24468&4&411.71132860399945|24473&4&9.082345689518185|24474&4&0.0|24476&4&746.148186981563|24480&4&290.790108542798|24487&4&92.96967038909344|24502&4&59.566299498258736|24507&4&103.93724848669663|24511&4&25.725251647651994|24515&4&89.82767787443072,2|24403&4&191.8428464195676|24407&4&221.2423668679124|24417&4&620.3927195596084|24421&4&126.83947397790034|24432&4&295.23727088252326|24433&4&745.5021727062015|24439&4&332.3984313853982|24443&4&49.58600213856849|24445&4&498.1467041078194|24446&4&545.9977122437735|24452&4&10.268443664800744|24455&4&45.499027808452446|24456&4&28.862602887786792|24457&4&138.93679432154755|24458&4&3.4048098458101497|24460&4&256.8993661841183|24464&4&410.7817508023724|24469&4&1075.111917811497|24480&4&55.540282686881504|24483&4&680.0195712462332|24485&4&400.94806375881967|24502&4&1.7290334440801733|24504&4&2.6902654347939663|24506&4&55.519221100125556|24508&4&109.45699458809581|24509&4&96.27063335286812|24512&4&4.267540552845116|24513&4&161.5384808155634,2|24398&4&191.17596851356075|24399&4&1020.1160701092454|24404&4&420.82188979160844|24410&4&75.66825338637798|24411&4&109.09949949367854|24416&4&1226.0850871705748|24429&4&59.437559815866116|24431&4&11.823311065304438|24445&4&21.11130305500984|24449&4&905.5325557737187|24461&4&50.019761051143355|24468&4&26.93071921594131|24475&4&25.236528995570815|24477&4&777.3472936580222|24479&4&152.97739425672867|24484&4&25.34593818509134|24485&4&0.0|24487&4&89.57047277816251|24498&4&10.94680353242716|24514&4&133.11378787720656,2|24404&4&607.5598117845174|24409&4&21.828338897509724|24414&4&67.99421244533016|24428&4&49.370405199404246|24431&4&516.9302564307354|24432&4&410.4552606318007|24433&4&91.29848863278795|24440&4&252.5479053617797|24448&4&53.98963487768724|24452&4&186.35719300766038|24456&4&67.30191568739222|24462&4&368.1829830782724|24463&4&215.86856757602305|24466&4&341.0278671452809|24471&4&733.3134608027165|24472&4&776.1328001843619|24476&4&97.57036714262769|24481&4&130.30798095028524|24483&4&343.8854535557339|24486&4&68.71976038916623|24487&4&89.75879905229495|24490&4&361.1019568630897|24497&4&15.701870948462984|24498&4&117.61172572779262|24499&4&43.81958195673111|24500&4&70.00574393618359|24502&4&7.288200659659157,2|24400&4&441.53470495559935|24406&4&145.9275823536118|24409&4&2.8421709430404007E-14|24414&4&0.0|24422&4&597.1054348322557|24426&4&127.40359409316255|24431&4&53.966039806664014|24435&4&48.68387382916429|24441&4&393.3787615461483|24443&4&635.604959924024|24444&4&881.4176836112598|24446&4&315.624877869651|24451&4&205.52980141050764|24454&4&478.2020783171035|24455&4&116.10860778151043|24461&4&1071.4492311096624|24475&4&623.9050333605151|24485&4&139.75833133611474|24489&4&58.91150097360579|24490&4&291.5229958566599|24492&4&209.58424638660878|24499&4&82.18713126652338|24503&4&39.29246727668912|24511&4&48.81020875988581,2|24403&4&55.24745593160877|24406&4&16.37062995704152|24410&4&406.4162122104708|24412&4&823.4083796447352|24413&4&302.05286911131384|24417&4&63.04978310879687|24418&4&709.7104623483249|24429&4&933.887454523026|24430&4&401.24167753462757|24432&4&40.72257176249707|24436&4&78.31725850068979|24438&4&16.326594325119572|24450&4&418.2874683318784|24455&4&197.85268448008665|24457&4&73.58718035345112|24458&4&690.2414875227536|24462&4&290.66901698973265|24467&4&672.429611001958|24470&4&344.85988110616495|24482&4&439.58529859282294|24484&4&272.0765048995752|24491&4&430.5041878117086|24493&4&50.88723026838007|24496&4&360.9623658482793|24504&4&151.91991929532207|24506&4&7.922271492426189|24509&4&18.09731171728648,2|24402&4&173.51817289493226|24409&4&106.915605747816|24420&4&116.5159812153334|24423&4&834.6745033768693|24436&4&6.701720883477703|24442&4&808.9605430088375|24453&4&870.9587687488379|24462&4&42.78289747741484|24467&4&426.42709548329367|24468&4&41.24581944306015|24486&4&151.0553824828171|24487&4&28.145080246115413|24489&4&585.5453293326261|24493&4&103.28879199743061|24497&4&103.38782410173216|24501&4&45.051715000993596|24502&4&30.06022720322223|24505&4&132.2678661828762|24506&4&17.150086608037597,2|24401&4&566.3994370033988|24409&4&435.38181999991446|24413&4&46.34625109812551|24414&4&106.92672781228892|24424&4&853.2480195858693|24435&4&183.71138724777023|24436&4&634.165846562357|24451&4&764.5324244826055|24455&4&70.10344902803732|24467&4&55.281631956504654|24478&4&119.29231886171382|24484&4&918.1290639720255|24486&4&90.7186581279698|24491&4&533.4696847395987|24493&4&271.23325360993755|24494&4&684.6673358528035|24503&4&94.28491086470478
86|4,130,1,1,1,1,1,1,1,1,1,1,1,1,1,1,1,1,1,1,1,1,1,1,1,1,1,1,1,1,1,1,1,1,1,1,1,1,1,1,1,1,1,1,1,1,1,1,1,1,1,1,1,1,1,1,1,1,1,1,1,1,1,1,1,1,1,1,1,1,1,1,1,1,1,1,1,1,1,1,1,1,1,1,1,1,1,1,1,1,1,1,1,1,1,1,1,1,1,1,1,1,0,0,0,0,0,0,0,0,0,0,0,0,0,0,0,0,0,0,0,0,2|24408&4&89.27490488699956|24412&4&2.042810365310288E-14|24413&4&362.2870346776676|24416&4&8.43613590939835|24419&4&651.7712231816706|24420&4&31.53414778414271|24426&4&2.8586727026814973|24430&4&372.6817639436179|24431&4&302.9512945718886|24433&4&51.53373175695033|24434&4&1036.79354311289|24435&4&472.4419387943393|24437&4&3.1764327032474307|24439&4&78.72001883051854|24440&4&128.47610791370087|24442&4&66.04965334704684|24448&4&240.57666854871292|24454&4&423.04602287221746|24455&4&24.330676301905363|24456&4&401.9212528852475|24457&4&231.81195445329593|24469&4&87.81404509962468|24473&4&554.7354617174636|24476&4&104.63554087438325|24479&4&393.3204642198128|24482&4&267.82671647385354|24486&4&202.56415230866048|24487&4&153.08103354243423|24488&4&679.0767559706736|24495&4&445.6913307978923|24500&4&60.04315544759383|24502&4&25.37207601337417|24509&4&21.710977485708|24511&4&100.81046457403278|24512&4&19.013041267770223,2|24397&4&1177.9563177447212|24402&4&215.99524341241843|24405&4&168.53388936757472|24414&4&133.18218810667875|24415&4&178.42284262069822|24422&4&10.323556419995345|24426&4&126.6800810805911|24429&4&7.771561172376096E-16|24432&4&297.59912694245816|24437&4&652.044329423614|24439&4&248.62920859695117|24446&4&5.478314023776053|24447&4&31.21117700450095|24450&4&43.77455518915546|24451&4&32.00532828525969|24452&4&179.7832764211795|24464&4&342.38318993772873|24465&4&72.69070730534747|24468&4&172.06756662180288|24473&4&201.28097767920627|24478&4&639.6317946220452|24479&4&91.04068343544182|24485&4&468.99019169483773|24500&4&40.9454992927232|24508&4&7.171876894758002,2|24403&4&188.50205978697096|24405&4&304.67787401208733|24406&4&565.6086148424725|24409&4&551.5536028836368|24415&4&451.6465489076011|24417&4&462.69118721946893|24418&4&-2.6645352591003757E-15|24420&4&275.45404824526906|24426&4&434.47549174531184|24427&4&796.7122468596057|24439&4&120.99067935685494|24445&4&229.96360881950073|24459&4&506.80992776052324|24460&4&71.58311201112991|24465&4&446.17985330253777|24466&4&78.15081125521661|24468&4&380.6014134726049|24473&4&3.5749501817510114|24476&4&698.2460034291341|24480&4&250.4766664522322|24487&4&86.32897964701533|24502&4&55.99808367293048|24507&4&96.42370623914641|24511&4&23.820644938606698|24515&4&83.5703280778271,2|24403&4&152.88787601206593|24407&4&202.39855713430023|24417&4&570.6498447337492|24421&4&119.44999286444755|24432&4&275.68113355503016|24433&4&698.6931303907631|24439&4&306.80971187134935|24443&4&29.4375928936479|24445&4&447.55590038696783|24446&4&560.0879985929772|24452&4&28.93983849154493|24455&4&40.897429698546205|24456&4&13.402288508548072|24457&4&105.90678405418768|24458&4&1.7024049229050808|24460&4&230.85768189268072|24464&4&385.64098233326064|24469&4&1081.375256396208|24480&4&52.273207234712004|24483&4&638.5244002319665|24485&4&371.9392506806806|24502&4&0.8645167220400883|24504&4&2.241887862328305|24506&4&55.568627485804384|24508&4&102.26538637837129|24509&4&88.95887399994497|24512&4&0.7952794121418226|24513&4&148.07372769377395,2|24398&4&215.6700781641751|24399&4&968.8634533616031|24404&4&366.3496470433205|24410&4&50.55224092229427|24411&4&199.99969009540217|24416&4&1405.6090502744669|24429&4&50.946479842170945|24431&4&11.232145512039216|24433&4&130.57816504832164|24445&4&81.28725075377349|24449&4&883.2950495771902|24461&4&32.02876647944745|24468&4&22.44226601328445|24475&4&17.090064380419655|24477&4&695.0768356895901|24479&4&139.83320882822082|24484&4&14.673583558179853|24487&4&177.55905775517323|24495&4&70.68631251877542|24498&4&8.017151654382447|24514&4&121.40916345943533|24516&4&65.80949578644282,2|24404&4&771.6985379014839|24409&4&18.190282414591437|24414&4&59.73311375428345|24428&4&46.901553738227165|24431&4&455.63420439618943|24432&4&388.2020787009185|24433&4&78.82920841162309|24440&4&236.9283084311098|24448&4&50.39032588584142|24452&4&174.7187512015431|24456&4&55.14263901172137|24462&4&346.8910317742075|24463&4&202.74530018491325|24466&4&305.81301124651435|24471&4&658.7763873665491|24472&4&880.809207391332|24476&4&83.40175517142865|24481&4&123.11441600024514|24483&4&300.34606636419977|24486&4&51.3804663416646|24487&4&81.73533304420312|24490&4&340.2860511095263|24497&4&13.96399297325767|24498&4&109.55253432842916|24499&4&41.378274825419126|24500&4&66.02111154622959|24502&4&5.46379295182088,2|24400&4&405.47082986523407|24406&4&123.24474681351975|24422&4&548.6294772286217|24426&4&106.97390150969778|24431&4&42.10931349853142|24435&4&42.12061706157675|24441&4&350.5259061593325|24443&4&586.1859884158874|24444&4&809.0631914624067|24446&4&277.17486015446315|24451&4&176.5058721989014|24454&4&431.61014490420155|24455&4&96.21625089089343|24461&4&1054.6199849916006|24475&4&588.563323827258|24485&4&117.30072659074766|24489&4&42.49019122837843|24490&4&309.5911661015993|24492&4&193.91793325027695|24499&4&73.82513306138694|24503&4&34.909948665896565|24511&4&42.729258241381686,2|24403&4&64.88660799683106|24406&4&10.054310177198001|24410&4&390.9640547193546|24412&4&837.6042426131498|24413&4&272.59133930223487|24417&4&39.857493488096374|24418&4&758.4634292491055|24429&4&972.4579392834092|24430&4&343.05959536667325|24432&4&38.686443174372215|24436&4&55.840357747432414|24438&4&15.510264608863594|24450&4&364.3165540666787|24455&4&356.98126346229276|24457&4&64.45856113652269|24458&4&716.0607891428335|24462&4&264.8046074325709|24467&4&670.0330329816798|24470&4&318.6022247708918|24482&4&576.8950588915055|24484&4&236.9430912901159|24491&4&372.261616508509|24493&4&35.286194205743485|24496&4&334.58281865695847|24504&4&140.94932687073168|24506&4&6.0297595487195945|24509&4&15.091462118632382,2|24402&4&161.5072724058794|24409&4&93.76196360949413|24420&4&95.5890464583888|24423&4&951.7857485831591|24436&4&5.864005773042991|24442&4&817.3600852817613|24453&4&817.5670704871612|24462&4&35.652414564512355|24467&4&387.6418778176909|24468&4&36.09009201267763|24486&4&137.19336159550897|24487&4&24.626945215350986|24489&4&538.8140511791318|24493&4&91.81225955327164|24497&4&96.44428646101642|24501&4&55.34305610435996|24502&4&26.354852396017534|24505&4&122.35507278147085|24506&4&15.003144372680993,2|24401&4&564.7000122418663|24409&4&403.3857770332128|24413&4&32.233021178855864|24414&4&73.50096371752866|24424&4&765.8402118625096|24435&4&353.42955548400926|24436&4&641.1090176486832|24451&4&922.8562598202926|24455&4&65.4298857595015|24467&4&43.56583251502063|24478&4&91.23349454123326|24484&4&947.5331513200709|24486&4&84.03794429404518|24491&4&609.0392625343745|24493&4&415.332576930477|24494&4&672.5985384224998|24503&4&88.3857901775251
87|4,130,1,1,1,1,1,1,1,1,1,1,1,1,1,1,1,1,1,1,1,1,1,1,1,1,1,1,1,1,1,1,1,1,1,1,1,1,1,1,1,1,1,1,1,1,1,1,1,1,1,1,1,1,1,1,1,1,1,1,1,1,1,1,1,1,1,1,1,1,1,1,1,1,1,1,1,1,1,1,1,1,1,1,1,1,1,1,1,1,1,1,1,1,1,1,1,1,1,1,1,1,0,0,0,0,0,0,0,0,0,0,0,0,0,0,0,0,0,0,0,0,2|24408&4&84.31518794883293|24413&4&444.16709231355503|24416&4&-6.039613253960852E-14|24419&4&727.9516122083166|24420&4&28.667407076493376|24426&4&-1.687538997430238E-14|24430&4&424.8081994734838|24431&4&284.4566087027016|24433&4&31.488385374743398|24434&4&1110.3151115154224|24435&4&423.937802069929|24437&4&2.042810365310288E-14|24439&4&57.80823287205759|24440&4&112.39865496269923|24442&4&41.939906042224344|24448&4&225.06403287318216|24454&4&395.1205465846478|24455&4&11.281492187245707|24456&4&431.4868437495815|24457&4&216.94260489062316|24469&4&60.95083604055469|24473&4&585.3617147862844|24476&4&123.85735897014457|24479&4&400.44983069771865|24482&4&225.3409973816853|24486&4&232.62339133497855|24487&4&143.1379748345206|24488&4&666.1464548459132|24495&4&394.17411176743354|24500&4&53.35372020894179|24502&4&23.147136839272136|24509&4&20.50481206983533|24511&4&94.51506722775059|24512&4&17.745565805492753,2|24397&4&1079.4982882362817|24402&4&204.83475568892607|24405&4&137.1077848502358|24414&4&125.50336712399456|24415&4&144.94064935113977|24422&4&5.010139673729039|24426&4&217.52225564897003|24432&4&245.64693523164797|24437&4&575.1239504708593|24439&4&256.97490643315587|24446&4&1.1143819044019618|24447&4&29.375225416000895|24450&4&41.47468375852939|24451&4&16.212684885768596|24452&4&149.73827083695926|24464&4&287.4655553358169|24465&4&138.49978809938625|24468&4&162.76287539132977|24473&4&165.76694765245236|24478&4&665.2679832815286|24479&4&58.201621600602635|24485&4&443.13687641033033|24500&4&34.457074146828205|24508&4&6.07679340530021,2|24403&4&175.7504299411116|24405&4&284.6305581923541|24406&4&527.083940976074|24409&4&520.4614729399569|24415&4&469.281559650986|24417&4&483.47509271714887|24420&4&255.42947461512938|24426&4&403.05782688648674|24427&4&789.4400464770526|24439&4&106.85766058880955|24445&4&216.937425656344|24459&4&515.1136405197694|24460&4&66.47003258176349|24465&4&390.4778471089085|24466&4&72.8920346790442|24468&4&349.49149834121056|24473&4&-1.3322676295501878E-14|24474&4&86.2794610916799|24476&4&650.3438198767051|24480&4&210.21627441663748|24487&4&79.68828890493722|24502&4&52.42986784760221|24507&4&88.91016399159616|24511&4&21.9160382295614|24515&4&77.3129782812235,2|24403&4&116.69479956181041|24407&4&183.55474740068806|24417&4&520.9069699078899|24421&4&112.06051175099476|24432&4&256.12499622753705|24433&4&651.8840880753248|24439&4&281.22099235730053|24443&4&16.12211893511744|24445&4&399.8535490386125|24446&4&638.2466828539008|24452&4&114.7720835853755|24455&4&36.29583158863996|24456&4&5.064236478198427|24457&4&74.0295540169723|24458&4&1.199040866595169E-14|24460&4&204.81599760124314|24464&4&360.5002138641489|24469&4&1121.663207378553|24480&4&49.006131782542504|24483&4&597.0292292176999|24485&4&342.9304376025416|24502&4&3.3306690738754696E-15|24504&4&1.7935102898626436|24506&4&82.61404064606616|24508&4&95.07377816864674|24509&4&81.64711464702185|24512&4&1.5543122344752192E-15|24513&4&134.6089745719845,2|24398&4&204.31237383702154|24399&4&947.5938133076381|24404&4&316.4249896096693|24410&4&30.322205274993983|24411&4&219.00779269337986|24416&4&1456.442274832475|24429&4&42.45539986847577|24431&4&44.82160464702038|24433&4&249.24990015483235|24445&4&77.17010995844728|24449&4&892.1835700432216|24461&4&15.867222355097043|24468&4&17.953812810627554|24475&4&8.943599765268507|24477&4&614.4912184660113|24479&4&126.68902339971297|24484&4&6.079244410386132|24487&4&253.8543029725341|24495&4&188.40191802745596|24498&4&5.3277920772978575|24502&4&11.053392638969513|24514&4&109.7045390416641|24516&4&82.49452754771957,2|24404&4&813.4450365698608|24409&4&14.55222593167315|24414&4&51.47201506323674|24428&4&63.333959529722186|24431&4&395.21166401003296|24432&4&365.9488967700363|24433&4&66.35992819045823|24440&4&221.3087115004399|24448&4&46.791016893995604|24452&4&163.08030939542584|24456&4&42.98336233605052|24462&4&325.59908047014255|24463&4&189.62203279380344|24466&4&270.5981553477478|24471&4&586.6072022975998|24472&4&796.0166256598501|24476&4&69.2331432002296|24481&4&115.92085105020506|24483&4&256.8066791726657|24486&4&35.96667686701873|24487&4&73.71186703611126|24490&4&319.47014535596276|24497&4&12.226114998052354|24498&4&101.4933429290657|24499&4&38.936967694107125|24500&4&62.0364791562756|24502&4&3.6393852439826033,2|24400&4&369.4069547748687|24406&4&100.56191127342773|24414&4&150.5242708370419|24422&4&500.15351962498744|24426&4&86.54420892623304|24431&4&30.25258719039883|24435&4&35.55736029398921|24436&4&13.522733959863606|24441&4&307.67305077251683|24443&4&536.7670169077509|24444&4&744.5365274548312|24446&4&238.72484243927522|24451&4&147.4819429872951|24454&4&385.0182114912996|24455&4&76.32389400027647|24461&4&1103.180718344109|24472&4&117.68753471585995|24475&4&637.0556824038531|24485&4&94.84312184538057|24489&4&27.036898435046783|24490&4&380.0397954226841|24492&4&178.25162011394508|24499&4&65.46313485625049|24500&4&8.427436236384665|24503&4&30.527430055104006|24511&4&36.64830772287754,2|24403&4&89.57948347774018|24406&4&4.437337492423225|24410&4&578.328968172209|24412&4&795.2782425192852|24413&4&243.1298094931559|24417&4&25.008744943186418|24418&4&755.867137018814|24429&4&931.8286751525923|24430&4&289.8730241709468|24432&4&185.775075506343|24436&4&36.80797586020851|24438&4&20.96410365745396|24450&4&311.4886547734688|24455&4&442.4485138015054|24457&4&55.329941919594255|24458&4&660.3268747253037|24462&4&238.94019787540913|24467&4&724.5924980285822|24470&4&292.34456843561867|24482&4&691.4253295978735|24484&4&201.80967768065665|24491&4&319.421749262374|24493&4&19.685158143106896|24496&4&308.20327146563756|24504&4&129.97873444614126|24506&4&4.137247605013001|24509&4&12.085612519978284|24513&4&9.931279500935489,2|24402&4&149.49637191682655|24409&4&80.60832147117226|24420&4&74.66211170144419|24423&4&882.5795908719061|24436&4&5.026290662608279|24442&4&866.9618956286515|24453&4&959.3924464901376|24462&4&28.52193165160987|24467&4&348.8566601520882|24468&4&30.93436458229511|24486&4&123.33134070820087|24487&4&21.10881018458656|24489&4&492.0827730256376|24493&4&80.33572710911268|24497&4&89.50074882030064|24501&4&51.17920898805019|24502&4&22.649477588812843|24505&4&112.44227938006549|24506&4&12.85620213732439,2|24401&4&494.88203131082173|24409&4&371.3897340665112|24413&4&20.079998703585776|24414&4&46.20573323016674|24424&4&680.735603235951|24435&4&448.50133837981093|24436&4&600.3907250751278|24451&4&912.1491010284791|24455&4&60.75632249096568|24467&4&31.8500330735366|24478&4&65.14808603613184|24484&4&1003.4250074090874|24486&4&77.35723046012055|24491&4&644.8562113403664|24493&4&524.5955594632151|24494&4&660.4108703665335|24503&4&82.48666949034539
88|4,130,1,1,1,1,1,1,1,1,1,1,1,1,1,1,1,1,1,1,1,1,1,1,1,1,1,1,1,1,1,1,1,1,1,1,1,1,1,1,1,1,1,1,1,1,1,1,1,1,1,1,1,1,1,1,1,1,1,1,1,1,1,1,1,1,1,1,1,1,1,1,1,1,1,1,1,1,1,1,1,1,1,1,1,1,1,1,1,1,1,1,1,1,1,1,1,1,1,1,1,1,0,0,0,0,0,0,0,0,0,0,0,0,0,0,0,0,0,0,0,0,2|24408&4&79.35547101066629|24413&4&564.1892661976535|24419&4&751.7551215320325|24420&4&25.80066636884404|24430&4&399.9348595740101|24431&4&265.96192283351456|24433&4&16.183379821723165|24434&4&1082.0461864152217|24435&4&381.7777496539062|24439&4&39.47938376763507|24440&4&96.32120201169758|24442&4&21.277302138923005|24448&4&209.5513971976514|24454&4&370.3169264401637|24455&4&4.174634091021882|24456&4&417.96542729101213|24457&4&202.07325532795036|24469&4&38.816284342822186|24473&4&541.423883698732|24476&4&115.7920908590788|24479&4&568.5535866633136|24482&4&187.75481181182616|24486&4&254.20642445050123|24487&4&133.19491612660698|24488&4&607.8617249767963|24495&4&345.24780586896134|24500&4&48.6018329871348|24502&4&20.922197665170106|24509&4&19.298646653962663|24511&4&88.21966988146838|24512&4&16.47809034321528,2|24397&4&984.4221706953897|24402&4&193.67426796543367|24405&4&107.91749410284211|24406&4&54.797974551283176|24414&4&117.82454614131038|24415&4&114.86079723646412|24422&4&1.9195336605076823|24426&4&217.3559456064693|24432&4&198.96842819820793|24437&4&498.20357151810464|24439&4&347.2980740578346|24446&4&-7.549516567451064E-15|24447&4&27.53927382750084|24450&4&87.22797974253236|24451&4&5.607119583272194|24452&4&119.69326525273901|24464&4&236.7021119132601|24465&4&240.27270441473576|24468&4&153.45818416085666|24473&4&130.25291762569842|24478&4&748.7496257315559|24479&4&30.82266596529655|24485&4&417.2835611258229|24500&4&27.96864900093322|24508&4&4.981709915842407,2|24403&4&162.99880009525222|24405&4&264.5832423726208|24406&4&488.55926710967555|24409&4&489.36934299627694|24415&4&491.07826057896193|24417&4&457.13489794758607|24420&4&236.76963241728285|24426&4&371.64016202766163|24427&4&817.9875225421122|24439&4&92.72464182076418|24445&4&203.91124249318727|24459&4&462.40504344229305|24460&4&61.35695315239707|24465&4&336.7909091943155|24466&4&67.63325810287176|24468&4&318.3815832098161|24474&4&199.56992151894053|24476&4&602.4416363242764|24480&4&172.82306755567254|24487&4&73.04759816285912|24502&4&48.86165202227395|24507&4&81.39662174404593|24511&4&20.01143152051611|24515&4&71.05562848461989,2|24403&4&85.81015450533192|24407&4&164.7109376670759|24417&4&471.16409508203054|24421&4&115.95709767851412|24432&4&236.56885890004395|24433&4&605.0750457598865|24439&4&255.63227284325166|24443&4&6.772359143418139|24445&4&352.1511976902572|24446&4&663.7976673906421|24452&4&151.23587417137023|24455&4&31.694233478733718|24456&4&1.2324654454250337|24457&4&44.61683884500253|24460&4&178.7743133098056|24464&4&335.3594453950372|24469&4&1202.3870785477798|24480&4&45.739056330373|24483&4&726.6326559139139|24485&4&313.92162452440255|24504&4&1.3451327173969823|24506&4&77.18253773570818|24508&4&87.8821699589222|24509&4&74.33535529409872|24513&4&122.05481505382902,2|24398&4&192.95466950986798|24399&4&849.4019554620482|24404&4&271.14416767915844|24410&4&15.612009509146116|24411&4&207.27101764730145|24416&4&1494.5918686371524|24425&4&57.97373775265088|24429&4&33.9643198947806|24431&4&232.6277743638055|24433&4&282.0230670041296|24445&4&184.6309456060044|24449&4&995.2245736878112|24461&4&4.02936685993626|24468&4&13.465359607970658|24475&4&3.114244790862226|24477&4&537.847847669944|24479&4&113.54483797120511|24484&4&3.730349362740526E-14|24487&4&252.30481531847286|24495&4&178.80510634478622|24498&4&3.1729761027375214|24502&4&10.500723007021037|24514&4&97.99991462389289|24516&4&85.85787124885653,2|24404&4&763.338680847402|24409&4&10.914169448754862|24414&4&43.21091637219003|24428&4&59.9200452059115|24431&4&338.1233589036021|24432&4&343.6957148391541|24433&4&53.89064796929337|24440&4&205.68911456976997|24448&4&43.19170790214979|24452&4&151.44186758930857|24456&4&30.824085660379666|24462&4&381.9227741523243|24463&4&222.19947770040616|24466&4&235.3832994489813|24471&4&0.0|24472&4&717.5757824143943|24476&4&55.064531229030564|24481&4&108.72728610016497|24483&4&213.26729198113165|24486&4&21.34025166776219|24487&4&65.68840102801943|24490&4&298.6542396023993|24497&4&10.48823702284704|24498&4&93.43415152970222|24499&4&36.49566056279514|24500&4&58.0518467663216|24502&4&1.8149775361443266,2|24400&4&333.3430796845035|24404&4&67.00762755142387|24406&4&77.8790757333357|24414&4&175.43515014172215|24422&4&451.6775620213534|24426&4&66.11451634276827|24431&4&18.39586088226624|24435&4&28.994103526401673|24436&4&212.23933280903188|24441&4&274.85925305326987|24443&4&586.2465462894747|24444&4&684.5094643044192|24446&4&200.27482472408738|24451&4&118.45801377568883|24454&4&338.4262780783977|24455&4&56.431537109659494|24461&4&1219.3997055320342|24472&4&111.80315798006696|24475&4&624.5626715018827|24476&4&112.94253717135541|24485&4&72.38551710001349|24489&4&14.244008966703516|24490&4&349.329085833269|24492&4&273.58265271673815|24499&4&57.10113665111405|24500&4&8.006064424565432|24503&4&26.144911444311447|24504&4&15.960768550442026|24511&4&30.56735720437341,2|24403&4&294.50849374661846|24406&4&1.2953935364531277|24410&4&539.3947295561837|24412&4&807.7792932789193|24413&4&213.66827968407694|24417&4&13.924452429692435|24418&4&739.4299192413453|24429&4&915.4583589624042|24430&4&241.43396001421465|24432&4&246.68475529391375|24436&4&26.38943968954557|24438&4&67.60091573998767|24450&4&261.4864160059356|24455&4&418.2066644529028|24457&4&46.20132270266581|24458&4&626.2456911888758|24462&4&213.07578831824736|24467&4&796.6773346012802|24470&4&266.08691210034544|24482&4&692.7393563506441|24484&4&166.67626407119738|24491&4&270.95429892934527|24493&4&9.185179113083924|24496&4&281.82372427431665|24504&4&119.00814202155085|24506&4&2.9825252730175302|24509&4&9.079762921324189|24513&4&9.434715525888715,2|24402&4&137.4854714277737|24409&4&67.45467933285039|24420&4&53.73517694449958|24423&4&805.5567368643988|24436&4&4.188575552173567|24442&4&1009.364532531018|24453&4&928.5657116924056|24462&4&21.391448738707382|24467&4&310.07144248648547|24468&4&25.77863715191259|24486&4&109.46931982089275|24487&4&17.590675153822133|24489&4&462.4686683288628|24493&4&68.85919466495372|24497&4&82.55721117958487|24501&4&47.01536187174043|24502&4&18.94410278160815|24505&4&102.52948597866013|24506&4&10.709259901967787,2|24401&4&474.44926079124616|24409&4&339.39369109980964|24413&4&10.50390453801602|24414&4&22.97451539763924|24424&4&597.7289071024313|24435&4&477.5969109997248|24436&4&559.6724325015724|24451&4&923.6974682158623|24455&4&56.08275922242986|24467&4&20.13423363205257|24478&4&41.861668723346504|24484&4&934.605514480911|24486&4&70.67651662619592|24491&4&644.2479493105243|24493&4&538.5596736871952|24494&4&730.7706721457505|24503&4&76.58754880316572
89|4,130,1,1,1,1,1,1,1,1,1,1,1,1,1,1,1,1,1,1,1,1,1,1,1,1,1,1,1,1,1,1,1,1,1,1,1,1,1,1,1,1,1,1,1,1,1,1,1,1,1,1,1,1,1,1,1,1,1,1,1,1,1,1,1,1,1,1,1,1,1,1,1,1,1,1,1,1,1,1,1,1,1,1,1,1,1,1,1,1,1,1,1,1,1,1,1,1,1,1,1,1,0,0,0,0,0,0,0,0,0,0,0,0,0,0,0,0,0,0,0,0,2|24408&4&167.20632597019477|24413&4&661.417942791978|24419&4&722.7283796244704|24420&4&22.933925661194706|24430&4&375.0615196745363|24431&4&247.46723696432758|24433&4&5.489754650494305|24434&4&986.9818202853046|24435&4&341.81915175993583|24439&4&26.439602500410366|24440&4&80.24374906069593|24442&4&7.126231709927334|24448&4&194.03876152212064|24454&4&345.5133062956796|24455&4&0.0|24456&4&454.59354488079003|24457&4&214.4988284464942|24469&4&22.51406728276371|24473&4&497.48605261117916|24476&4&107.72682274801303|24479&4&747.4068758174221|24482&4&153.6560673404531|24486&4&364.5493619975941|24487&4&123.25185741869338|24488&4&598.5621179206291|24495&4&298.8136895050407|24500&4&43.84994576532781|24502&4&18.697258491068077|24509&4&18.092481238089995|24511&4&81.92427253518619|24512&4&15.210614880937808,2|24397&4&891.3996679394943|24402&4&182.5137802419413|24405&4&142.3393259537702|24406&4&171.56196373114275|24414&4&110.14572515862619|24415&4&89.83390195889297|24420&4&59.57268113683264|24422&4&-1.3766765505351941E-14|24426&4&237.6769649355393|24432&4&154.69002996794066|24437&4&452.3965893713599|24439&4&441.76546796782577|24447&4&25.703322239000784|24450&4&244.47837435440863|24451&4&-5.6843418860808015E-14|24452&4&92.14091375421695|24464&4&190.57096861502947|24465&4&260.8977748125918|24468&4&144.15349293038358|24473&4&99.17660716322195|24478&4&760.80734328622|24479&4&12.377885410420586|24485&4&391.43024584131547|24500&4&22.137177993629187|24508&4&3.8866264263846038,2|24403&4&150.24717024939287|24405&4&244.53592655288756|24406&4&450.0345932432771|24409&4&541.1320149917614|24415&4&456.90774098372805|24417&4&430.7947031780232|24420&4&218.10979021943638|24426&4&340.2224971688365|24427&4&768.2707926690819|24439&4&78.5916230527188|24445&4&190.88505933003051|24459&4&488.2856193035201|24460&4&56.243873723030646|24465&4&288.14937371842063|24466&4&62.374481526699334|24468&4&287.27166807842167|24474&4&189.3757267902643|24476&4&554.5394527718474|24480&4&137.29294310109282|24487&4&66.40690742078101|24502&4&45.293436196945684|24507&4&73.8830794964957|24511&4&18.106824811470815|24515&4&65.68991402806881,2|24403&4&61.7447244688197|24407&4&145.86712793346376|24417&4&421.42122025617124|24421&4&145.74446739132622|24432&4&217.01272157255084|24433&4&558.2660034444482|24439&4&230.04355332920284|24443&4&3.375077994860476E-14|24445&4&304.4488463419019|24446&4&767.9598679248538|24452&4&164.4943466625993|24455&4&27.092635368827473|24456&4&-7.105427357601002E-15|24457&4&22.127756346460586|24460&4&152.732629018368|24464&4&310.21867692592554|24469&4&1226.5078920899762|24480&4&102.74370656746675|24483&4&839.132857284739|24485&4&284.91281144626345|24504&4&0.896755144931321|24506&4&71.75103482535022|24508&4&80.69056174919768|24509&4&67.02359594117557|24513&4&109.50065553567352,2|24398&4&213.38789668693437|24399&4&901.6964841622216|24404&4&227.45376057091306|24410&4&6.967882197440993|24411&4&195.53424260122307|24416&4&1449.0079331444172|24425&4&114.46226602325044|24429&4&25.47323992108543|24431&4&469.20108487281254|24433&4&326.62605660947605|24445&4&174.93490598853404|24449&4&904.4980142291683|24461&4&-7.105427357601002E-15|24468&4&8.976906405313763|24475&4&1.865174681370263E-14|24477&4&656.2088554535845|24479&4&100.40065254269724|24487&4&255.84805364273487|24495&4&169.2082946621165|24498&4&1.5688991746083887|24502&4&9.948053375072561|24514&4&86.38538727228392|24516&4&96.07289355432272,2|24404&4&713.2323251249434|24409&4&7.276112965836575|24414&4&34.949817681143315|24428&4&56.50613088210081|24431&4&286.75943937890065|24432&4&321.4425329082719|24433&4&41.42136774812851|24440&4&190.06951763910007|24448&4&39.59239891030397|24452&4&139.8034257831913|24456&4&18.664808984708813|24462&4&357.7781306282061|24463&4&206.79117469441073|24466&4&200.1684435502148|24472&4&646.8193289851071|24476&4&40.89591925783152|24481&4&101.53372115012489|24483&4&169.72790478959757|24486&4&9.217264825302234|24487&4&57.66493501992758|24490&4&277.83833384883576|24497&4&8.750359047641723|24498&4&85.37496013033876|24499&4&34.05435343148314|24500&4&54.0672143763676|24502&4&0.6080714574336358,2|24400&4&297.27920459413826|24404&4&167.19002319887403|24406&4&55.19624019324368|24410&4&90.69386058773051|24414&4&448.5563973112407|24422&4&403.2016044177193|24426&4&45.68482375930351|24431&4&6.5391345741336515|24435&4&22.430846758814134|24436&4&208.14153789782293|24441&4&238.25661249222398|24443&4&658.5856441368148|24444&4&644.1490096524747|24445&4&63.297314743014795|24446&4&161.82480700889948|24449&4&91.75122118826016|24451&4&89.43408456408255|24454&4&291.8343446654957|24455&4&36.539180219042514|24461&4&1233.2798308253336|24463&4&42.52800365024186|24472&4&112.63075490183249|24475&4&623.970271136189|24476&4&207.1818672090098|24485&4&49.92791235464641|24489&4&4.959600566687903|24490&4&309.7398828133083|24492&4&252.36647229345007|24493&4&112.55142997131617|24499&4&48.7391384459776|24500&4&7.584692612746199|24503&4&21.762392833518888|24504&4&36.842844295818395|24511&4&24.768600642311945,2|24403&4&393.95229889262356|24406&4&8.43769498715119E-15|24410&4&500.4604909401585|24412&4&835.2819648914372|24413&4&184.20674987499797|24417&4&5.5669219100544485|24418&4&676.0650554437511|24429&4&842.1122795699056|24430&4&199.9948579072633|24432&4&244.90354451143645|24436&4&22.91390491698491|24438&4&64.08274507363778|24450&4&217.5819801981633|24455&4&462.9475900911045|24457&4&37.07270348573738|24458&4&612.0375530484994|24462&4&187.2113787610856|24467&4&963.3930239984536|24468&4&8.049816079864854|24470&4&239.82925576507233|24482&4&706.5270929389769|24484&4&131.54285046173814|24491&4&224.57809688262742|24493&4&1.4618814472180592|24496&4&255.44417708299574|24504&4&108.03754959696045|24506&4&1.827802941022064|24509&4&6.132589039979202|24513&4&8.93815155084194,2|24402&4&125.47457093872082|24409&4&54.301037194528526|24420&4&34.84214820518757|24423&4&792.3443916002375|24436&4&3.3508604417388543|24442&4&1112.7444197693897|24453&4&957.0646083009404|24462&4&14.260965825804895|24467&4&271.28622482088275|24468&4&20.62290972153007|24486&4&95.60729893358464|24487&4&14.072540123057706|24489&4&424.8435589957776|24493&4&57.38266222079476|24497&4&75.61367353886911|24501&4&43.883511082544636|24502&4&15.23872797440346|24505&4&103.45646789880234|24506&4&8.562317666611184,2|24401&4&610.7424684556723|24409&4&307.397648133108|24413&4&3.694272853191744|24414&4&7.461252943153287|24424&4&724.7518864353494|24435&4&502.76916903821757|24436&4&518.954139928017|24451&4&931.2658522306001|24455&4&51.409195953894034|24467&4&8.41843419056854|24478&4&26.41575275093286|24484&4&865.7860215527344|24486&4&63.99580279227129|24491&4&618.5112672666581|24493&4&505.6803387002313|24494&4&730.8976930379712|24503&4&70.68842811598603
90|4,130,1,1,1,1,1,1,1,1,1,1,1,1,1,1,1,1,1,1,1,1,1,1,1,1,1,1,1,1,1,1,1,1,1,1,1,1,1,1,1,1,1,1,1,1,1,1,1,1,1,1,1,1,1,1,1,1,1,1,1,1,1,1,1,1,1,1,1,1,1,1,1,1,1,1,1,1,1,1,1,1,1,1,1,1,1,1,1,1,1,1,1,1,1,1,1,1,1,1,1,1,0,0,0,0,0,0,0,0,0,0,0,0,0,0,0,0,0,0,0,0,2|24408&4&177.95750231307295|24413&4&621.242894918405|24419&4&650.1637852989492|24420&4&20.06718495354537|24430&4&350.18817977506257|24431&4&228.9725510951406|24433&4&2.3092638912203256E-14|24434&4&921.6616813833142|24435&4&303.7769234556103|24439&4&16.946365967905074|24440&4&64.16629610969429|24442&4&-2.8421709430404007E-14|24448&4&178.52612584658988|24454&4&518.7404392212214|24456&4&424.78483797319956|24457&4&198.26473274976058|24469&4&9.34909371701561|24473&4&453.5482215236266|24476&4&101.4663852368045|24479&4&852.6755764793322|24482&4&122.02366442572858|24486&4&417.31014947096793|24487&4&113.30879871077977|24488&4&637.3727154424207|24495&4&254.28359520804872|24500&4&39.09805854352083|24502&4&16.472319316966043|24509&4&16.886315822217327|24511&4&75.62887518890398|24512&4&13.943139418660337,2|24397&4&800.4500522612351|24402&4&171.35329251844894|24405&4&115.68943210486688|24406&4&288.1722574120473|24414&4&102.466904175942|24415&4&67.46018411192458|24420&4&58.365131094454114|24426&4&294.7486672039306|24432&4&117.71330182715519|24437&4&386.5839355143226|24439&4&416.7310946859074|24447&4&23.867370650500728|24450&4&403.96360251710644|24452&4&70.8576428744074|24464&4&150.06906789485743|24465&4&382.2808689146335|24468&4&134.8488016999105|24473&4&73.5538564384552|24478&4&853.7799728498121|24479&4&2.725657712548289|24485&4&393.6824699178087|24500&4&16.92396874775036|24508&4&2.7915429369268008,2|24403&4&137.49554040353348|24405&4&224.48861073315427|24406&4&411.5099193768786|24409&4&505.89714495112327|24415&4&422.73722138849416|24417&4&532.2781051961861|24420&4&199.4499480215899|24426&4&308.8048323100114|24427&4&737.2505920901489|24439&4&64.45860428467341|24445&4&177.85887616687376|24459&4&446.8444948318604|24460&4&62.39295098463947|24465&4&244.9904877679469|24466&4&57.115704950526904|24468&4&256.1617529470272|24474&4&179.1815320615881|24476&4&506.6372692194186|24480&4&107.47071040994592|24487&4&59.766216678702904|24502&4&41.725220371617425|24507&4&66.36953724894546|24511&4&16.20221810242552|24515&4&68.38003906492779,2|24403&4&40.957243403115406|24407&4&127.0233181998516|24417&4&371.67834543031194|24421&4&135.90362521690915|24432&4&197.45658424505774|24433&4&511.4569611290099|24439&4&204.45483381515396|24445&4&256.74649499354655|24446&4&805.5201196153313|24452&4&265.9133110453668|24455&4&22.491037258921228|24457&4&7.216431309439064|24460&4&126.69094472693043|24464&4&285.0779084568138|24469&4&1313.283894102931|24480&4&96.46304483083408|24483&4&927.7379694079008|24485&4&255.9039983681244|24504&4&0.4483775724656598|24506&4&66.31953191499224|24508&4&73.49895353947315|24509&4&59.71183658825244|24513&4&97.52420944530017,2|24398&4&239.7139302948984|24399&4&933.3352873622|24404&4&187.20258373662665|24410&4&3.2924072091529695|24411&4&183.79746755514466|24416&4&1524.8290090624264|24425&4&108.5942183777063|24429&4&16.982159947390258|24431&4&648.3857155414269|24433&4&465.1149100881915|24445&4&165.2388663710637|24449&4&817.6314406916283|24468&4&4.488453202656866|24477&4&765.9833112708964|24479&4&87.25646711418939|24487&4&241.03411293844863|24495&4&159.61148297944675|24498&4&0.5196761722431702|24502&4&11.85619794867577|24514&4&75.29452452512167|24516&4&98.9101866469022,2|24404&4&663.1259694024845|24409&4&3.6380564829182873|24414&4&26.6887189900966|24425&4&29.6727774591927|24428&4&53.092216558290126|24431&4&235.39551985419934|24432&4&299.1893509773897|24433&4&28.952087526963652|24440&4&174.44992070843014|24448&4&35.99308991845815|24452&4&128.16498397707403|24456&4&135.24862329831163|24462&4&332.55399257336586|24463&4&191.3828716884153|24466&4&164.95358765144826|24472&4&576.0628755558198|24476&4&26.727307286632485|24481&4&94.3401562000848|24483&4&130.71158236037962|24486&4&2.588739989458477|24487&4&58.137984982208444|24490&4&257.02242809527235|24497&4&7.012481072436407|24498&4&77.3157687309753|24499&4&31.61304630017115|24500&4&50.08258198641361|24502&4&1.5543122344752192E-15,2|24400&4&261.215329503773|24404&4&246.10433156372977|24406&4&32.51340465315165|24410&4&91.92506877604315|24414&4&447.19407914652027|24422&4&354.7256468140853|24426&4&25.255131175838756|24431&4&4.796163466380676E-14|24435&4&15.867589991226595|24436&4&206.03299148827952|24441&4&210.43274483125157|24443&4&645.1715548969173|24444&4&675.897503249379|24445&4&130.50844935565507|24446&4&128.1678038861285|24449&4&253.95972665195654|24451&4&60.410155352476295|24454&4&245.24241125259374|24455&4&16.64682332842554|24461&4&1172.7233839088544|24463&4&101.64119634288647|24472&4&222.4949233460669|24473&4&49.337007084158245|24475&4&608.0485735387675|24476&4&207.57946151017345|24485&4&34.25122811474592|24489&4&3.375077994860476E-14|24490&4&272.97006886337056|24492&4&231.15029187016196|24493&4&182.0954811701937|24499&4&40.790707223286645|24500&4&10.561465401917657|24503&4&17.37987422272633|24504&4&57.6191807864262|24511&4&19.56946373539169,2|24401&4&194.60910041713169|24403&4&380.7119953797553|24410&4&461.5262523241332|24412&4&919.923925504062|24413&4&154.74522006591903|24417&4&3.730349362740526E-14|24418&4&634.354882517793|24429&4&896.1013579047221|24430&4&158.71724603679007|24432&4&325.70683924705276|24436&4&19.438370144424283|24438&4&60.56457440728788|24450&4&178.14827223604658|24455&4&634.1253197775457|24457&4&302.8421501389959|24458&4&575.0978327233603|24462&4&161.34696920392383|24467&4&999.5313984495095|24468&4&7.647325275871611|24470&4&213.57159942979916|24482&4&772.489427746153|24484&4&96.40943685227889|24491&4&178.20189483590957|24493&4&9.325873406851315E-15|24496&4&229.06462989167488|24504&4&97.06695717237002|24506&4&0.6730806090265978|24509&4&3.7038515273684456|24513&4&26.15223747445519,2|24402&4&113.46367044966796|24409&4&41.14739505620666|24420&4&20.97465928807339|24423&4&793.537065184972|24436&4&2.513145331304142|24442&4&1071.70513511642|24453&4&944.8498258236498|24462&4&7.1304829129024085|24467&4&232.50100715528|24468&4&15.46718229114755|24486&4&81.74527804627652|24487&4&10.55440509229328|24489&4&462.1376704496865|24493&4&45.906129776635794|24497&4&68.67013589815335|24498&4&10.943843445862854|24501&4&53.74550090492108|24502&4&11.53335316719877|24505&4&112.9306788976558|24506&4&6.415375431254581,2|24401&4&542.5500820783643|24409&4&275.40160516640645|24413&4&-2.042810365310288E-14|24414&4&2.6645352591003757E-14|24424&4&677.8794502290664|24435&4&499.0214675700843|24436&4&478.2358473544616|24451&4&901.2846251757696|24455&4&46.73563268535821|24467&4&-5.6843418860808015E-14|24478&4&17.01158013305899|24484&4&808.104934376697|24486&4&57.315088958346664|24491&4&574.639530707404|24493&4&472.8010037132673|24494&4&747.9838066871952|24503&4&64.78930742880632
91|4,130,1,1,1,1,1,1,1,1,1,1,1,1,1,1,1,1,1,1,1,1,1,1,1,1,1,1,1,1,1,1,1,1,1,1,1,1,1,1,1,1,1,1,1,1,1,1,1,1,1,1,1,1,1,1,1,1,1,1,1,1,1,1,1,1,1,1,1,1,1,1,1,1,1,1,1,1,1,1,1,1,1,1,1,1,1,1,1,1,1,1,1,1,1,1,1,1,1,1,1,1,0,0,0,0,0,0,0,0,0,0,0,0,0,0,0,0,0,0,0,0,2|24408&4&237.51500949589237|24413&4&581.067847044832|24419&4&580.4232340262084|24420&4&17.200444245896037|24430&4&325.31483987558886|24431&4&210.4778652259536|24434&4&881.8246841183692|24435&4&266.9951756823419|24439&4&8.701898835993028|24440&4&48.08884315869265|24448&4&163.01349017105912|24454&4&499.1961497775952|24456&4&394.9761310656092|24457&4&182.03063705302694|24469&4&2.369441763265164|24473&4&409.6103904360739|24476&4&95.20594772559596|24479&4&798.3435473648425|24482&4&97.72010390534234|24486&4&392.9549749493916|24487&4&103.36574000286615|24488&4&588.0205796931939|24495&4&211.1518078247576|24500&4&34.34617132171385|24502&4&14.24738014286401|24509&4&15.68015040634466|24511&4&69.33347784262179|24512&4&12.675663956382866,2|24397&4&716.1538905385254|24402&4&160.19280479495654|24405&4&239.60686989641363|24406&4&389.70247035875394|24414&4&94.7880831932578|24415&4&51.11138827944322|24420&4&162.57656280942163|24426&4&405.30436684297285|24432&4&86.47785508836628|24437&4&379.37333947225306|24439&4&391.69672140398916|24447&4&22.031419062000673|24450&4&487.66602738262907|24452&4&52.18204082274306|24464&4&113.58671370512073|24465&4&397.1033752519133|24468&4&125.54411046943738|24473&4&54.16288793784781|24478&4&837.1857357011083|24479&4&0.0|24485&4&450.1817348069466|24500&4&12.36027353846494|24508&4&1.6964594474689982,2|24403&4&124.74391055767411|24405&4&204.44129491342102|24406&4&372.98524551048007|24409&4&629.142606443369|24415&4&388.56670179326017|24417&4&682.0080678785389|24420&4&180.79010582374343|24422&4&71.12816372088346|24426&4&277.3871674511864|24427&4&666.5697167617936|24431&4&137.25397637992228|24439&4&50.32558551662804|24445&4&164.83269300371703|24455&4&187.78875701425113|24459&4&397.53809722277055|24460&4&114.83501242610649|24463&4&135.39095518343066|24465&4&207.4324690578902|24466&4&197.94295796763757|24468&4&337.29159269874924|24474&4&184.43408412171306|24476&4&458.73508566698973|24480&4&0.0|24486&4&123.87424259984391|24487&4&53.1255259366248|24489&4&54.711393917296704|24502&4&38.15700454628916|24507&4&58.855995001395236|24511&4&14.297611393380224|24515&4&78.29686867667127,2|24403&4&23.402014707272482|24407&4&108.17950846623944|24417&4&321.9354706044527|24421&4&126.06278304249207|24432&4&177.90044691756458|24433&4&464.64791881357166|24439&4&178.8661143011051|24445&4&209.04414364519127|24446&4&798.3006115044318|24452&4&358.13801075589623|24455&4&17.889439149014983|24457&4&-4.085620730620576E-14|24460&4&100.64926043549285|24464&4&320.1833485502452|24469&4&1304.159213904993|24480&4&0.0|24483&4&862.2212169877552|24485&4&226.8951852899854|24504&4&-1.4432899320127035E-15|24506&4&60.88802900463427|24508&4&66.30734532974863|24509&4&52.4000772353293|24513&4&86.06335151883273,2|24398&4&224.80301516701746|24399&4&1110.904147330893|24404&4&148.51615461462754|24410&4&1.4917289053385818|24411&4&193.34079327571584|24416&4&1513.9690328109773|24425&4&102.72617073216216|24429&4&8.491079973695086|24431&4&613.9908047943003|24433&4&589.1286418731004|24445&4&155.54282675359332|24449&4&735.6715793319011|24468&4&-3.019806626980426E-14|24477&4&809.0356347510968|24479&4&74.11228168568154|24487&4&226.22017223416242|24495&4&150.014671296777|24498&4&-2.6645352591003757E-15|24502&4&24.964823941745784|24514&4&64.75296477166458|24516&4&108.87247265769825,2|24404&4&613.0196136800258|24409&4&0.0|24414&4&18.427620299049885|24425&4&134.00516264448783|24428&4&49.67830223447944|24431&4&184.031600329498|24432&4&276.93616904650753|24433&4&16.482807305798794|24440&4&158.8303237777602|24448&4&32.39378092661234|24452&4&116.52654217095673|24456&4&168.38433568454786|24462&4&307.3298545185257|24463&4&175.97456868241986|24466&4&129.73873175268173|24472&4&505.30642212653254|24476&4&12.558695315433445|24481&4&87.14659125004472|24483&4&98.69341129872852|24486&4&1.865174681370263E-14|24487&4&49.68969317559797|24490&4&236.20652234170885|24492&4&25.16929640745849|24497&4&5.2746030972310916|24498&4&69.25657733161184|24499&4&29.171739168859155|24500&4&46.097949596459614|24504&4&22.80638398044128,2|24400&4&319.59933315682594|24404&4&338.73499594832276|24406&4&15.481534231355145|24410&4&87.10208068577167|24414&4&556.1541408745773|24422&4&307.82371735397555|24426&4&6.351128925214326|24435&4&9.304333223639059|24436&4&194.61658778502039|24441&4&182.60887717027907|24443&4&596.4454908038099|24444&4&827.6600251489522|24445&4&257.2192523298154|24446&4&96.69105964929265|24449&4&241.03236226638808|24451&4&37.63399425268081|24454&4&199.33949067589407|24455&4&4.324558176889077|24461&4&1105.0764424620643|24463&4&96.45281651661655|24472&4&288.47694446908383|24473&4&78.64054439129217|24475&4&587.0883112250448|24476&4&290.8790382222073|24485&4&26.351205637079598|24490&4&236.92631772558886|24492&4&209.93411144687389|24493&4&230.1296108372777|24499&4&33.219074487774854|24500&4&30.448397532775086|24503&4&12.99735561193377|24504&4&54.60421761892043|24511&4&14.971783087952167,2|24401&4&184.8786453962751|24403&4&359.294131344142|24410&4&422.59201370810797|24412&4&870.8909055383688|24413&4&125.28369025684007|24418&4&673.5628009685586|24429&4&859.4542439782065|24430&4&120.32060501702833|24432&4&493.4561715784471|24436&4&15.962835371863655|24438&4&86.33747039506619|24450&4&142.2162063683577|24455&4&596.4908957903837|24457&4&386.2220314366111|24458&4&525.2147459937285|24462&4&135.48255964676207|24467&4&1078.0570791756156|24468&4&7.244834471878368|24470&4&187.313943094526|24482&4&792.8627494713533|24484&4&61.276023242819626|24491&4&131.85408784863074|24496&4&202.68508270035397|24504&4&86.09636474777963|24506&4&5.551115123125783E-15|24509&4&1.8706299896267296|24513&4&24.770141004475416,2|24402&4&101.45276996061509|24409&4&27.99375291788479|24420&4&8.538010323174412|24423&4&777.9720887246613|24436&4&1.67543022086943|24442&4&1010.9737054242369|24453&4&950.7484893371367|24462&4&-7.815970093361102E-14|24467&4&193.71578948967726|24468&4&10.311454860765028|24486&4&67.88325715896839|24487&4&7.036270061528853|24489&4&409.7834647659489|24493&4&34.42959733247683|24497&4&61.72659825743756|24498&4&22.340476859058064|24501&4&56.12533421268845|24502&4&7.827978359994078|24505&4&122.04172968214681|24506&4&4.268433195897979,2|24401&4&481.5673410494438|24409&4&243.4055621997048|24415&4&38.96706308007657|24424&4&701.8577648097637|24435&4&636.4652963145581|24436&4&437.5175547809062|24451&4&1031.1768074286615|24455&4&42.06206941682239|24478&4&13.919916646066188|24484&4&855.5388179038329|24486&4&50.634375124422036|24491&4&689.4633607791502|24493&4&439.9216687263033|24494&4&788.2536588627463|24503&4&58.890186741626636
92|4,130,1,1,1,1,1,1,1,1,1,1,1,1,1,1,1,1,1,1,1,1,1,1,1,1,1,1,1,1,1,1,1,1,1,1,1,1,1,1,1,1,1,1,1,1,1,1,1,1,1,1,1,1,1,1,1,1,1,1,1,1,1,1,1,1,1,1,1,1,1,1,1,1,1,1,1,1,1,1,1,1,1,1,1,1,1,1,1,1,1,1,1,1,1,1,1,1,1,1,1,1,0,0,0,0,0,0,0,0,0,0,0,0,0,0,0,0,0,0,0,0,2|24408&4&242.01183666932587|24413&4&540.8927991712591|24419&4&511.49594955021934|24420&4&14.3337035382467|24430&4&324.00190480873823|24431&4&191.98317935676658|24434&4&856.1790039573048|24435&4&237.388978304371|24439&4&4.350949417996499|24440&4&32.011390207691|24448&4&166.1124026001085|24454&4&592.8101067095565|24456&4&365.1674241580187|24457&4&165.79654135629332|24469&4&-1.0658141036401503E-14|24473&4&365.6725593485211|24476&4&88.94551021438743|24479&4&753.9819581633469|24482&4&77.649436371294|24486&4&368.5998004278153|24487&4&93.42268129495253|24488&4&609.2505068292036|24495&4&175.19527506645605|24500&4&29.594284099906865|24502&4&12.022440968761979|24509&4&14.473984990471994|24511&4&63.03808049633959|24512&4&16.19320416783774,2|24397&4&634.9766246662414|24402&4&149.03231707146415|24405&4&417.8372188965331|24406&4&368.8955291251349|24414&4&87.10926221057362|24415&4&34.762592446961904|24420&4&228.6033424347429|24426&4&382.06481339603175|24432&4&58.76748022348321|24437&4&537.1171012227367|24439&4&378.2003306723588|24447&4&20.195467473500617|24450&4&581.7094169605318|24452&4&36.27661382743467|24464&4&81.92867640761088|24465&4&392.49078105137335|24468&4&116.23941923896429|24473&4&34.771919437240385|24478&4&771.0310577720455|24485&4&468.84446188313507|24500&4&8.443818729029303|24508&4&0.6013759580111955,2|24403&4&111.99228071181473|24405&4&184.39397909368773|24406&4&334.46057164408165|24409&4&585.9837198260866|24415&4&354.3961821980263|24417&4&700.4042555246634|24419&4&76.56844018815764|24420&4&162.13026362589696|24422&4&67.5717555348393|24426&4&245.9695025923613|24427&4&684.1541180107973|24431&4&196.1337021157971|24439&4&36.192566748582664|24445&4&151.8065098405603|24455&4&307.0519123938083|24459&4&351.43985570342045|24460&4&273.22231965785113|24463&4&128.62140742425913|24465&4&171.69699374344881|24466&4&223.00221006472668|24468&4&427.0630591382454|24474&4&182.18359743687074|24476&4&410.83290211456085|24486&4&117.68053046985172|24487&4&46.48483519454669|24489&4&275.13772931685565|24502&4&34.5887887209609|24507&4&51.342452753844995|24511&4&12.39300468433493|24515&4&81.08403925497592,2|24403&4&8.643051875738658|24407&4&89.33569873262729|24417&4&272.1925957785934|24421&4&116.22194086807501|24432&4&158.34430959007148|24433&4&417.8388764981333|24438&4&62.877987821456315|24439&4&153.27739478705627|24445&4&169.05024713009698|24446&4&897.6857419509283|24452&4&463.721269092361|24455&4&13.287841039108738|24460&4&74.60757614405526|24464&4&343.1005055966714|24469&4&1192.4700977362295|24471&4&39.610983571743986|24480&4&118.1459039354694|24483&4&829.6922435225208|24485&4&197.88637221184632|24506&4&55.4565260942763|24508&4&59.11573712002409|24509&4&45.08831788240617|24513&4&75.1270911494425,2|24398&4&219.05749413225004|24399&4&1156.2483759541203|24404&4&113.10229822527909|24410&4&-9.325873406851315E-15|24411&4&199.8210309280216|24416&4&1575.6980955005342|24425&4&96.85812308661801|24429&4&-8.526512829121202E-14|24431&4&579.5958940471737|24433&4&605.8661319951794|24445&4&145.84678713612294|24449&4&659.1363214057233|24477&4&727.5564335823867|24479&4&60.96809625717369|24487&4&211.40623152987615|24495&4&140.41785961410727|24502&4&23.599896782754925|24514&4&54.90409815802127|24516&4&118.51239935576368,2|24404&4&562.913257957567|24409&4&48.359845373766746|24414&4&16.584858269144938|24425&4&172.2179734386072|24428&4&105.04583011477081|24431&4&140.33696437118562|24432&4&366.43150448443316|24433&4&9.16740585591445|24440&4&143.21072684709029|24448&4&28.79447193476652|24452&4&104.88810036483946|24456&4&157.2505034036863|24462&4&282.10571646368555|24463&4&160.56626567642442|24466&4&106.30125075979338|24472&4&440.05978783632077|24476&4&-2.4868995751603507E-14|24481&4&79.95302630000464|24483&4&69.12639830662656|24487&4&54.90958680686174|24490&4&215.39061658814535|24492&4&23.910831587085564|24497&4&3.5367251220257763|24498&4&61.197385932248366|24499&4&26.730432037547164|24500&4&42.11331720650562|24504&4&44.82491622003043|24513&4&14.413429161838621,2|24400&4&278.8130641292897|24404&4&394.61514010405585|24406&4&4.179828535037212|24410&4&82.27909259550017|24414&4&538.695661532454|24422&4&262.1303439731894|24426&4&2.6645352591003757E-14|24435&4&2.7410764560515206|24436&4&183.2001840817613|24441&4&154.78500950930663|24443&4&584.3462965292848|24444&4&872.8873369865562|24445&4&243.86586313873505|24446&4&66.76680859424934|24449&4&228.1049978808196|24451&4&21.79078287037653|24454&4&153.43657009919443|24455&4&1.4210854715202004E-14|24461&4&1080.0328365330051|24462&4&17.29831401991244|24463&4&91.26443669034663|24472&4&392.5924609061714|24473&4&319.6005703274117|24475&4&619.342809738635|24476&4&463.053601512633|24485&4&18.451183159413333|24490&4&204.49538569447174|24492&4&188.71793102358578|24493&4&277.63927295444137|24499&4&26.499106845432948|24500&4&28.83320793227001|24503&4&8.866201145017195|24504&4&51.58925445141467|24511&4&10.975017764618334,2|24401&4&307.4184841033509|24403&4&337.87626730852855|24410&4&383.6577750920827|24412&4&906.4991820128292|24413&4&99.51497021923024|24418&4&734.2733631129503|24429&4&859.6821701381248|24430&4&86.69636637298566|24432&4&465.86116185836124|24436&4&12.487300599303026|24438&4&81.35474639600989|24450&4&112.77684396444403|24455&4&558.8564718032217|24457&4&427.7336737663185|24458&4&464.6591994553634|24462&4&109.61815008960028|24467&4&1070.2458913514222|24468&4&6.8423436678851255|24470&4&161.05628675925286|24482&4&820.6481389778842|24484&4&37.47116870425583|24491&4&91.10591861512283|24496&4&176.3055355090331|24504&4&75.12577232318922|24509&4&0.6333851727788883|24513&4&23.38804453449564,2|24400&4&47.64637313804809|24402&4&89.44186947156224|24409&4&14.840110779562922|24410&4&31.483173294070014|24420&4&3.495493767047697|24423&4&839.2768795578236|24436&4&0.837715110434718|24442&4&927.818907189688|24453&4&955.0746122174035|24467&4&154.93057182407455|24468&4&5.155727430382507|24486&4&54.02123627166027|24487&4&3.5181350307644266|24489&4&361.84541113532435|24493&4&22.953064888317865|24495&4&5.9376168674616|24497&4&54.7830606167218|24498&4&40.495341584955185|24501&4&65.95639099802449|24502&4&4.122603552789387|24505&4&123.97873086376374|24506&4&2.1214909605413763,2|24401&4&429.79685981452565|24409&4&211.40951923300327|24415&4&102.4280554507686|24424&4&753.6098643157179|24435&4&679.5307108622467|24436&4&396.7992622073508|24449&4&2.1418926326174414|24451&4&1212.8283277905405|24455&4&37.38850614828657|24478&4&10.828253159073347|24484&4&864.4753578711449|24486&4&43.95366129049741|24491&4&745.8828967522103|24493&4&407.04233373933937|24494&4&812.6135566701498|24503&4&59.56703830370866
93|4,130,1,1,1,1,1,1,1,1,1,1,1,1,1,1,1,1,1,1,1,1,1,1,1,1,1,1,1,1,1,1,1,1,1,1,1,1,1,1,1,1,1,1,1,1,1,1,1,1,1,1,1,1,1,1,1,1,1,1,1,1,1,1,1,1,1,1,1,1,1,1,1,1,1,1,1,1,1,1,1,1,1,1,1,1,1,1,1,1,1,1,1,1,1,1,1,1,1,1,1,1,0,0,0,0,0,0,0,0,0,0,0,0,0,0,0,0,0,0,0,0,2|24408&4&226.9540833524564|24413&4&502.4685135000117|24417&4&120.5626336291059|24419&4&444.2452290364892|24420&4&11.466962830597364|24430&4&432.5165571127907|24431&4&173.4884934875796|24434&4&857.0908389529532|24435&4&207.7827809264001|24439&4&-3.019806626980426E-14|24440&4&15.933937256689351|24448&4&149.66918951934875|24454&4&623.8204804640502|24456&4&335.3587172504283|24457&4&149.5624456595597|24473&4&321.73472826096844|24476&4&82.68507270317889|24479&4&733.0175097846809|24482&4&61.62229242677079|24486&4&344.244625906239|24487&4&83.47962258703892|24488&4&744.6696445155139|24495&4&139.23874230815454|24500&4&24.842396878099883|24502&4&9.797501794659947|24509&4&13.267819574599327|24511&4&56.74268315005738|24512&4&19.746058160993606,2|24397&4&557.2920562403355|24402&4&137.8718293479718|24405&4&481.5943866845172|24406&4&348.08858789151583|24414&4&79.43044122788945|24415&4&18.50575618050182|24416&4&155.03649230805763|24420&4&261.7526815275|24426&4&371.9101872731284|24432&4&33.95368123375305|24437&4&530.8717677751102|24439&4&564.0301419716354|24447&4&18.35951588500056|24450&4&622.968900337425|24452&4&27.755145186232326|24464&4&57.05856938183817|24465&4&368.80272964543303|24468&4&106.93472800849119|24473&4&19.03514129417763|24478&4&704.8763798429826|24485&4&452.1341266415321|24500&4&5.2246524483083965|24508&4&-1.1102230246251565E-15|24511&4&0.45892592571408386,2|24403&4&99.24065086595536|24405&4&164.34666327395448|24406&4&295.9358977776831|24409&4&542.8248332088044|24415&4&320.22566260279234|24417&4&655.5372825951672|24419&4&216.79196376670146|24420&4&143.47042142805049|24422&4&83.33646844221408|24426&4&214.5518377335362|24427&4&805.5138501142465|24431&4&298.4592763406773|24439&4&22.059547980537285|24445&4&138.78032667740354|24455&4&291.22984488158227|24459&4&428.4098095206959|24460&4&256.2917496121204|24463&4&121.8518596650876|24465&4&136.48098797268588|24466&4&308.2743857440416|24468&4&384.0164877969428|24474&4&231.85428110144292|24476&4&362.930718562132|24486&4&148.59184768744254|24487&4&39.84414445246858|24489&4&384.3292708322373|24502&4&31.020572895632633|24507&4&43.828910506294754|24511&4&10.488397975289635|24515&4&91.02742123028912,2|24403&4&0.0|24407&4&81.2895873412059|24417&4&222.4497209527341|24421&4&106.38109869365793|24432&4&138.78817226257837|24433&4&371.029834182695|24438&4&104.53685995373664|24439&4&127.68867527300739|24445&4&131.27384678243757|24446&4&828.5545082345316|24452&4&475.9055467965723|24455&4&8.686242929202493|24460&4&56.5257493909138|24464&4&450.07608158405424|24469&4&1090.1225363932995|24471&4&58.73131046539588|24480&4&112.23860873869593|24483&4&1001.0244324383275|24485&4&168.87755913370728|24506&4&50.02502318391832|24508&4&51.92412891029957|24509&4&37.77655852948303|24513&4&64.73278085484202,2|24398&4&263.69094875283105|24399&4&1194.7132778308319|24404&4&80.43107621255848|24411&4&186.0561999567749|24416&4&1433.6132521883328|24425&4&90.99007544107386|24431&4&545.2009833000471|24433&4&582.3646651462963|24445&4&136.15074751865257|24449&4&587.3178083880458|24477&4&688.4325458282226|24479&4&47.823910828665845|24487&4&196.5922908255899|24495&4&130.82104793143753|24502&4&22.23496962376406|24514&4&45.72250712199343|24516&4&120.77480580659945,2|24404&4&512.8069022351083|24409&4&45.94185310507841|24414&4&14.742096239239944|24425&4&163.19417081923524|24428&4&157.05021845295903|24431&4&100.95489556335586|24432&4&487.54360979830346|24433&4&4.583702927957255|24440&4&325.2343789087297|24448&4&25.195162942920703|24452&4&93.24965855872217|24456&4&148.63536351141528|24462&4&256.8815784088453|24463&4&145.15796267042901|24466&4&82.86376976690488|24468&4&36.353055259713784|24472&4&381.9587105190182|24481&4&0.0|24483&4&41.85993978465379|24487&4&45.777885728357546|24490&4&194.57471083458188|24492&4&22.65236676671264|24497&4&1.819260901169733|24498&4&53.1381945328849|24499&4&33.81181099697338|24500&4&66.68388626451802|24504&4&66.17918080982464|24513&4&30.40029664912651,2|24400&4&244.46271262242118|24404&4&437.302999772043|24406&4&1.5987211554602254E-14|24410&4&77.45610450522868|24414&4&510.2161866335514|24422&4&219.25920406779653|24435&4&1.687538997430238E-14|24436&4&203.28496066352264|24441&4&195.60177543986717|24443&4&525.5060387372055|24444&4&959.8643914475997|24445&4&326.77219270322337|24446&4&42.91762152092849|24449&4&215.17763349525111|24451&4&13.350715547280947|24454&4&115.19537238487129|24461&4&1147.913175992858|24462&4&102.79562478380858|24463&4&86.07605686407669|24472&4&567.1651044496739|24473&4&309.33780822486216|24475&4&562.2427413100262|24476&4&532.6867080598731|24485&4&10.55116068174706|24490&4&172.7035566359569|24492&4&167.5017506002977|24493&4&262.3937647626959|24499&4&20.41364969876047|24500&4&27.218018331764934|24503&4&5.445977478810926|24504&4&48.574291283908906|24511&4&7.5705141921121095,2|24401&4&423.2692781049803|24403&4&509.5130536795534|24410&4&344.72353647605746|24412&4&886.20947834664|24413&4&77.70648742138573|24418&4&739.51596862372|24429&4&807.2522294155344|24430&4&57.59898711007845|24432&4&438.26615213827534|24436&4&9.011765826742398|24438&4&76.37202239695357|24450&4&89.66638206130051|24455&4&521.2220478160598|24457&4&422.73701420049997|24458&4&430.67531142808986|24462&4&83.7537405324385|24467&4&1068.8242327565167|24468&4&6.439852863891883|24470&4&134.79863042397972|24482&4&815.6694347700536|24484&4&22.119763399024265|24491&4&57.16293425655673|24496&4&183.20913491429246|24504&4&64.1551798985988|24509&4&-4.6629367034256575E-15|24513&4&22.005948064515866,2|24400&4&45.264054481145685|24402&4&77.43096898250937|24406&4&80.65079045966871|24409&4&8.162340531588967|24410&4&49.500167200684615|24420&4&0.263265773571261|24423&4&1001.184052788432|24436&4&5.995204332975845E-15|24442&4&844.6641089551396|24453&4&938.458840151039|24465&4&148.55865951154476|24467&4&121.73241758591259|24468&4&-1.4210854715202004E-14|24486&4&40.15921538435215|24487&4&0.0|24489&4&317.79072772755194|24493&4&11.476532444158899|24495&4&170.20004872728092|24497&4&60.607621138818665|24498&4&58.517184508309924|24501&4&68.52818184758435|24502&4&2.132641700628886|24505&4&133.0136947057257|24506&4&0.7063264093046671,2|24401&4&384.0905370435929|24409&4&179.41347626630161|24415&4&241.27824466037012|24424&4&772.5512554836398|24435&4&765.2121310612699|24436&4&356.08096963379535|24449&4&6.109610992939224|24451&4&1170.505332213365|24455&4&32.714942879750744|24478&4&7.736589672080504|24484&4&793.7351714275767|24486&4&37.27294745657278|24491&4&891.15919019341|24493&4&374.1629987523754|24494&4&753.5267037564515|24503&4&72.63141733071933
94|4,130,1,1,1,1,1,1,1,1,1,1,1,1,1,1,1,1,1,1,1,1,1,1,1,1,1,1,1,1,1,1,1,1,1,1,1,1,1,1,1,1,1,1,1,1,1,1,1,1,1,1,1,1,1,1,1,1,1,1,1,1,1,1,1,1,1,1,1,1,1,1,1,1,1,1,1,1,1,1,1,1,1,1,1,1,1,1,1,1,1,1,1,1,1,1,1,1,1,1,1,1,0,0,0,0,0,0,0,0,0,0,0,0,0,0,0,0,0,0,0,0,2|24408&4&211.89633003558689|24413&4&575.6008735905025|24417&4&114.53450194765061|24419&4&383.03724927406734|24420&4&8.600222122948027|24430&4&535.706848498897|24431&4&154.9938076183926|24434&4&881.2666843666077|24435&4&178.17658354842922|24440&4&4.1888704346083045|24448&4&133.225976438589|24454&4&776.9472427380197|24456&4&305.55001034283777|24457&4&133.32834996282608|24473&4&277.7968971734158|24476&4&76.42463519197037|24479&4&713.2511832530815|24482&4&45.59514848224758|24486&4&319.88945138466266|24487&4&73.53656387912531|24488&4&788.9814880093593|24495&4&104.45371691889477|24500&4&20.0905096562929|24502&4&7.572562620557914|24509&4&12.061654158726661|24511&4&50.44728580377519|24512&4&29.977343158318615,2|24397&4&500.0730992459228|24402&4&242.552564082345|24405&4&461.96339873989496|24406&4&327.2816466578968|24414&4&71.75162024520526|24415&4&6.452351149803966|24416&4&328.7281909423244|24417&4&54.98476335590817|24420&4&287.45859051012906|24426&4&446.5497300263329|24432&4&16.68246970879884|24437&4&536.2642731189227|24439&4&682.5064086955017|24447&4&16.523564296500506|24450&4&598.1994568381934|24452&4&22.204116148985854|24464&4&34.94466656456374|24465&4&345.1146782394927|24468&4&97.6300367780181|24473&4&7.085821443517687|24478&4&683.4381515588756|24485&4&555.165187163733|24500&4&2.7370351082424396|24511&4&14.101749626761523,2|24403&4&86.489021020096|24405&4&144.29934745422116|24406&4&257.4112239112846|24409&4&499.66594659152213|24415&4&286.0551430075584|24417&4&610.6703096656711|24419&4&377.33095993415895|24420&4&124.810579230204|24422&4&193.9813757588705|24426&4&183.13417287471108|24427&4&745.8004479015053|24431&4&380.1171182427643|24439&4&7.926529212491905|24445&4&125.75414351424679|24455&4&275.4077773693562|24459&4&570.4859844725851|24460&4&342.4340867718826|24463&4&115.08231190591607|24465&4&109.83554357476424|24466&4&328.7972929539968|24468&4&340.96991645564026|24474&4&217.39829586407035|24476&4&315.0285350097031|24486&4&140.5428840900712|24487&4&33.20345371039048|24489&4&364.28134555830036|24502&4&27.452357070304373|24507&4&47.966443486656665|24511&4&8.58379126624434|24515&4&94.0673817428899,2|24407&4&61.9058926904842|24417&4&172.7068461268748|24421&4&103.68105260053045|24432&4&119.23203493508525|24433&4&324.22079186725676|24438&4&99.15282198649615|24439&4&102.09995575895853|24445&4&103.5249695713915|24446&4&759.4232745181346|24452&4&447.8941801545694|24455&4&4.084644819296249|24460&4&42.368744279380564|24464&4&412.48538255554183|24469&4&1068.0550759339044|24471&4&55.69571748319673|24480&4&106.33131354192246|24483&4&1076.771300792523|24485&4&139.86874605556824|24506&4&44.593520273560344|24508&4&44.73252070057504|24509&4&30.4647991765599|24513&4&54.866977169627404,2|24398&4&245.77301751269582|24399&4&1246.1724544216954|24404&4&54.29125445489407|24411&4&172.29136898552818|24416&4&1296.5705138774856|24425&4&85.12202779552972|24431&4&510.8060725529206|24433&4&698.672479690467|24445&4&126.45470790118222|24449&4&517.8075080423155|24477&4&656.3560768021218|24479&4&34.67972540015798|24487&4&181.7783501213037|24495&4&121.22423624876781|24502&4&20.870042464773196|24514&4&37.21753232686723|24516&4&130.63882168073587,2|24404&4&462.7005465126495|24409&4&56.84982171355031|24414&4&12.899334209334949|24425&4&154.1703681998633|24428&4&180.00581039105367|24431&4&68.54956331047993|24432&4&552.7340300960133|24433&4&4.263256414560601E-14|24435&4&22.109577365426446|24436&4&64.68431441507363|24438&4&48.6814705425173|24440&4&301.05658269551543|24448&4&21.595853951074886|24452&4&81.61121675260489|24456&4&199.6928516597142|24462&4&231.65744035400516|24463&4&129.74965966443358|24466&4&59.4262887740164|24468&4&88.68734963133628|24472&4&331.08553934296845|24483&4&23.325312058305144|24487&4&36.64618464985336|24490&4&173.7588050810184|24492&4&48.278461049870856|24497&4&0.6336071448230933|24498&4&45.07900313352144|24499&4&49.34289681295829|24500&4&81.84705229453135|24504&4&86.34695706708953|24513&4&47.97339470705711|24514&4&10.116742545277987,2|24400&4&210.11236111555252|24404&4&459.89751282361976|24410&4&72.63311641495719|24414&4&502.5026714247085|24422&4&181.77389306309112|24436&4&190.2934979460125|24441&4&0.0|24443&4&466.66578094512613|24444&4&1020.4746473727039|24445&4&308.60581757436466|24446&4&21.601196071055785|24449&4&202.25026910968262|24451&4&6.46728456383933|24454&4&87.04017204494198|24461&4&1224.4786134029769|24462&4&168.02773045497355|24463&4&80.88767703780675|24472&4&547.5731371773007|24473&4&398.0785939275436|24475&4&506.4564986856833|24476&4&523.9065790774118|24485&4&2.862414203148834|24490&4&145.203328430652|24492&4&146.2855701770096|24493&4&309.57829094192857|24499&4&14.972174615417774|24500&4&25.602828731259855|24503&4&2.803978535442171|24504&4&45.55932811640314|24511&4&4.747188651174762,2|24401&4&490.54854377334215|24403&4&503.0525291938314|24410&4&306.78698574584314|24412&4&993.3805095705584|24413&4&58.105850634477086|24418&4&673.549930730913|24429&4&783.4130471992726|24430&4&32.01708326066479|24432&4&410.67114241818945|24436&4&5.536231054181769|24438&4&71.38929839789726|24450&4&71.6468518075304|24455&4&483.58762382889773|24457&4&444.183230684245|24458&4&531.2778745215157|24462&4&57.889330975276735|24467&4&1087.5562430337613|24468&4&6.03736205989864|24470&4&108.54097408870656|24482&4&799.9070856709529|24484&4&9.568063502019998|24491&4&31.200683790329002|24496&4&155.16543039314254|24504&4&54.44329331617803|24513&4&20.62385159453609,2|24400&4&150.5138477056837|24402&4&65.42006849345651|24406&4&268.80467547663875|24409&4&4.0811702657944835|24410&4&49.60726937883264|24420&4&4.440892098500626E-16|24423&4&1070.1748573243208|24442&4&821.7539801531536|24453&4&880.2375247854408|24465&4&187.89183408005047|24467&4&96.03471904127423|24486&4&26.297194497044025|24489&4&278.1316883007655|24493&4&-6.750155989720952E-14|24495&4&269.584002795493|24497&4&64.67580676465931|24498&4&69.71095373035317|24501&4&78.21646402905424|24502&4&0.7695945318502257|24505&4&141.85567211701434|24506&4&14.044474351879268,2|24401&4&343.66045331258795|24409&4&147.41743329960005|24415&4&347.16516891584934|24424&4&688.2560746429473|24435&4&716.0388385188484|24436&4&315.36267706024|24449&4&62.18100236699327|24451&4&1101.4531508400996|24455&4&28.041379611214925|24478&4&4.6449261850876615|24484&4&820.8437107181704|24486&4&30.592233622648152|24491&4&891.2747070009973|24493&4&341.28366376541146|24494&4&684.4899445533852|24503&4&65.43888311474389
95|4,130,1,1,1,1,1,1,1,1,1,1,1,1,1,1,1,1,1,1,1,1,1,1,1,1,1,1,1,1,1,1,1,1,1,1,1,1,1,1,1,1,1,1,1,1,1,1,1,1,1,1,1,1,1,1,1,1,1,1,1,1,1,1,1,1,1,1,1,1,1,1,1,1,1,1,1,1,1,1,1,1,1,1,1,1,1,1,1,1,1,1,1,1,1,1,1,1,1,1,1,1,0,0,0,0,0,0,0,0,0,0,0,0,0,0,0,0,0,0,0,0,2|24408&4&196.83857671871743|24413&4&699.3401731891777|24417&4&108.50637026619532|24419&4&328.4543303846689|24420&4&5.733481415298691|24430&4&627.9377870630893|24431&4&136.49912174920559|24434&4&884.9167493091468|24435&4&148.57038617045833|24440&4&3.1416528259562932|24448&4&144.96465350350383|24454&4&820.2111654036639|24456&4&275.7413034352473|24457&4&117.09425426609246|24473&4&233.85906608586302|24476&4&70.16419768076183|24479&4&654.8894505206127|24482&4&29.568004537724367|24486&4&295.53427686308635|24487&4&63.59350517121169|24488&4&759.5729407359056|24495&4&74.30284170704019|24500&4&15.33862243448592|24502&4&5.347623446455882|24509&4&10.855488742853995|24511&4&44.15188845749299|24512&4&32.781619659737004,2|24397&4&0.0|24402&4&302.355524869681|24405&4&432.6751773963229|24406&4&306.4747054242778|24414&4&64.07279926252107|24415&4&4.085620730620576E-14|24416&4&407.4097894248521|24417&4&246.15920060653025|24420&4&271.0331541028334|24426&4&481.49917349807544|24432&4&4.26563731641855|24437&4&596.18978591644|24439&4&827.913117593168|24447&4&14.68761270800045|24450&4&608.240504761771|24452&4&16.6530871117394|24464&4&110.42844435914373|24465&4&321.42662683355246|24468&4&88.325345547545|24473&4&-1.5987211554602254E-14|24478&4&872.8380238821504|24485&4&513.4589065826827|24500&4&0.949671633709342|24511&4&34.03682018662528,2|24403&4&73.73739117423662|24405&4&124.25203163448793|24406&4&218.88655004488618|24409&4&456.50705997423984|24415&4&251.88462341232443|24417&4&565.803336736175|24419&4&407.1707905768733|24420&4&106.15073703235753|24422&4&240.25589055507325|24426&4&151.71650801588598|24427&4&713.108296744707|24431&4&490.46593797268196|24439&4&-7.815970093361102E-14|24445&4&112.72796035109005|24455&4&295.6356237167083|24459&4&563.1081987728485|24460&4&357.2637297007291|24463&4&108.31276414674454|24465&4&90.115791252967|24466&4&350.23159307772994|24468&4&297.9233451143376|24474&4&202.94231062669778|24476&4&267.12635145727427|24486&4&285.4153411235875|24487&4&26.562762968312374|24489&4&489.3122391928545|24502&4&23.884141244976107|24507&4&58.73255675810736|24511&4&6.679184557199045|24515&4&104.14239826492954,2|24407&4&53.38151701852783|24417&4&125.0483668853733|24421&4&156.08725472564382|24432&4&99.67589760759213|24433&4&277.4117495518184|24438&4&93.76878401925569|24439&4&76.51123624490968|24445&4&81.47070393855185|24446&4&690.2920408017378|24452&4&466.0630723436642|24455&4&3.019806626980426E-14|24460&4&28.23277582750146|24464&4&374.89468352702943|24469&4&960.7474058948533|24471&4&52.660124500997576|24480&4&153.8947012082162|24483&4&1030.6845010055908|24485&4&110.85993297742917|24506&4&39.162017363202374|24508&4&37.54091249085051|24509&4&23.153039823636767|24513&4&45.55662115566709,2|24398&4&310.0280235652259|24399&4&1222.7829006814527|24404&4&34.64412887733144|24411&4&158.52653801428147|24416&4&1168.3052996577444|24425&4&79.25398014998558|24431&4&476.4111618057941|24433&4&737.8346678536603|24445&4&116.75866828371184|24449&4&454.2219005030345|24477&4&675.3428175868845|24479&4&21.535539971650127|24487&4&166.96440941701744|24495&4&111.62742456609807|24502&4&19.505115305782333|24514&4&29.406346622478456|24516&4&140.13405579974156,2|24404&4&412.59419079019085|24409&4&285.4877678963379|24414&4&11.056572179429955|24425&4&145.14656558049137|24428&4&169.1236328628916|24431&4&43.235509383368935|24432&4&695.526989831786|24435&4&33.30059349345291|24436&4&127.42322726674378|24438&4&161.73727073044984|24440&4&338.2964972303|24446&4&127.3559781270576|24448&4&17.99654495922907|24452&4&69.9727749464876|24456&4&188.09408036541464|24462&4&206.43330229916495|24463&4&114.34135665843814|24466&4&42.025179245939796|24468&4&214.9202898142627|24472&4&283.24698240397873|24483&4&11.567340533571956|24487&4&27.514483571349167|24490&4&152.94289932745494|24492&4&45.67576827432138|24497&4&5.773159728050814E-15|24498&4&37.421479085705734|24499&4&63.396949025382554|24500&4&75.40588190756074|24504&4&81.68363576078681|24513&4&65.82134557333023|24514&4&20.787783463798835,2|24400&4&178.0372625162242|24404&4&443.92119134245706|24410&4&67.8101283246857|24414&4&469.43370213213456|24422&4&147.01050164799673|24436&4&177.3020352285024|24443&4&407.8255231530468|24444&4&1020.2835627203981|24445&4&290.43944244550585|24446&4&7.464026637423812|24449&4&189.32290472411415|24451&4&-4.085620730620576E-14|24454&4&63.51735064747005|24461&4&1128.538043307764|24462&4&267.91363547308214|24463&4&75.69929721153683|24472&4&667.2545754464331|24473&4&516.9734971091947|24475&4&452.17554906248256|24476&4&495.47152275244696|24485&4&-1.687538997430238E-14|24490&4&230.37709629540512|24492&4&130.29163165954088|24493&4&393.6014780856721|24499&4&10.220436562712903|24500&4&23.98763913075478|24503&4&0.9542744025854658|24504&4&42.54436494889737|24511&4&2.4776384424774673,2|24401&4&507.16705002054744|24403&4&470.75142903437495|24410&4&270.37005508547134|24412&4&1114.736955393771|24413&4&41.675096490316875|24418&4&609.9898451293607|24429&4&830.0705088097284|24430&4&13.472111683503407|24432&4&383.0761326981035|24436&4&2.060696281621141|24438&4&66.40657439884096|24450&4&61.18940617010603|24455&4&445.95319984173574|24457&4&456.4861263455658|24458&4&635.0019182404266|24462&4&32.024921418114964|24467&4&1021.9626092921001|24468&4&5.634871255905397|24470&4&130.6920500249725|24482&4&853.3647381828429|24484&4&4.784031751009983|24491&4&12.91929242933269|24496&4&131.44622999882318|24504&4&45.28749122060868|24513&4&19.241755124556317,2|24400&4&258.28362657838807|24402&4&53.40916800440366|24406&4&289.5640655261535|24409&4&0.0|24410&4&46.92051216199236|24423&4&1041.1497530697197|24424&4&91.78821602208876|24442&4&901.446123661536|24453&4&1069.745978330487|24465&4&312.93019938047905|24467&4&70.33702049663592|24486&4&12.4351736097359|24489&4&241.66265260670667|24495&4&391.55180299689|24497&4&75.38935555718052|24498&4&87.00224688475375|24501&4&80.93259193043784|24502&4&7.993605777301127E-15|24505&4&151.23109292031475|24506&4&21.498689713874203,2|24401&4&306.2917433371617|24409&4&115.42139033289845|24415&4&384.61703114097463|24424&4&611.6676836170524|24435&4&666.8655459764266|24436&4&274.6443844866846|24449&4&67.58727840627645|24451&4&1164.37737350907|24455&4&23.367816342679106|24478&4&1.5532626980948192|24484&4&974.7276448082226|24486&4&23.911519788723524|24491&4&973.5317821328449|24493&4&308.40432877844745|24494&4&694.6056785283124|24503&4&58.24634889876844
96|4,130,1,1,1,1,1,1,1,1,1,1,1,1,1,1,1,1,1,1,1,1,1,1,1,1,1,1,1,1,1,1,1,1,1,1,1,1,1,1,1,1,1,1,1,1,1,1,1,1,1,1,1,1,1,1,1,1,1,1,1,1,1,1,1,1,1,1,1,1,1,1,1,1,1,1,1,1,1,1,1,1,1,1,1,1,1,1,1,1,1,1,1,1,1,1,1,1,1,1,1,1,0,0,0,0,0,0,0,0,0,0,0,0,0,0,0,0,0,0,0,0,2|24408&4&181.78082340184795|24413&4&644.9242582574757|24417&4&102.47823858474003|24419&4&277.8001116761278|24420&4&2.8667407076493547|24430&4&706.8698633746819|24431&4&118.0044358800186|24434&4&860.3518437409166|24435&4&118.96418879248746|24440&4&2.094435217304193|24448&4&127.11234591546034|24454&4&817.617842097897|24456&4&245.93259652765684|24457&4&100.86015856935884|24473&4&189.92123499831033|24476&4&63.903760169553294|24479&4&796.1606606168838|24482&4&13.540860593201153|24486&4&271.17910234151|24487&4&53.65044646329808|24488&4&697.8539225349607|24495&4&51.87175310425722|24500&4&10.586735212678938|24502&4&3.1226842723538493|24509&4&9.649323326981328|24511&4&37.85649111121079|24512&4&42.661598594479116,2|24402&4&329.44035466970365|24405&4&404.4516312891801|24406&4&285.6677641906587|24414&4&56.393978279836894|24416&4&550.3174524177742|24417&4&325.9508281315999|24420&4&254.60771769553781|24426&4&449.84659588932385|24432&4&-7.105427357601002E-15|24437&4&547.8322263992757|24439&4&811.5264670037498|24447&4&12.851661119500395|24450&4&660.7402472656743|24452&4&11.102058074492945|24464&4&155.26691592007998|24465&4&297.7385754276121|24468&4&79.0206543170719|24478&4&850.4690089188894|24485&4&616.3752546492609|24500&4&1.5543122344752192E-15|24511&4&53.00754161413481,2|24403&4&60.985761328377244|24405&4&104.20471581475464|24406&4&180.36187617848765|24409&4&413.34817335695755|24415&4&217.71410381709052|24417&4&520.9363638066787|24419&4&385.08880298003805|24420&4&87.49089483451104|24422&4&227.14729035575024|24426&4&124.90252276328495|24427&4&636.0392968120406|24431&4&600.1432753981871|24445&4&99.7017771879333|24455&4&387.8678819516629|24459&4&643.2241516842676|24460&4&437.65886742994473|24463&4&101.54321638757301|24465&4&78.52830425567393|24466&4&463.29502154709724|24468&4&263.1679209833377|24474&4&188.48632538932517|24476&4&219.22416790484536|24486&4&420.1339702551182|24487&4&19.92207222623427|24489&4&462.0103729734931|24502&4&20.315925419647844|24507&4&62.11151053452901|24511&4&4.77457784815375|24515&4&113.94434859605875,2|24407&4&249.2018335152889|24417&4&92.3042356543388|24421&4&142.75916854198255|24432&4&80.119760280099|24433&4&231.10307949706288|24438&4&88.3847460520152|24439&4&50.92251673086082|24445&4&60.50954636228221|24446&4&621.1608070853409|24452&4&435.7426927601064|24460&4&17.43602056330151|24464&4&337.3039844985171|24469&4&1105.9558705623394|24471&4&117.43644546894089|24480&4&145.31387186828937|24483&4&941.8142390913534|24485&4&81.85111989929013|24500&4&41.31637795468935|24504&4&22.844404866177797|24506&4&33.7305144528444|24508&4&30.349304281125978|24509&4&17.531286262423837|24513&4&36.908873309630735,2|24398&4&287.50379287498174|24399&4&1191.3258300566135|24404&4&17.530329776582583|24411&4&144.76170704303473|24416&4&1048.5460924156932|24425&4&73.38593250444143|24431&4&442.0162510586675|24433&4&867.4922353947146|24445&4&107.06262866624148|24449&4&393.1882350624713|24477&4&747.0809663987781|24479&4&8.391354543142272|24487&4&152.1504687127312|24495&4&102.03061288342833|24502&4&18.14018814679147|24514&4&22.37244476087319|24516&4&149.78279620797525,2|24404&4&362.4878350677321|24409&4&363.923400276883|24414&4&9.21381014952496|24425&4&136.1227629611194|24428&4&197.1396412171585|24431&4&23.55425048081079|24432&4&778.4345747293512|24435&4&169.09406498781198|24436&4&221.0466965391365|24438&4&190.2989279131349|24440&4&318.80423876966665|24445&4&17.43831187954123|24446&4&349.3043438623341|24448&4&14.397235967383253|24452&4&58.334333140370326|24456&4&176.49530907111506|24462&4&181.20916424432477|24463&4&98.93305365244272|24466&4&24.649547090803072|24468&4&299.789500006792|24472&4&243.29696660825098|24483&4&7.711560355714637|24487&4&20.02998576317264|24490&4&132.12699357389147|24492&4&43.0730754987719|24498&4&30.356336906751395|24499&4&69.26198761923632|24500&4&68.96471152059016|24504&4&77.0203144544841|24513&4&84.25692411731261|24514&4&37.60159675990016,2|24400&4&151.38780711282874|24404&4&499.45701416464266|24410&4&62.98714023441423|24414&4&436.3647328395606|24422&4&114.95154760710366|24436&4&164.31057251099224|24441&4&51.09203392362738|24443&4&409.42884181759814|24444&4&1064.946019519222|24445&4&272.2730673166471|24446&4&2.6645352591003757E-14|24449&4&176.3955403385457|24454&4&41.88350710385986|24461&4&1018.2006663538002|24462&4&381.10892092578445|24463&4&70.51091738526691|24472&4&752.1291931918448|24473&4&588.3778740643033|24475&4&400.4478485244526|24476&4&610.7223586827582|24490&4&204.18569633890428|24492&4&117.68031357405187|24493&4&370.1149583226759|24499&4&6.23630752498924|24500&4&22.372449530249703|24503&4&-5.10702591327572E-15|24504&4&39.529401781391606|24511&4&0.8635781197237002,2|24401&4&477.49750030889936|24403&4&440.6254713498529|24410&4&235.54450520667052|24412&4&1130.4134474484817|24413&4&27.85712598004708|24418&4&618.7901770189237|24422&4&81.3211297779817|24429&4&849.19090088516|24430&4&2.2603328264360956|24432&4&355.48112297801765|24436&4&-1.4210854715202004E-14|24438&4&61.423850399784655|24450&4&50.731960532681626|24455&4&408.3187758545738|24457&4&428.3998621752951|24458&4&737.1332954641932|24462&4&13.430845212362536|24467&4&954.7182733515583|24468&4&5.232380451912154|24470&4&211.32990102136463|24482&4&935.4595240613789|24483&4&77.63847602178691|24484&4&-3.019806626980426E-14|24490&4&261.0007342520136|24491&4&2.4023016215864774|24496&4&112.06083709226158|24504&4&36.777403293462726|24513&4&17.859658654576542,2|24400&4&255.48455252359219|24402&4&41.39826751535081|24406&4&315.51139578626663|24410&4&72.46868942873915|24423&4&1119.3250808042233|24424&4&125.04390083475373|24442&4&971.2461907020157|24453&4&1132.7419921938363|24465&4&297.8325263838968|24467&4&45.35855815079621|24486&4&9.947598300641403E-14|24489&4&210.7333686533721|24495&4&385.5601992397252|24497&4&78.68505535468552|24498&4&103.54439651112698|24501&4&90.6322019229732|24505&4&160.4852888057668|24506&4&36.089226080084956,2|24401&4&276.7808486908677|24409&4&83.42534736619685|24415&4&363.4898208255714|24424&4&541.5015591494197|24435&4&617.692253434005|24436&4&233.92609191312917|24449&4&64.03052065962002|24451&4&1135.7867957840717|24455&4&18.694253074143287|24478&4&9.325873406851315E-15|24484&4&900.2262152923104|24486&4&17.230805954798896|24491&4&1128.8596958924873|24493&4&275.5249937914835|24494&4&724.0939628282429|24503&4&51.05381468279298
97|4,130,1,1,1,1,1,1,1,1,1,1,1,1,1,1,1,1,1,1,1,1,1,1,1,1,1,1,1,1,1,1,1,1,1,1,1,1,1,1,1,1,1,1,1,1,1,1,1,1,1,1,1,1,1,1,1,1,1,1,1,1,1,1,1,1,1,1,1,1,1,1,1,1,1,1,1,1,1,1,1,1,1,1,1,1,1,1,1,1,1,1,1,1,1,1,1,1,1,1,1,1,0,0,0,0,0,0,0,0,0,0,0,0,0,0,0,0,0,0,0,0,2|24408&4&166.72307008497847|24413&4&614.0436872707131|24417&4&96.45010690328473|24419&4&234.3124051620447|24420&4&1.865174681370263E-14|24430&4&733.0580609314438|24431&4&99.5097500108316|24434&4&887.5308257394504|24435&4&89.35799141451656|24436&4&100.04242192643892|24440&4&1.0472176086520928|24445&4&19.85383878687253|24448&4&179.11357925141402|24454&4&754.289673011278|24456&4&216.12388962006636|24457&4&84.62606287262523|24473&4&154.16576544512358|24476&4&57.643322658344765|24479&4&819.997859306797|24482&4&1.7763568394002505E-14|24484&4&43.46203175634804|24486&4&246.8239278199337|24487&4&180.17245657695923|24488&4&635.0237738959294|24495&4&32.46625898032988|24500&4&5.834847990871955|24502&4&0.8977450982518174|24509&4&21.434263343908377|24511&4&31.561093764928597|24512&4&53.785230101216946,2|24400&4&135.60252273318326|24402&4&306.2562726352272|24405&4&420.7078244654414|24406&4&264.86082295703966|24414&4&48.715157297152714|24416&4&535.3576199752647|24417&4&439.7850029347117|24420&4&331.77153412311327|24426&4&465.9540460091097|24437&4&501.67201833945956|24439&4&923.1805054150509|24447&4&53.08673335547891|24450&4&691.5852617173371|24452&4&5.551029037246491|24464&4&166.17863100769569|24465&4&274.05052402167183|24468&4&69.7159630865988|24478&4&815.703120541702|24485&4&567.4378426358292|24511&4&70.45941057871356,2|24403&4&48.234131482517874|24405&4&84.15739999502138|24406&4&141.83720231208918|24409&4&370.18928673967525|24415&4&183.54358422185658|24417&4&476.0693908771825|24419&4&363.00681538320276|24420&4&68.83105263666457|24422&4&214.0386901564272|24426&4&98.08853751068393|24427&4&640.0206578094103|24431&4&606.7467804841393|24445&4&86.67559402477656|24455&4&364.75047767444994|24459&4&588.0370071487471|24460&4&457.35937687188425|24463&4&94.77366862840148|24465&4&66.94081725838085|24466&4&432.8925552205162|24468&4&228.4124968523378|24474&4&174.03034015195257|24476&4&175.55580628983827|24486&4&414.097876801082|24487&4&13.281381484156167|24489&4&434.70850675413163|24502&4&16.74770959431958|24507&4&73.52740889953893|24511&4&2.869971139108455|24515&4&118.13573554736064,2|24407&4&225.83042443091094|24417&4&63.7374508991104|24421&4&140.6812930990959|24432&4&60.5636229526059|24433&4&190.71465423646887|24438&4&83.00070808477474|24439&4&27.303146633643728|24445&4&40.12200127780858|24446&4&552.029573368944|24452&4&405.42231317654864|24460&4&8.373469388302677|24464&4&299.71328547000473|24469&4&1301.7702688871238|24471&4&111.0102567892346|24480&4&136.73304252836255|24483&4&852.9439771771158|24485&4&58.62105965332296|24500&4&39.250559056954884|24504&4&40.34546602432092|24506&4&28.299011542486426|24508&4&23.765071252165853|24509&4&12.737442341419172|24513&4&29.018067182214658,2|24398&4&264.97956218473763|24399&4&1159.1613945791896|24404&4&6.91898312202412|24411&4&130.99687607178802|24416&4&931.5020185098659|24425&4&67.51788485889728|24431&4&407.62134031154096|24433&4&814.8933441239873|24445&4&97.36658904877112|24449&4&335.70965746842126|24477&4&835.4478324688214|24479&4&1.3723470532426565|24487&4&137.336528008445|24495&4&92.4338012007586|24502&4&16.775260987800607|24514&4&16.187786669919312|24516&4&160.9076044499294,2|24404&4&312.3814793452733|24409&4&414.13291717125696|24414&4&7.3710481196199655|24419&4&101.23386808281205|24425&4&127.09896034174744|24428&4&184.312554394875|24431&4&11.265019892873708|24432&4&722.3483903498598|24435&4&201.543912113648|24436&4&209.50600731867326|24438&4&180.25184948047792|24440&4&377.3204898085192|24445&4&16.56639628556417|24446&4&425.17138268316984|24448&4&10.797926975537436|24452&4&46.69589133425304|24456&4&164.89653777681553|24462&4&155.98502618948456|24463&4&83.5247506464473|24466&4&11.119091218377843|24468&4&420.4046091052102|24472&4&208.55306609386625|24483&4&3.855780177857319|24487&4&15.773874459147986|24490&4&111.31108782032797|24492&4&57.38880635267681|24498&4&23.971548566751366|24499&4&63.9974437006106|24500&4&62.523541133619545|24504&4&72.3569931481814|24513&4&83.64404517795477|24514&4&55.27221324249364,2|24400&4&124.7383517094333|24404&4&657.048309102456|24410&4&58.16415214414274|24414&4&403.29576354698673|24422&4&88.4575103391096|24436&4&151.31910979348208|24441&4&209.91651857916827|24443&4&504.1144640533723|24444&4&1010.8160361879583|24445&4&254.10669218778833|24449&4&163.4681759529772|24454&4&27.041595375220027|24461&4&951.7844002663697|24462&4&398.13160760469765|24463&4&65.32253755899697|24472&4&843.2126998525357|24473&4&598.9282155900455|24475&4&350.9663639852586|24476&4&718.5291263017182|24490&4&182.30517620002297|24492&4&106.29766305737789|24493&4&346.6284385596796|24499&4&3.161725025752411|24500&4&20.757259929744627|24504&4&36.514438613885844|24511&4&5.995204332975845E-15,2|24401&4&484.17068637715084|24403&4&411.51129581431746|24410&4&206.280014262416|24412&4&1131.3231407939224|24413&4&18.99097151538839|24418&4&573.3600199418993|24422&4&93.58664906783456|24429&4&809.1430408939526|24430&4&1.7763568394002505E-14|24432&4&327.8861132579318|24437&4&126.36682072839142|24438&4&56.44112640072835|24450&4&40.27451489525721|24455&4&370.68435186741175|24457&4&457.2694053411483|24458&4&717.9490997557632|24462&4&4.434385854112311|24467&4&1110.5949946650126|24468&4&4.829889647918911|24470&4&269.6027300644398|24482&4&1097.0062830656711|24483&4&180.25801040071383|24490&4&344.99405016240325|24491&4&-1.687538997430238E-14|24496&4&126.33910472662417|24504&4&29.002066269150262|24513&4&16.477562184596767,2|24400&4&241.4068663488157|24402&4&29.387367026297945|24406&4&349.82629400835344|24410&4&159.11793828112536|24423&4&1100.060598208583|24424&4&229.193678125796|24442&4&942.1444610630756|24453&4&1156.413212363152|24465&4&281.2558936965119|24467&4&22.924546121065347|24489&4&180.87580918830702|24495&4&364.10935404428847|24497&4&89.15676578351551|24498&4&117.22530421926076|24501&4&84.18413124611705|24505&4&167.20901813771414|24506&4&44.581469721211455,2|24401&4&247.26995404457367|24409&4&51.42930439949525|24415&4&459.6199451271379|24424&4&479.04326991743073|24435&4&568.5189608915833|24436&4&193.2077993395738|24449&4&91.50150668010076|24451&4&1132.4896957149294|24455&4&14.020689805607468|24484&4&801.9314529455459|24486&4&10.550092120874265|24491&4&1167.9934369936875|24493&4&242.64565880451957|24494&4&717.816202003098|24503&4&43.86128046681753
98|4,130,1,1,1,1,1,1,1,1,1,1,1,1,1,1,1,1,1,1,1,1,1,1,1,1,1,1,1,1,1,1,1,1,1,1,1,1,1,1,1,1,1,1,1,1,1,1,1,1,1,1,1,1,1,1,1,1,1,1,1,1,1,1,1,1,1,1,1,1,1,1,1,1,1,1,1,1,1,1,1,1,1,1,1,1,1,1,1,1,1,1,1,1,1,1,1,1,1,1,1,1,0,0,0,0,0,0,0,0,0,0,0,0,0,0,0,0,0,0,0,0,2|24397&4&60.38422443298299|24408&4&212.77119624402766|24413&4&644.3389103226409|24417&4&90.42197522182944|24419&4&196.9447036556996|24430&4&733.9333439522956|24431&4&81.0150641416446|24434&4&883.948992975249|24435&4&59.75179403654568|24436&4&152.4059937870876|24440&4&-7.549516567451064E-15|24445&4&103.5756999679664|24448&4&170.10104412706517|24454&4&829.2064540810438|24456&4&186.31518271247594|24457&4&68.3919671758916|24466&4&44.81860100992938|24473&4&122.51066446576495|24476&4&51.382885147136236|24479&4&747.0454505047003|24484&4&145.1983325636034|24486&4&222.46875329835734|24487&4&221.8576304003638|24488&4&572.193625256898|24495&4&14.978350714798685|24500&4&1.0829607690649725|24502&4&3.552713678800501E-15|24509&4&19.578542656395722|24511&4&25.2656964186464|24512&4&58.39350940667771,2|24400&4&240.88043797560923|24402&4&326.88861320649795|24405&4&496.20574500773495|24406&4&244.0538817234206|24414&4&41.03633631446852|24416&4&656.8494901597488|24417&4&473.5208347532376|24420&4&383.1476029213022|24426&4&512.9635827868318|24437&4&461.4154607304215|24439&4&976.1743682733126|24447&4&92.26147193112679|24450&4&645.6373822131335|24452&4&3.730349362740526E-14|24464&4&246.8477532197612|24465&4&250.36247261573152|24468&4&60.41127185612571|24478&4&856.021012447995|24485&4&546.3987152742925|24511&4&86.07047606297333,2|24403&4&35.482501636658505|24405&4&64.11008417528808|24406&4&106.11353707263422|24409&4&327.03040012239296|24415&4&150.27627546634727|24417&4&431.2024179476864|24419&4&340.9248277863675|24420&4&50.17121043881809|24422&4&200.93008995710414|24426&4&71.27455225808293|24427&4&634.7642157937213|24431&4&673.5094986980776|24445&4&73.64941086161981|24455&4&341.633073397237|24459&4&533.9833266431854|24460&4&490.9471734781617|24463&4&88.00412086922995|24465&4&55.35333026108775|24466&4&402.4900888939353|24468&4&202.9248608665822|24474&4&183.8449354785613|24476&4&141.32930221591744|24486&4&464.9781065843313|24487&4&6.640690742078063|24489&4&407.4066405347702|24502&4&13.179493768991318|24507&4&78.35927065497421|24511&4&0.9653644300631602|24515&4&128.36529632628157,2|24407&4&213.83726218830867|24417&4&40.586091781954536|24421&4&126.79069637839588|24432&4&41.00748562511278|24433&4&151.2112380568135|24438&4&77.61667011753426|24439&4&10.824692118088384|24445&4&19.73445619333495|24446&4&483.98215202305266|24452&4&459.5591817707923|24460&4&3.8419701464858553|24464&4&262.1225864414924|24469&4&1262.480183370294|24471&4&104.58406810952833|24480&4&128.1522131884357|24483&4&764.0737152628782|24485&4&37.761351677687955|24500&4&37.18474015922042|24504&4&58.055117569845564|24506&4&23.332712081484974|24508&4&17.83993785521622|24509&4&8.839708898959923|24513&4&21.98432985660447,2|24398&4&242.4553314944935|24399&4&1189.4970576731898|24404&4&-4.796163466380676E-14|24411&4&117.23204510054134|24416&4&820.5476241819898|24425&4&61.64983721335314|24431&4&373.22642956441433|24433&4&861.8996307278724|24445&4&87.67054943130074|24449&4&283.9219945986212|24477&4&931.6134248149294|24479&4&0.028797802799272017|24487&4&122.52258730415876|24495&4&82.83698951808887|24502&4&15.410333828809742|24514&4&10.924866754042181|24516&4&171.48671848663304,2|24404&4&262.2751236228146|24409&4&634.8215758908016|24414&4&5.528286089714971|24419&4&249.29532565069212|24425&4&118.0751577223755|24428&4&232.42207989859222|24431&4&1.891219500309412|24432&4&844.2510809147093|24435&4&249.0504449975815|24436&4&197.96531809821|24438&4&170.20477104782094|24440&4&416.20182815216367|24445&4&15.69448069158711|24446&4&572.8476262549452|24448&4&7.19861798369162|24452&4&35.05744952813576|24456&4&174.03909651048602|24462&4&130.76088813464435|24463&4&68.11644764045188|24466&4&4.276917874550186|24468&4&404.67242720981005|24472&4&183.09706468059377|24483&4&8.881784197001252E-16|24487&4&14.665639388735613|24490&4&90.4951820667645|24492&4&53.940192395654606|24498&4&18.314449237868512|24499&4&58.732899781984884|24500&4&86.00517229464786|24504&4&67.69367184187868|24513&4&113.69178949370378|24514&4&65.15239189701495,2|24400&4&99.36089904014716|24404&4&794.2291866196606|24410&4&53.34116405387126|24414&4&370.2267942544127|24422&4&67.95285210461358|24436&4&138.32764707597198|24441&4&237.4159442249803|24443&4&616.5494099526984|24444&4&1029.571100194679|24445&4&235.94031705892957|24449&4&150.5408115674087|24454&4&12.50976759058986|24461&4&997.9513345746802|24462&4&450.09592472167003|24463&4&60.13415773272704|24472&4&790.1450893152053|24473&4&641.8716952011788|24475&4&360.72781364083|24476&4&734.7371761851263|24490&4&166.85591331530958|24492&4&94.91501254070391|24493&4&426.70234506694857|24499&4&1.074776262921453|24500&4&19.14207032923955|24504&4&33.499475446380075,2|24401&4&616.634714345344|24403&4&411.9776569094395|24410&4&180.6625272809141|24412&4&1159.4854955507005|24413&4&11.408381500512538|24418&4&524.3934430190626|24422&4&109.37404109883167|24429&4&733.2668745365212|24432&4&300.29110353784586|24437&4&133.30358457307364|24438&4&51.45840240167204|24450&4&29.817069257832806|24455&4&333.04992788024975|24457&4&513.9455331583048|24458&4&798.1400229993374|24462&4&3.019806626980426E-14|24467&4&1181.6789111521603|24468&4&4.427398843925668|24470&4&300.9092440971576|24482&4&1097.5477185315694|24483&4&394.0438396959871|24490&4&341.80833420849876|24496&4&216.99172977044054|24504&4&22.0481778969715|24513&4&15.095465714616992,2|24400&4&227.32918017403918|24402&4&17.538742244160865|24406&4&343.19469668601425|24410&4&198.23371554552284|24423&4&1063.4360339952195|24424&4&317.7145481362412|24442&4&1023.7089483433493|24453&4&1175.4073577290462|24465&4&264.679261009127|24467&4&7.945639791129591|24489&4&152.0338372185907|24495&4&504.09746583639355|24497&4&79.96236561021982|24498&4&128.7162499736193|24501&4&92.2417424759547|24505&4&172.71027143420076|24506&4&60.881455958843205,2|24401&4&217.75905939827965|24409&4&25.840033794663448|24415&4&441.6872820710434|24424&4&424.09654648726166|24435&4&519.3456683491618|24436&4&152.64422423039485|24449&4&115.04795142507746|24451&4&1113.3061569365677|24455&4&9.347126537071649|24484&4&711.5666807108373|24486&4&5.275046060437143|24491&4&1071.4856693721513|24493&4&209.76632381755564|24494&4&755.7471751378395|24503&4&36.66874625084208
99|4,130,1,1,1,1,1,1,1,1,1,1,1,1,1,1,1,1,1,1,1,1,1,1,1,1,1,1,1,1,1,1,1,1,1,1,1,1,1,1,1,1,1,1,1,1,1,1,1,1,1,1,1,1,1,1,1,1,1,1,1,1,1,1,1,1,1,1,1,1,1,1,1,1,1,1,1,1,1,1,1,1,1,1,1,1,1,1,1,1,1,1,1,1,1,1,1,1,1,1,1,1,0,0,0,0,0,0,0,0,0,0,0,0,0,0,0,0,0,0,0,0,2|24397&4&62.71222704859074|24408&4&240.86155922024383|24413&4&598.724010258296|24417&4&84.39384354037415|24419&4&162.44962073856843|24430&4&738.7408631624612|24431&4&62.5203782724576|24434&4&1026.9450490159902|24435&4&32.40060790180945|24436&4&235.14116631572824|24445&4&173.72194320944763|24448&4&228.98819289193614|24454&4&821.1612580872447|24456&4&156.5064758048855|24457&4&52.157871479157976|24466&4&174.7307015256881|24473&4&91.79115220756734|24476&4&45.1224476359277|24478&4&192.68785973752068|24479&4&674.0930417026035|24484&4&231.00299980740917|24485&4&237.57331953330532|24486&4&198.113578776781|24487&4&202.1687439527516|24488&4&592.3238705704815|24495&4&3.9024244257924674|24500&4&0.0|24509&4&17.722821968883068|24511&4&18.9702990723642|24512&4&70.7182868806662,2|24400&4&348.7102129513455|24402&4&301.51371004173416|24405&4&491.40083524289395|24406&4&223.24694048980155|24414&4&33.35751533178434|24416&4&681.551027191493|24417&4&455.03628243262|24420&4&419.5656697900156|24426&4&667.3090311225554|24437&4&421.15890312138345|24439&4&1065.7149989290606|24447&4&120.64405367766423|24450&4&597.8834781419589|24464&4&248.93026542255055|24465&4&226.6744212097912|24468&4&51.10658062565261|24478&4&765.6566518854765|24485&4&496.066389028266|24511&4&100.15784582797238,2|24403&4&22.730871790799135|24405&4&47.095056215123705|24406&4&70.38987183317928|24409&4&283.8715135051107|24415&4&120.55134428837104|24417&4&386.33544501819017|24419&4&318.84284018953224|24420&4&31.511368240971613|24422&4&187.82148975778114|24426&4&44.46056700548192|24427&4&709.9862401032854|24431&4&632.2972652775838|24445&4&60.62322769846306|24455&4&344.8508276805189|24459&4&553.3217637866303|24460&4&539.4797154788596|24463&4&81.23457311005842|24465&4&43.765843263794665|24466&4&372.0876225673544|24468&4&178.2202709307679|24474&4&236.72437622868586|24476&4&110.59761171630814|24486&4&554.4548709466044|24487&4&-4.085620730620576E-14|24489&4&380.1047743154087|24502&4&9.611277943663056|24507&4&89.81015480694803|24511&4&-2.220446049250313E-16|24515&4&137.90625401519696,2|24407&4&201.84409994570632|24417&4&22.624527183872363|24421&4&112.90009965769586|24432&4&25.037087633200777|24433&4&116.7073591935189|24438&4&72.2326321502938|24439&4&1.450738527629972|24445&4&5.476158472648979|24446&4&422.5584324344187|24452&4&425.01593977834443|24460&4&6.217248937900877E-15|24464&4&224.53188741298004|24469&4&1212.7837036893093|24471&4&170.30529744081147|24480&4&119.57138384850886|24483&4&675.2034533486404|24485&4&18.888405875193488|24500&4&35.11892126148595|24504&4&54.99153146351877|24506&4&19.007857704482436|24508&4&12.72184725585181|24509&4&5.9072596501045735|24513&4&15.853417649746735,2|24398&4&219.93110080424935|24399&4&1086.3946281657795|24411&4&103.4672141292946|24416&4&713.2271509117476|24425&4&55.781789567808985|24431&4&338.83151881728776|24433&4&799.2483491865205|24445&4&77.97450981383037|24449&4&233.77585077009925|24477&4&917.1570244788431|24479&4&-4.85722573273506E-17|24487&4&107.70864659987251|24495&4&73.24017783541913|24497&4&22.769684763796988|24502&4&14.04540666981888|24514&4&6.6362041260679545|24516&4&179.75360677218364,2|24404&4&212.16876790035582|24409&4&875.844970648788|24414&4&3.685524059809976|24419&4&330.91889799764806|24423&4&180.5670203308078|24425&4&109.05135510300353|24428&4&264.908157379437|24431&4&1.3766765505351941E-14|24432&4&859.8082813885458|24435&4&426.8097165166088|24436&4&186.42462887774673|24438&4&160.15769261516397|24440&4&481.18026072532916|24445&4&14.822565097610049|24446&4&723.9560925272938|24448&4&3.5993089918458043|24452&4&23.41900772201848|24456&4&161.40325871478797|24462&4&105.53675007980416|24463&4&52.70814463445645|24466&4&5.329070518200751E-15|24468&4&456.1989219804173|24472&4&157.64106326732133|24481&4&0.0|24487&4&13.557404318323265|24490&4&69.67927631320103|24492&4&50.49157843863241|24498&4&13.482662003400918|24499&4&53.468355863359164|24500&4&94.88312207191747|24504&4&63.03035053557598|24513&4&127.70235941177842|24514&4&61.571312764168695,2|24400&4&80.87315155388009|24404&4&819.7856270952886|24410&4&48.518175963599774|24414&4&337.1578249618387|24422&4&50.02382339346355|24436&4&125.33618435846185|24441&4&272.82311617246455|24443&4&640.8025081049647|24444&4&1051.9491781694974|24445&4&217.77394193007078|24449&4&137.61344718184023|24454&4&3.830955001332662|24461&4&1170.877948692957|24462&4&424.0031032285938|24463&4&54.94577790645711|24472&4&737.0774787778746|24473&4&647.7500534717017|24475&4&338.1557172190037|24476&4&695.38601274275|24490&4&152.78121460939454|24492&4&83.53236202402994|24493&4&398.0378039904391|24499&4&0.0|24500&4&17.526880728734472|24504&4&30.48451227887431,2|24401&4&588.2116568874762|24403&4&393.92647378642584|24410&4&155.04504029941222|24412&4&1146.0500028493227|24413&4&5.31972034432162|24418&4&653.4109141346312|24422&4&243.769483216641|24429&4&828.9752803152196|24432&4&272.69609381776|24437&4&126.32248829259899|24438&4&46.475678402615735|24450&4&19.3596236204084|24455&4&295.41550389308776|24457&4&478.630969503516|24458&4&806.9287300557764|24465&4&82.6746259857149|24467&4&1168.5256421466195|24468&4&4.024908039932425|24470&4&358.84461095702045|24482&4&1013.7340304588811|24483&4&501.77788471673284|24490&4&323.1703054452563|24496&4&331.03726579670257|24504&4&15.976631248061796|24513&4&13.713369244637217,2|24400&4&213.2514939992627|24402&4&9.748670470598654|24406&4&472.55858228003206|24410&4&187.21024052257854|24423&4&972.2389117245025|24424&4&505.9631152766492|24442&4&1018.7038177828847|24453&4&1147.2716227446003|24465&4&248.10262832174215|24467&4&1.7763568394002505E-15|24489&4&124.17855357406384|24495&4&563.9925507833739|24497&4&71.64171299168808|24498&4&138.84909558542927|24501&4&104.57549352133351|24505&4&177.7789102082573|24506&4&76.90778326303645,2|24401&4&188.24816475198566|24409&4&10.44324971786841|24415&4&520.3699312072251|24424&4&374.51014312056896|24435&4&470.17237580674004|24436&4&116.90728464209064|24449&4&312.26320385194407|24451&4&1210.813597669337|24455&4&4.673563268535829|24484&4&629.922400021659|24486&4&2.1316282072803006E-14|24491&4&979.9070029383611|24493&4&180.21700014344609|24494&4&814.989383535243|24503&4&30.360769540824165
100|4,130,1,1,1,1,1,1,1,1,1,1,1,1,1,1,1,1,1,1,1,1,1,1,1,1,1,1,1,1,1,1,1,1,1,1,1,1,1,1,1,1,1,1,1,1,1,1,1,1,1,1,1,1,1,1,1,1,1,1,1,1,1,1,1,1,1,1,1,1,1,1,1,1,1,1,1,1,1,1,1,1,1,1,1,1,1,1,1,1,1,1,1,1,1,1,1,1,1,1,1,1,0,0,0,0,0,0,0,0,0,0,0,0,0,0,0,0,0,0,0,0,2|24397&4&168.77559049758122|24408&4&220.43834141623432|24413&4&639.6322482396788|24417&4&78.36571185891886|24419&4&134.25628697662793|24430&4&676.3239852912211|24431&4&44.025692403270604|24434&4&1159.948774869676|24435&4&14.790458931145915|24436&4&414.1863888275721|24445&4&419.29039358938275|24448&4&202.9841479884676|24454&4&861.6442434770133|24456&4&126.69776889729502|24457&4&35.92377578242435|24466&4&254.1720522039391|24473&4&62.66270395082597|24476&4&38.86201012471916|24478&4&311.1674484869028|24479&4&601.1406329005067|24484&4&377.593906996698|24485&4&307.7868077048958|24486&4&173.7584042552047|24487&4&182.47985750513942|24488&4&656.8442712270769|24495&4&-2.042810365310288E-14|24509&4&15.867101281370417|24511&4&12.674901726082004|24512&4&83.73864621080817,2|24400&4&440.24821558290915|24402&4&322.4278697928096|24405&4&498.86846046801236|24406&4&202.4399992561825|24414&4&25.67869434910015|24416&4&781.2011042094014|24417&4&505.90797779642253|24420&4&432.14901084113876|24426&4&699.5303296766731|24437&4&380.9023455123455|24439&4&1113.1861155015738|24447&4&146.73580231126462|24450&4&573.2617294799172|24464&4&234.77401235718526|24465&4&202.98636980385092|24468&4&41.801889395179515|24478&4&687.5545306928348|24485&4&445.73406278223945|24511&4&113.88291591490955,2|24403&4&9.979241944939764|24405&4&30.893519974382578|24406&4&43.80389256481921|24409&4&240.71262688782843|24415&4&95.81249373142876|24417&4&341.46847208869394|24419&4&296.760852592697|24420&4&15.395827342824584|24422&4&174.71288955845813|24426&4&27.2973405115363|24427&4&672.03102736905|24431&4&591.0850318570901|24445&4&47.59704453530631|24455&4&458.26674684310416|24459&4&629.9228266285089|24460&4&551.4792292868256|24463&4&74.46502535088689|24465&4&32.17835626650157|24466&4&341.6851562407735|24468&4&153.51568099495358|24474&4&217.62741421232937|24476&4&79.86592121669884|24486&4&608.1420347142827|24489&4&387.03265591563314|24502&4&6.0430621183347935|24507&4&81.97998258044086|24515&4&147.0464771404474,2|24407&4&189.85093770310397|24417&4&7.609477833872727|24421&4&99.00950293699584|24432&4&14.868292733268083|24433&4&83.1999890306064|24438&4&66.84859418305332|24439&4&4.884981308350689E-15|24445&4&0.0|24446&4&366.79966932976424|24452&4&390.47269778589657|24457&4&23.69803478296842|24464&4&192.41375934580674|24469&4&1107.450825278445|24471&4&250.69893238535238|24473&4&111.24222998143256|24480&4&217.69162975685202|24483&4&586.3331914344029|24485&4&6.371848187030315|24500&4&33.053102363751485|24504&4&51.927945357191966|24506&4&15.577165280050894|24508&4&8.421036439800805|24509&4&2.974810401249223|24513&4&10.661283799966474,2|24398&4&197.40687011400522|24399&4&1017.1472561750734|24411&4&89.7023831580479|24416&4&612.8372577192531|24425&4&49.91374192226484|24431&4&304.4366080701612|24433&4&736.5970676451689|24445&4&68.27847019636|24449&4&189.84461844403026|24477&4&940.3392605573149|24487&4&92.89470589558627|24495&4&63.643366152749394|24497&4&40.19624541904473|24502&4&12.680479510828015|24514&4&3.365264416804158|24516&4&186.0220459944084,2|24404&4&164.33784637272458|24409&4&952.9390557741697|24414&4&1.8427620299049812|24419&4&433.75372849329113|24423&4&201.44557109330026|24425&4&100.02755248363157|24428&4&246.61624019488204|24432&4&918.9255194700384|24435&4&545.6833089161271|24436&4&174.88393965728346|24438&4&150.110614182507|24440&4&538.5684850251822|24445&4&13.950649503632988|24446&4&821.2960062206563|24448&4&-1.1546319456101628E-14|24452&4&17.115712796091152|24456&4&148.7674209190899|24462&4&80.31261202496397|24463&4&37.299841628461024|24468&4&507.912272967087|24472&4&132.18506185404885|24481&4&50.17395340544067|24487&4&12.449169247910916|24490&4&55.704145002976546|24492&4&47.04296448161021|24498&4&9.519649771849167|24499&4&48.20381194473345|24500&4&105.78577657470075|24504&4&58.367029229273264|24513&4&139.63206876532917|24514&4&69.19044398023976,2|24400&4&65.80913278149934|24404&4&986.1117470372398|24410&4&43.695187873328294|24414&4&304.08885566926483|24422&4&38.06129420959728|24436&4&112.3447216409517|24441&4&313.16805038704825|24443&4&648.2355665239102|24444&4&959.517484352889|24445&4&199.60756680121204|24449&4&124.68608279627175|24454&4&-8.881784197001252E-16|24461&4&1323.3875194697541|24462&4&487.6641763465756|24463&4&49.75739808018718|24472&4&684.0098682405439|24473&4&605.3415327070314|24475&4&439.4735060697616|24476&4&760.8236347741637|24490&4&138.7065159034795|24492&4&72.14971150735596|24493&4&392.659866803986|24500&4&15.911691128229394|24504&4&27.469549111368543,2|24401&4&547.9643764250804|24403&4&526.830523048158|24410&4&129.4275533179104|24412&4&1051.7873442288872|24413&4&-3.375077994860476E-14|24418&4&670.5735224635437|24422&4&353.7941184900779|24429&4&951.9075366837669|24432&4&245.10108409767412|24437&4&139.22167510833202|24438&4&41.49295440355943|24450&4&8.90217798298399|24455&4&257.78107990592576|24457&4&443.31640584872736|24458&4&852.3578317930578|24465&4&78.54089468642916|24467&4&1320.5599576243508|24468&4&3.6224172359391824|24470&4&443.41160672854073|24482&4&1037.221667497894|24483&4&720.4336653903367|24490&4&364.97276995076146|24496&4&399.7309327884482|24504&4&10.817815894050263|24513&4&12.331272774657442,2|24400&4&199.1738078244862|24402&4&4.342136345819126|24406&4&578.7318173158876|24410&4&189.49462945083772|24423&4&881.8862210370748|24424&4&563.4536570351447|24442&4&1112.5530322236814|24453&4&1048.7752910553086|24465&4&231.5259956343573|24489&4&99.162945655276|24495&4&569.553208113966|24497&4&64.20676349348258|24498&4&130.0867233999908|24501&4&117.42585177277665|24505&4&182.75971721686867|24506&4&92.60311081071718,2|24401&4&158.73727010569166|24409&4&5.086936430136966|24415&4&537.2010155288169|24424&4&332.4943743322092|24435&4&420.9990832643184|24436&4&82.8766238801021|24449&4&386.95709034887096|24451&4&1231.2709151015983|24455&4&8.881784197001252E-15|24484&4&556.4313094281318|24491&4&1044.6185435170064|24493&4&152.1851575729285|24494&4&871.0617302064157|24503&4&25.046707012057887
101|4,130,1,1,1,1,1,1,1,1,1,1,1,1,1,1,1,1,1,1,1,1,1,1,1,1,1,1,1,1,1,1,1,1,1,1,1,1,1,1,1,1,1,1,1,1,1,1,1,1,1,1,1,1,1,1,1,1,1,1,1,1,1,1,1,1,1,1,1,1,1,1,1,1,1,1,1,1,1,1,1,1,1,1,1,1,1,1,1,1,1,1,1,1,1,1,1,1,1,1,1,1,0,0,0,0,0,0,0,0,0,0,0,0,0,0,0,0,0,0,0,0,2|24397&4&261.7174816419746|24408&4&200.01512361222484|24413&4&633.6658406842491|24417&4&72.33758017746356|24419&4&112.65375555251129|24430&4&678.4576374428393|24431&4&27.41809375794216|24434&4&1061.0911479634638|24435&4&6.040469864849823|24436&4&478.3943233841966|24445&4&459.45852418681113|24448&4&333.530363823437|24454&4&913.9065231813579|24456&4&97.92097796230848|24457&4&20.574622986926435|24466&4&240.90897401227687|24473&4&39.82027035058205|24476&4&32.60157261351063|24478&4&379.6038546611911|24479&4&720.6945352865048|24484&4&562.7374724316535|24485&4&424.7258090581898|24486&4&149.40322973362836|24487&4&162.79097105752723|24488&4&771.5795350587421|24509&4&35.32635305648425|24511&4&6.379504379799806|24512&4&97.54274933177372,2|24400&4&507.5178717760575|24402&4&444.40061999474324|24405&4&501.0201678343843|24406&4&181.63305802256343|24414&4&17.99987336641596|24416&4&912.995432600622|24417&4&731.409755906943|24420&4&402.34423072383095|24426&4&647.3636553196675|24437&4&340.64578790330745|24439&4&1029.592572719114|24447&4&137.22115496853084|24450&4&596.6646365010224|24464&4&220.61775929182|24465&4&179.29831839791066|24468&4&32.49719816470642|24478&4&617.1338903811892|24485&4&395.401736536213|24511&4&127.42845093057804,2|24403&4&2.3051777588417415|24405&4&15.831836640625228|24406&4&24.508349509826484|24409&4&197.55374027054614|24415&4&73.82228367757708|24417&4&296.6014991591977|24419&4&274.6788649958618|24420&4&10.26388489521646|24422&4&161.6042893591351|24426&4&17.63920447073562|24427&4&763.2252994446961|24431&4&549.8727984365966|24445&4&34.570861372149565|24455&4&426.94008056947536|24459&4&685.5927029505793|24460&4&537.5131367338887|24463&4&83.92073561972944|24465&4&20.59086926920847|24466&4&314.15616660996926|24468&4&128.8110910591393|24474&4&0.0|24476&4&53.35120980180076|24486&4&570.0859002595896|24489&4&539.0752682155105|24502&4&3.190404197668225|24507&4&74.65520339187147|24515&4&155.96935835558497,2|24407&4&177.8577754605016|24417&4&0.9952423157615207|24421&4&126.4687822087698|24432&4&5.716390386360787|24433&4&54.93387988460644|24438&4&61.46455621581285|24446&4&317.9944812103945|24452&4&355.92945579344877|24457&4&22.513133043819998|24464&4&162.32355445312425|24469&4&1034.2028256250733|24471&4&277.53709557866307|24473&4&195.40286566771613|24480&4&206.76947106430774|24483&4&510.6100152858408|24485&4&0.0|24487&4&159.59923192796597|24500&4&30.98728346601702|24504&4&48.86435925086518|24506&4&12.842043702399948|24508&4&5.031113371148004|24509&4&1.0070248885495943|24513&4&6.457445001993243,2|24398&4&210.74600076474198|24399&4&914.8077862772774|24411&4&80.50542534556128|24416&4&520.9762794227994|24425&4&44.045694276720695|24431&4&270.04169732303455|24433&4&813.5363720967318|24444&4&25.329819879398656|24445&4&58.58243057888964|24449&4&151.97465082916307|24464&4&65.93680016133176|24477&4&906.366254242831|24487&4&78.08076519130005|24495&4&54.046554470079656|24496&4&96.52413932554961|24497&4&57.45383755563141|24502&4&14.385204713935092|24504&4&4.279135296371183|24514&4&1.1366060237587259|24516&4&190.72161806307682,2|24404&4&123.26656321865133|24409&4&1064.3603988938678|24414&4&-1.3766765505351941E-14|24419&4&410.3053187448961|24423&4&247.73494303659174|24425&4&91.00374986425962|24428&4&228.32432301032713|24432&4&1084.917837365605|24435&4&637.4249463152712|24436&4&163.3432504368202|24438&4&140.06353574985002|24440&4&510.2548292593401|24445&4&13.078733909655927|24446&4&835.9544613221182|24452&4&11.410475197394106|24456&4&283.1887443905547|24462&4&56.16795053529838|24463&4&21.8915386224656|24468&4&612.438263349843|24472&4&106.72906044077638|24481&4&47.665255735168635|24487&4&11.340934177498568|24490&4&41.729013692752076|24492&4&43.594350524588|24498&4&5.556637540297416|24499&4&42.93926802610774|24500&4&116.73942849426035|24504&4&53.70370792297056|24513&4&150.94501502143737|24514&4&84.45786143271451,2|24400&4&54.78210014357693|24404&4&1020.3936209320889|24410&4&38.872199783056814|24414&4&389.90555955040384|24422&4&29.61653458651191|24436&4&99.35325892344156|24441&4&295.47792727991316|24443&4&734.199989108356|24444&4&873.1608165151753|24445&4&181.44119167235326|24449&4&111.75871841070327|24461&4&1342.0691157853853|24462&4&457.0836601229464|24463&4&44.56901825391725|24472&4&780.2892428496809|24473&4&562.9330119423612|24475&4&462.3550561178736|24476&4&771.6150627176615|24490&4&124.63181719756447|24492&4&60.767060990681976|24493&4&458.7159396661134|24500&4&14.296501527724317|24504&4&24.454585943862778|24507&4&22.185157907997905,2|24401&4&507.71709596268465|24403&4&564.0544469635997|24410&4&103.81006633640851|24412&4&957.5246856084516|24418&4&665.0958215758039|24422&4&371.52010620013755|24429&4&1078.0430034885599|24432&4&217.50607437758825|24437&4&227.12211841921294|24438&4&36.510230404503126|24450&4&4.213456843325208|24455&4&220.14665591876374|24457&4&408.0018421939385|24458&4&826.9617385078884|24465&4&158.74801245573573|24467&4&1374.3028332885062|24468&4&3.2199264319459395|24470&4&413.94501944804415|24482&4&1053.513375016239|24483&4&868.3813163544563|24490&4&408.08883219414037|24496&4&370.0534807566671|24504&4&6.619657863749921|24513&4&10.949176304677666,2|24400&4&185.09612164970966|24402&4&0.0|24406&4&543.8278326054765|24410&4&245.33573867331455|24423&4&794.7822931130343|24424&4&531.9095428911164|24442&4&1009.0891079666949|24453&4&1128.1458936409563|24465&4&214.94936294697243|24489&4&76.07866557023792|24495&4&592.2382468009571|24497&4&57.46173506501706|24498&4&121.32435121455234|24501&4&130.70412408061642|24505&4&187.57923940597388|24506&4&100.38671441612601,2|24399&4&143.52596774813463|24401&4&129.22637545939764|24409&4&2.8421709430404007E-14|24415&4&550.3616405033465|24424&4&293.62038338755895|24435&4&371.8257907218968|24436&4&51.908810124645214|24449&4&378.6418329262675|24451&4&1275.5053961135154|24484&4&486.16595326333754|24491&4&1140.9422769478235|24493&4&124.15331500241089|24494&4&800.4261719625844|24498&4&43.32639367848162|24503&4&20.707743450758144
102|4,130,1,1,1,1,1,1,1,1,1,1,1,1,1,1,1,1,1,1,1,1,1,1,1,1,1,1,1,1,1,1,1,1,1,1,1,1,1,1,1,1,1,1,1,1,1,1,1,1,1,1,1,1,1,1,1,1,1,1,1,1,1,1,1,1,1,1,1,1,1,1,1,1,1,1,1,1,1,1,1,1,1,1,1,1,1,1,1,1,1,1,1,1,1,1,1,1,1,1,1,1,0,0,0,0,0,0,0,0,0,0,0,0,0,0,0,0,0,0,0,0,2|24397&4&247.87861496903594|24408&4&179.59190580821536|24413&4&570.0650179535985|24417&4&66.30944849600827|24419&4&91.54850559103807|24430&4&767.9874321985882|24431&4&12.981165519051649|24434&4&965.839422943143|24435&4&0.0|24436&4&487.19025467683923|24445&4&434.63841311922147|24448&4&307.3243081428259|24454&4&855.6362982924873|24456&4&74.4630160955166|24457&4&10.322013607697878|24466&4&227.6458958206146|24473&4&24.391648954835496|24476&4&26.341135102302097|24478&4&476.7691020525677|24479&4&795.6089609120822|24484&4&569.9524301325375|24485&4&648.9142552456713|24486&4&125.09955634667406|24487&4&149.10999039409862|24488&4&756.0862465230109|24509&4&32.40488374584027|24511&4&3.180877519701572|24512&4&91.01006758998528,2|24400&4&494.15156569093296|24402&4&409.228158358563|24405&4&593.5327853405886|24406&4&160.8261167889444|24414&4&10.321052383731777|24416&4&1071.2357537619375|24417&4&854.6624971917724|24420&4&429.5199943833157|24426&4&714.5420425451537|24434&4&159.8121831089628|24437&4&300.3892302942695|24439&4&1044.0141664206972|24447&4&127.70650762579703|24450&4&651.6120110846377|24464&4&206.46150622645467|24465&4&155.61026699197038|24468&4&23.19250693423332|24478&4&553.0745244966026|24485&4&345.0694102901864|24511&4&140.28936988548634,2|24402&4&33.002885821523876|24403&4&4.440892098500626E-15|24405&4&5.354709966760248|24406&4&10.638435731109002|24409&4&303.54650330400193|24410&4&174.75576742711758|24415&4&53.33436640561733|24417&4&251.73452622970154|24419&4&252.59687739902648|24420&4&5.131942447608248|24422&4&148.49568915981206|24423&4&160.77861609664728|24426&4&7.981068429934949|24427&4&893.3440887199772|24431&4&508.6605650161029|24445&4&21.544678208992817|24455&4&395.61341429584655|24459&4&700.1012893858572|24460&4&519.374377667296|24463&4&212.4874696498333|24465&4&9.003382271915378|24466&4&286.8698375511538|24468&4&115.31450460207839|24474&4&13.277946302445955|24476&4&31.747323358052217|24486&4&532.0297658048967|24489&4&555.2400087822049|24502&4&1.0774422347948647|24507&4&68.21578225986511|24515&4&154.78946396143965,2|24406&4&30.104964504372333|24407&4&165.8646132178993|24417&4&2.886579864025407E-15|24419&4&2.8061459962161734|24421&4&201.26762425898178|24431&4&245.1951675661948|24432&4&0.0|24433&4&32.692912252490856|24435&4&159.4495261470626|24438&4&56.08051824857238|24442&4&6.850331741123227|24445&4&73.57192115145176|24446&4&319.46136144797504|24452&4&419.1518319763789|24453&4&259.41830934071476|24457&4&54.428813890675144|24464&4&139.18228365901498|24469&4&1061.8529134069292|24471&4&330.2493688036644|24473&4&272.5827609249678|24480&4&192.7039017414776|24483&4&447.7521494246384|24487&4&203.88769987841147|24500&4&28.921464568282552|24504&4&45.800773144538375|24506&4&10.106922124749008|24508&4&2.356325229111623|24509&4&11.216307062174455|24513&4&3.264683605562267,2|24398&4&218.49302448304522|24399&4&818.3984392930515|24411&4&188.1306178877116|24416&4&437.75422313041895|24425&4&38.17764663117654|24431&4&235.64678657590804|24433&4&851.7825462499859|24444&4&207.70092885468372|24445&4&48.886390961419266|24449&4&120.56480392294448|24462&4&229.00548818100938|24464&4&83.94906942044665|24477&4&1003.2590227143405|24487&4&63.266824487013814|24495&4&44.449742787409924|24496&4&216.66483121704186|24497&4&73.94657221338822|24502&4&22.29379285195531|24504&4&13.251751991312398|24514&4&-3.1086244689504383E-15|24516&4&195.10223315035068,2|24404&4&88.04884053272662|24409&4&1000.9652036025813|24419&4&386.85690899650115|24423&4&234.37059352866055|24425&4&99.19244949505345|24428&4&210.03240582577223|24432&4&1155.6191853225143|24435&4&601.1052273177601|24436&4&151.80256121635696|24438&4&130.01645731719304|24440&4&555.8908001719614|24445&4&12.206818315678866|24446&4&785.9259204233284|24452&4&5.705237598697063|24456&4&388.2870672331326|24462&4&36.722058578176984|24463&4&13.71021368931371|24468&4&665.2007283654979|24472&4&81.27305902750392|24481&4&45.1565580648966|24487&4&10.23269910708622|24490&4&27.753882382527614|24492&4&131.51798958499853|24498&4&3.102631550303449|24499&4&46.923013672822954|24500&4&126.58300949686216|24504&4&49.040386616667845|24513&4&161.67941088515968|24514&4&79.34634642728403,2|24400&4&46.28062582047214|24404&4&1023.2119992137058|24410&4&34.04921169278533|24414&4&398.8262295556329|24422&4&21.17177496342657|24436&4&86.36179620593141|24441&4&277.7878041727781|24443&4&870.8763275124372|24444&4&792.2848399802193|24445&4&163.27481654349452|24449&4&98.83135402513479|24461&4&1359.0788396099824|24462&4&426.5031438993172|24463&4&39.38063842764732|24472&4&719.7542830550269|24473&4&520.5244911776912|24475&4&512.0039184723573|24476&4&895.7796405925077|24490&4&110.55711849164945|24492&4&49.384410474008|24493&4&554.4015137912312|24500&4&12.68131192721924|24504&4&21.439622776357012|24507&4&39.223249754525476,2|24401&4&646.7875602851667|24403&4&581.8029204015676|24410&4&82.73663069049141|24412&4&863.2620269880159|24418&4&706.0779364389036|24422&4&350.60029703435976|24429&4&1113.2926439431012|24432&4&189.91106465750238|24437&4&214.35323029661964|24438&4&31.527506405446818|24450&4&0.0|24455&4&182.51223193160175|24457&4&372.6872785391499|24458&4&794.0476139530015|24465&4&289.14383729094027|24467&4&1415.3569370259409|24468&4&2.8174356279526966|24470&4&388.6540225257056|24482&4&1146.120999138181|24483&4&973.9794261038974|24490&4&396.5494099610439|24496&4&343.7109420334649|24504&4&3.271708378710571|24513&4&9.56707983469789,2|24400&4&171.01843547493317|24406&4&508.9238478950655|24410&4&230.270371580661|24423&4&708.6391901691866|24424&4&560.0982004460927|24442&4&912.6774389150497|24453&4&1030.3504776037873|24465&4&198.37273025958754|24489&4&58.344384743889975|24495&4&553.3340205005466|24497&4&51.63964060677398|24498&4&112.56197902911387|24501&4&143.48841631728249|24505&4&191.09814304533185|24506&4&116.71525804293294,2|24399&4&258.07147551279303|24401&4&102.31673695267493|24415&4&592.2510183028953|24424&4&257.8095515764445|24435&4&322.6524981794752|24436&4&33.41791222259772|24449&4&424.44635308824417|24451&4&1343.4552702103074|24470&4&62.41828031307017|24484&4&423.5308160665934|24491&4&1172.3015724105067|24493&4&96.12147243189328|24494&4&729.7906137187533|24498&4&55.37590577431551|24503&4&16.36877988945841
103|4,130,1,1,1,1,1,1,1,1,1,1,1,1,1,1,1,1,1,1,1,1,1,1,1,1,1,1,1,1,1,1,1,1,1,1,1,1,1,1,1,1,1,1,1,1,1,1,1,1,1,1,1,1,1,1,1,1,1,1,1,1,1,1,1,1,1,1,1,1,1,1,1,1,1,1,1,1,1,1,1,1,1,1,1,1,1,1,1,1,1,1,1,1,1,1,1,1,1,1,1,1,0,0,0,0,0,0,0,0,0,0,0,0,0,0,0,0,0,0,0,0,2|24397&4&248.31464881966147|24408&4&172.61862529310991|24413&4&637.7160869403009|24417&4&60.28131681455298|24419&4&74.61430648562414|24430&4&776.105727254794|24431&4&5.122513633045133|24434&4&877.3362788926154|24436&4&559.6581460785233|24445&4&409.81830205163186|24448&4&289.0053858779662|24454&4&906.3070779246922|24456&4&57.03584838426342|24457&4&8.188476804364992|24466&4&214.38281762895238|24473&4&16.491549968101545|24476&4&20.080697591093564|24478&4&450.6337268476066|24479&4&886.0310949499442|24484&4&625.9400675909259|24485&4&687.0400487114425|24486&4&101.10166667953243|24487&4&139.36416265440002|24488&4&791.3757052198209|24509&4&29.483414435196295|24511&4&1.0599055820714194|24512&4&104.79305290849265,2|24400&4&593.6280715973446|24402&4&374.0556967223828|24405&4&602.301383730908|24406&4&140.01917555532538|24414&4&2.6422314010475914|24416&4&1278.1911477763085|24417&4&841.916490941471|24420&4&503.1721718120524|24426&4&789.3228443073629|24434&4&310.20540375765313|24437&4&260.13267268523146|24439&4&1074.3722639313032|24447&4&118.19186028306322|24450&4&593.7121504314508|24464&4&192.3052531610894|24465&4&131.92221558603006|24468&4&13.887815703760225|24478&4&491.04652097089894|24485&4&301.05429860338455|24511&4&153.55395943875152,2|24401&4&88.86522734198752|24402&4&74.53668400762106|24405&4&0.045625088011990854|24406&4&3.2005822286397354|24409&4&468.2822244618031|24410&4&218.27797028528133|24415&4&34.33815859268465|24417&4&206.86755330020537|24419&4&230.51488980219122|24420&4&3.552713678800501E-14|24422&4&135.38708896048905|24423&4&172.5458721122056|24425&4&53.32920087178056|24426&4&7.815970093361102E-14|24427&4&1013.3645921025225|24431&4&467.44833159560926|24445&4&8.518495045836069|24455&4&391.1712498796782|24459&4&739.2811413773964|24460&4&480.8239866766437|24463&4&198.09928175472726|24465&4&0.4654664334368351|24466&4&261.72614780074537|24468&4&101.81791814501753|24474&4&77.88968790307261|24476&4&15.457010104470303|24486&4&577.0360090687113|24489&4&662.8921139824672|24502&4&-7.549516567451064E-15|24506&4&23.0510913094854|24507&4&62.317557808913236|24515&4&172.92060703109152,2|24406&4&225.06547638202565|24407&4&225.88178897883787|24419&4&2.665838696405365|24421&4&281.945135766082|24431&4&404.5894273030518|24433&4&16.63402058241212|24435&4&151.47704983970948|24438&4&50.696480281331915|24442&4&156.54562899681693|24445&4&241.62287398009602|24446&4&461.57704803701927|24452&4&492.38893411855315|24453&4&376.7218075839127|24457&4&163.82115474364065|24464&4&117.51885161160197|24469&4&1107.164001914735|24471&4&310.15795303935414|24473&4&333.581419381488|24480&4&178.63833241864748|24483&4&390.97681417574785|24487&4&233.09072500041913|24500&4&26.855645670548085|24504&4&42.73718703821157|24506&4&7.371800547098068|24508&4&0.6684814228774063|24509&4&28.35795478907616|24513&4&1.1057915000995016,2|24398&4&225.01484138478887|24399&4&730.3599563679785|24411&4&269.7434537429877|24416&4&363.24603152373106|24425&4&32.30959898563239|24431&4&201.25187582878144|24433&4&876.6952751748881|24444&4&265.4026811026318|24445&4&39.190351343948905|24449&4&89.15495701672583|24458&4&99.94008692486648|24462&4&293.09630032734617|24464&4&242.6723510069794|24465&4&206.07782698581917|24477&4&1030.698596390314|24478&4&220.01430417684827|24487&4&48.45288378272757|24495&4&34.85293110474019|24496&4&205.5902793078759|24497&4&69.93733492097452|24502&4&36.90053119549119|24504&4&26.82199590416873|24516&4&198.56046970401417,2|24404&4&59.839619084336704|24409&4&937.5700083112949|24419&4&363.4084992481061|24423&4&221.0062440207293|24425&4&89.3080217631732|24428&4&191.7404886412173|24432&4&1306.0472721839942|24435&4&564.785508320249|24436&4&140.2618719958937|24438&4&119.96937888453607|24440&4&514.9137699955572|24445&4&11.334902721701805|24446&4&735.8973795245388|24450&4&98.273642481595|24452&4&1.9539925233402755E-14|24456&4&466.86482799173547|24462&4&23.068426338204766|24463&4&11.425178074428125|24468&4&623.7904949574182|24472&4&55.81705761423146|24481&4&168.18739557033163|24487&4&9.12446403667387|24490&4&13.778751072303152|24492&4&186.8663487750456|24498&4&0.9857793133093069|24499&4&55.17326824741916|24500&4&137.7559899284481|24504&4&44.37706531036513|24513&4&171.38773460121917|24514&4&74.23483142185357,2|24400&4&37.779151497367344|24404&4&1048.0317717970274|24410&4&29.226223602513844|24414&4&423.7412999296422|24422&4&12.727015340341232|24436&4&73.3703334884213|24441&4&260.09768106564303|24443&4&811.1857493728186|24444&4&717.6810664350721|24445&4&145.10844141463576|24449&4&85.9039896395663|24461&4&1405.95689591595|24462&4&395.9226276756881|24463&4&34.19225860137739|24472&4&659.2193232603729|24473&4&478.11597041302093|24475&4&507.61878144959644|24476&4&967.2160660886|24490&4&96.48241978573444|24492&4&38.04059355477246|24493&4&695.2921741795291|24500&4&11.066122326714162|24504&4&18.424659608851247|24507&4&56.65895342553608,2|24401&4&597.574392583527|24403&4&572.9991573049755|24410&4&61.89449692244105|24412&4&852.9359660950444|24418&4&811.0624773447687|24422&4&383.81445165901613|24429&4&1164.2932163277403|24432&4&162.31605493741648|24437&4&328.1695094463775|24438&4&26.54478240639051|24455&4&144.87780794443972|24457&4&337.37271488436113|24458&4&732.2351838709844|24465&4&273.8557336088289|24467&4&1404.026170970599|24468&4&2.4149448239594538|24470&4&363.96294798113684|24482&4&1215.0309994704153|24483&4&1054.8240662254452|24490&4&501.689248098567|24496&4&322.6766797489323|24504&4&1.1024933765608174|24513&4&8.184983364718112,2|24400&4&156.94074930015668|24406&4&474.0198631846544|24410&4&215.2050044880075|24423&4&630.5894994131747|24424&4&525.5674477171143|24442&4&823.3702864044875|24453&4&938.8242382040683|24465&4&181.7960975722027|24489&4&42.14513936232173|24495&4&514.429794200136|24497&4&46.39232727423514|24498&4&103.79960684367539|24501&4&155.64153094849922|24505&4&194.86857496254535|24506&4&109.6252199848821,2|24399&4&355.7698008976422|24401&4&85.04015965452433|24415&4&614.3622237091855|24424&4&228.46643698174998|24435&4&273.4792056370535|24436&4&20.1056775916736|24449&4&496.70492722869096|24451&4&1321.7806406407958|24470&4&62.0521938037561|24484&4&363.94094835893736|24491&4&1182.3554291462488|24493&4&68.08962986137568|24494&4&767.9282082107898|24498&4&69.0980013411274|24503&4&13.541345961786275|24514&4&1.5722109049265782
104|4,130,1,1,1,1,1,1,1,1,1,1,1,1,1,1,1,1,1,1,1,1,1,1,1,1,1,1,1,1,1,1,1,1,1,1,1,1,1,1,1,1,1,1,1,1,1,1,1,1,1,1,1,1,1,1,1,1,1,1,1,1,1,1,1,1,1,1,1,1,1,1,1,1,1,1,1,1,1,1,1,1,1,1,1,1,1,1,1,1,1,1,1,1,1,1,1,1,1,1,1,1,0,0,0,0,0,0,0,0,0,0,0,0,0,0,0,0,0,0,0,0,2|24397&4&270.82637620503056|24408&4&207.85194181923126|24413&4&575.9277610677997|24417&4&54.25318513309769|24419&4&57.6801073802102|24430&4&795.9001560288436|24431&4&0.0|24434&4&795.805529891265|24436&4&600.438871486127|24445&4&384.9981909840422|24448&4&367.62722729751925|24454&4&828.3177840753765|24456&4&39.9672178347749|24457&4&6.823730670304161|24466&4&201.11973943729015|24473&4&10.652012022339065|24476&4&13.820260079885031|24478&4&424.4983516426456|24479&4&836.2564798536071|24484&4&672.6432345033807|24485&4&787.1090102169862|24486&4&77.10377701239078|24487&4&129.61833491470145|24488&4&770.2344061929298|24509&4&26.561945124552317|24511&4&-4.440892098500626E-16|24512&4&110.06955882058352,2|24400&4&557.9917847013307|24402&4&339.6802053414012|24405&4&610.0180314015441|24406&4&119.21223432170633|24414&4&0.5051569336160748|24416&4&1196.2847262633677|24417&4&892.9072170596721|24420&4&465.2030652691608|24426&4&724.5431804113156|24434&4&389.4734272764005|24437&4&229.13692480781253|24439&4&994.7989881362845|24447&4&110.51316452882948|24450&4&535.8122897782638|24464&4&178.1490000957241|24465&4&108.23416418008979|24468&4&4.583124473287129|24478&4&434.4689575262931|24485&4&259.04136444548135|24511&4&164.25397508116302,2|24401&4&84.42196597488814|24402&4&96.10515712420883|24405&4&0.022812544005981136|24406&4&102.48827894389375|24409&4&579.28430246192|24410&4&251.4430763076786|24415&4&21.211595511238947|24416&4&145.01310880313486|24417&4&162.00058037070917|24419&4&208.43290220535596|24422&4&122.27848876116603|24423&4&166.91082654098906|24425&4&50.66274082819153|24427&4&940.0018986556382|24431&4&426.23609817511556|24445&4&6.039613253960852E-14|24455&4&358.5003585131764|24459&4&693.170378865495|24460&4&442.27359568599144|24463&4&183.7110938596212|24465&4&2.55351295663786E-15|24466&4&236.5824580503368|24468&4&89.88126193510938|24474&4&84.8744489435223|24476&4&4.16786328028081|24482&4&45.74892918331989|24486&4&579.7824234257189|24489&4&667.2401741946326|24506&4&46.714181671855364|24507&4&57.28130856156247|24513&4&19.69241188739654|24515&4&180.21158076603467,2|24406&4&213.73694015166342|24407&4&254.62345718335325|24419&4&2.5255313965945563|24421&4&264.0903224216886|24431&4&467.38756780861877|24433&4&6.026398113358008|24435&4&143.50457353235635|24438&4&45.31244231409144|24442&4&227.06627020510948|24445&4&316.2419693184112|24446&4&486.51888128603844|24452&4&447.32397996516687|24453&4&357.23717143136525|24457&4&237.6335161724929|24464&4&103.47124238116834|24469&4&1269.6371115005445|24471&4&290.0665372750439|24473&4&520.9283988618458|24480&4&164.57276309581738|24483&4&340.6966138375628|24487&4&239.82250834689168|24500&4&24.78982677281362|24504&4&39.67360093188478|24506&4&5.014263198959993|24508&4&-4.218847493575595E-15|24509&4&38.41503067194802|24513&4&-3.1086244689504383E-15,2|24398&4&312.8360328616675|24399&4&648.0098571685138|24411&4&330.77458494945773|24412&4&27.59345654117982|24416&4&297.37766316673105|24425&4&26.441551340088246|24431&4&166.85696508165486|24433&4&995.0982066827667|24435&4&93.90663189620614|24444&4&353.5196000893176|24445&4&29.494311726478543|24449&4&63.45389042501335|24458&4&135.92818695995874|24462&4&316.65616815003943|24464&4&309.81533419040187|24465&4&220.40040689803124|24467&4&91.70940314862185|24477&4&961.9686463389585|24478&4&259.7312094430016|24487&4&33.63894307844133|24495&4&25.256119422070455|24496&4&194.51572739870994|24497&4&101.73790911734984|24502&4&43.05419513435095|24504&4&42.57873114685525|24516&4&199.33963827907093,2|24404&4&37.702123274499165|24409&4&874.1748130200084|24419&4&339.9600894997111|24423&4&207.6418945127981|24425&4&79.42359403129295|24428&4&231.0716264490393|24432&4&1300.8117684947256|24435&4&528.4657893227379|24436&4&128.72118277543044|24438&4&109.9223004518791|24440&4&516.1987766196005|24445&4&10.462987127724745|24446&4&685.868838625749|24450&4&98.76973267616619|24456&4&493.228707522899|24462&4&15.78015150456406|24463&4&9.1401424595425|24468&4&688.1177478183259|24472&4&30.40798440527425|24481&4&187.94321682597132|24487&4&8.016228966261522|24490&4&4.916097221064277|24492&4&211.41624975739882|24498&4&0.0|24499&4&70.99118992579353|24500&4&150.63512933355065|24504&4&39.71374400406242|24513&4&159.78349577618698|24514&4&69.12331641642311,2|24400&4&33.05675756019641|24404&4&1088.4904246678607|24410&4&24.40323551224236|24414&4&407.73976297801846|24422&4&4.282255717255893|24436&4&60.37887077091115|24441&4&242.40755795850797|24443&4&751.4951712331997|24444&4&648.5138339797177|24445&4&126.94206628577699|24449&4&72.97662525399784|24461&4&1338.5944029117786|24462&4&365.3421114520588|24463&4&29.00387877510746|24472&4&598.6843634657189|24473&4&435.70744964835086|24475&4&519.831738392263|24476&4&1051.556756598246|24490&4&82.40772107981941|24492&4&27.345097707820635|24493&4&686.6511385010056|24500&4&9.450932726209086|24504&4&15.40969644134548|24507&4&73.33727969597781,2|24401&4&548.3612248818874|24403&4&520.1771002934338|24410&4&41.060441931714635|24412&4&763.0156786662753|24418&4&743.7599317289651|24422&4&414.1453475877439|24429&4&1174.0584586287846|24432&4&134.7210452173306|24437&4&352.2046721335843|24438&4&21.562058407334202|24455&4&110.66124630517281|24457&4&302.05815122957245|24458&4&673.8284894669407|24465&4&258.5676299267176|24467&4&1280.11870079874|24468&4&2.012454019966211|24470&4&339.27187343656806|24482&4&1114.0508097944448|24483&4&1135.2250986762353|24490&4&571.3232864206472|24496&4&301.6424174643997|24504&4&-3.1086244689504383E-15|24513&4&6.802886894738337,2|24400&4&142.86306312538017|24406&4&439.11587847424335|24410&4&200.13963739535396|24423&4&559.3875411361661|24424&4&525.6752593464549|24442&4&740.1437785437998|24453&4&848.6267867579729|24465&4&165.21946488481782|24489&4&33.18381914559349|24495&4&522.165984955018|24497&4&42.06111755449919|24498&4&95.03723465823693|24501&4&166.1450275944834|24505&4&198.49327472064084|24506&4&102.53518192683123,2|24399&4&402.2453305607868|24401&4&67.76358235637375|24415&4&624.5322915884211|24418&4&23.528508335211825|24424&4&199.1233223870555|24435&4&224.30591309463185|24436&4&9.795389629036443|24449&4&558.1563329302688|24451&4&1333.074721074181|24470&4&58.793538412785615|24484&4&313.00092323374724|24491&4&1200.6694549497724|24493&4&47.43332617030403|24494&4&803.4021298141779|24498&4&83.05348721575038|24503&4&11.31192314669874|24514&4&3.509075628907143
105|4,130,1,1,1,1,1,1,1,1,1,1,1,1,1,1,1,1,1,1,1,1,1,1,1,1,1,1,1,1,1,1,1,1,1,1,1,1,1,1,1,1,1,1,1,1,1,1,1,1,1,1,1,1,1,1,1,1,1,1,1,1,1,1,1,1,1,1,1,1,1,1,1,1,1,1,1,1,1,1,1,1,1,1,1,1,1,1,1,1,1,1,1,1,1,1,1,1,1,1,1,1,0,0,0,0,0,0,0,0,0,0,0,0,0,0,0,0,0,0,0,0,2|24397&4&254.4205475516894|24408&4&237.90001617327863|24413&4&516.7898325456897|24417&4&48.225053451642395|24419&4&40.745908274796264|24430&4&795.7916035208902|24434&4&716.6102346388725|24436&4&563.6856651516657|24445&4&360.1780799164526|24448&4&376.87731246425835|24454&4&859.0462918324151|24456&4&26.24336921963117|24457&4&5.45898453624333|24466&4&187.8566612456279|24473&4&7.101341348226042|24476&4&7.5598225686764975|24478&4&398.3629764376846|24479&4&764.0795153800549|24484&4&712.0445184887459|24485&4&886.2244810784142|24486&4&53.62421330295584|24487&4&119.87250717500285|24488&4&763.214946372296|24509&4&24.846641229781014|24512&4&102.66949605646539,2|24400&4&522.3554978053168|24402&4&305.3047139604196|24405&4&628.2308072203175|24406&4&98.40529308808729|24414&4&-2.6645352591003757E-15|24416&4&1114.3783047504267|24417&4&909.7263710994399|24420&4&427.2339587262693|24426&4&659.7635165152682|24434&4&528.2011257208087|24437&4&201.91501035305356|24439&4&933.9576255565213|24447&4&102.83446877459573|24450&4&477.9124291250767|24464&4&163.99274703035883|24465&4&84.54611277414949|24468&4&-1.2434497875801753E-14|24478&4&384.5515815833234|24485&4&223.2500071697954|24511&4&153.42453838391344,2|24401&4&177.3515171632435|24402&4&158.48908358171667|24405&4&-1.5959455978986625E-16|24406&4&124.08210341894579|24409&4&687.3816790483648|24410&4&295.99204712056223|24415&4&13.049243595430301|24416&4&229.22314995964993|24417&4&122.71803634134528|24419&4&186.3509146085207|24422&4&109.16988856184301|24423&4&313.65549226635846|24425&4&47.996280784602504|24427&4&871.8640109822818|24431&4&385.02386475462197|24455&4&388.6313311033589|24459&4&637.1596886932965|24460&4&403.7232046953392|24463&4&169.32290596451517|24466&4&211.43876829992834|24468&4&77.94460572520123|24474&4&111.74541363439383|24476&4&-3.019806626980426E-14|24482&4&202.04815673582647|24486&4&718.0618549088235|24489&4&665.9864688188725|24506&4&44.32084485998888|24507&4&52.7569240232255|24513&4&18.707791293026713|24515&4&167.07137222000424,2|24406&4&202.40840392130121|24407&4&329.66230837517105|24419&4&2.3852240967837477|24421&4&290.5671856565892|24431&4&536.9334238727181|24433&4&0.0|24435&4&135.5320972250032|24438&4&39.92840434685097|24442&4&351.2228932475822|24445&4&391.3668363837534|24446&4&534.9304100200746|24452&4&402.2590258117806|24453&4&337.75253527881785|24457&4&225.06877642380502|24464&4&91.02131182176768|24469&4&1217.1436367775812|24471&4&269.97512151073363|24473&4&492.4719745081694|24480&4&172.28144590126962|24483&4&291.8657309023152|24487&4&308.3472091762112|24500&4&22.724007875079153|24504&4&36.61001482555798|24506&4&3.2803915059233266|24509&4&36.39394144533972,2|24398&4&347.12889633292303|24399&4&569.1590064200949|24404&4&166.43475199581144|24411&4&453.9641769866716|24412&4&92.52260667019067|24416&4&231.50929480973116|24425&4&20.573503694544097|24431&4&132.4620543345283|24433&4&1120.7637525242706|24435&4&237.3749293004868|24444&4&541.779003310898|24445&4&19.798272109008177|24449&4&40.9802839981716|24458&4&128.88192739464864|24462&4&310.56934090008014|24464&4&293.31578199069094|24465&4&246.6665974648496|24467&4&267.7378381721898|24477&4&963.4497732780598|24478&4&246.19461321040941|24487&4&18.82500237415509|24495&4&15.659307739400717|24496&4&183.44117548954398|24497&4&95.93818125049671|24502&4&39.78594813505349|24504&4&40.33615938411425|24516&4&180.4137497853176,2|24404&4&18.74175453209116|24409&4&810.779617728722|24419&4&316.51167975131614|24423&4&194.27754500486688|24425&4&69.5391662994127|24428&4&268.588267246446|24432&4&1299.8260453169985|24435&4&492.1460703252268|24436&4&117.18049355496719|24438&4&99.87522201922212|24440&4&509.02358016000676|24445&4&9.591071533747684|24446&4&635.8402977269593|24450&4&93.58556193615388|24456&4&479.90186554470193|24462&4&11.847964753788755|24463&4&6.855106844656873|24468&4&760.6463931714446|24472&4&9.36411023608057|24481&4&179.10841949600893|24487&4&6.907993895849175|24490&4&0.0|24492&4&253.59784968543445|24499&4&66.02721611148495|24500&4&140.64121191297303|24504&4&35.050422697759714|24513&4&148.1792569511548|24514&4&64.01180141099263,2|24400&4&28.334363623025496|24404&4&1003.3618257757906|24410&4&19.58024742197088|24414&4&396.430534427212|24422&4&3.552713678800501E-14|24436&4&47.387408053401|24441&4&224.71743485137287|24443&4&691.8045930935807|24444&4&579.9216793787316|24445&4&108.77569115691824|24449&4&60.04926086842936|24461&4&1221.8822801564963|24462&4&334.76159522842966|24463&4&23.81549894883753|24472&4&546.4669071831727|24473&4&393.29892888368056|24475&4&559.9137573149857|24476&4&1132.393358476169|24490&4&68.33302237390438|24492&4&16.64960186086881|24493&4&744.5925654838968|24500&4&7.835743125704008|24504&4&12.394733273839712|24507&4&69.36465945552553,2|24401&4&499.14805718024786|24403&4&467.6954901503965|24410&4&22.157344531626126|24412&4&680.4388621421454|24418&4&679.0349566738925|24422&4&387.820970068243|24429&4&1242.2816748140488|24432&4&107.12603549724474|24437&4&344.81600643656503|24438&4&16.579334408277894|24455&4&82.44537181794088|24457&4&266.7435875747837|24458&4&615.421795062897|24465&4&243.27952624460622|24467&4&1161.6605248074966|24468&4&1.6099632159729682|24470&4&314.58079889199917|24482&4&1013.0706201184742|24483&4&1134.6976165340282|24490&4&592.8949024746693|24496&4&280.6081551798672|24513&4&5.420790424758561,2|24400&4&128.7853769506037|24406&4&404.2118937638323|24410&4&185.07427030270046|24423&4&488.41153172856366|24424&4&526.8182102930211|24442&4&660.692126367219|24453&4&760.001373993812|24465&4&148.64283219743294|24489&4&25.904818930882215|24495&4&503.62657792325734|24497&4&38.30186689139091|24498&4&86.27486247279847|24501&4&153.8279063821812|24505&4&182.8397989472887|24506&4&95.44514386878036,2|24399&4&474.1267290864586|24401&4&50.48700505822317|24415&4&619.7734908797506|24418&4&85.29546452047583|24424&4&169.78020779236095|24435&4&175.1326205522102|24436&4&2.2695935076134415|24449&4&523.3564597082851|24451&4&1383.8775822121147|24470&4&55.53488302181513|24484&4&267.17101197633684|24491&4&1165.1838415511859|24493&4&28.401030067586227|24494&4&732.3291324800439|24498&4&78.46328772637614|24503&4&10.018509617902982|24514&4&3.3296913201994696
106|4,130,1,1,1,1,1,1,1,1,1,1,1,1,1,1,1,1,1,1,1,1,1,1,1,1,1,1,1,1,1,1,1,1,1,1,1,1,1,1,1,1,1,1,1,1,1,1,1,1,1,1,1,1,1,1,1,1,1,1,1,1,1,1,1,1,1,1,1,1,1,1,1,1,1,1,1,1,1,1,1,1,1,1,1,1,1,1,1,1,1,1,1,1,1,1,1,1,1,1,1,1,0,0,0,0,0,0,0,0,0,0,0,0,0,0,0,0,0,0,0,0,2|24397&4&424.94655095329887|24408&4&350.06078336065235|24413&4&461.39549028224474|24417&4&42.1969217701871|24419&4&23.811709169382333|24430&4&829.1393073741331|24434&4&641.8653391041205|24436&4&526.9324588172044|24445&4&335.3579688488629|24448&4&352.0905497343871|24454&4&795.8857116449678|24456&4&13.387782970003983|24457&4&4.094238402182499|24466&4&174.59358305396566|24473&4&3.550670674113009|24476&4&1.299385057467964|24478&4&372.2276012327236|24479&4&716.2741118893521|24484&4&685.583839215419|24485&4&897.6962046899774|24486&4&38.87534930091762|24487&4&0.0|24488&4&854.5686276208561|24509&4&23.131337335009704|24512&4&95.26943329234724,2|24400&4&486.7192109093027|24402&4&275.7528228712711|24405&4&574.0579015241983|24406&4&77.59835185446825|24416&4&1032.4718832374856|24417&4&925.941881613425|24420&4&389.2648521833777|24426&4&763.8715112156492|24434&4&628.3284336947071|24437&4&175.81186239440845|24439&4&873.7519803326164|24447&4&95.15577302036198|24450&4&422.2354418952555|24464&4&149.83649396499356|24465&4&60.85806136820921|24478&4&334.63420564035374|24485&4&191.81621930139082|24511&4&142.5951016866638,2|24401&4&168.03961516837137|24402&4&385.51009002065746|24406&4&117.62274967804692|24409&4&768.5981803960804|24410&4&403.35253014892055|24415&4&7.6702316974208316|24416&4&394.28454322148673|24417&4&91.49924719089292|24419&4&164.26892701168543|24422&4&96.06128836251997|24423&4&581.4181153658753|24425&4&45.32982074101348|24427&4&798.2400772467213|24431&4&343.81163133412826|24455&4&606.4280097203738|24459&4&581.1489985210981|24460&4&370.9016831621736|24461&4&43.6610886440518|24463&4&154.93471806940914|24466&4&186.29507854951987|24468&4&66.00794951529308|24474&4&105.70489906007366|24482&4&416.4423248711689|24486&4&664.4679947728937|24489&4&612.6812776824194|24506&4&41.927508048122405|24507&4&48.23253948488853|24513&4&17.723170698656887|24515&4&153.93116367397383,2|24406&4&191.07986769093898|24407&4&386.75718532650365|24419&4&125.71255828841797|24421&4&270.49578848323114|24431&4&507.18041733228574|24435&4&127.55962091765008|24438&4&34.5443663796105|24442&4&530.0265775793462|24445&4&470.5729146852973|24446&4&580.8307505013735|24452&4&387.37329130022835|24453&4&318.26789912627044|24457&4&212.50403667511713|24464&4&78.57138126236703|24469&4&1106.10310545116|24471&4&249.88370574642337|24473&4&464.01555015449304|24480&4&157.12716397202536|24483&4&244.4906400023443|24487&4&0.0|24500&4&20.658188977344686|24504&4&33.54642871923119|24506&4&1.5465198128866653|24509&4&34.372852218731424,2|24398&4&438.31096887297167|24399&4&493.43509004722085|24404&4&271.1723951598253|24411&4&488.32384613372244|24412&4&226.63468527942425|24416&4&170.4588601336386|24425&4&14.705456048999949|24431&4&98.65830914066693|24433&4&1071.6583471197648|24435&4&389.8618533327552|24438&4&97.01736923013868|24444&4&512.4637903402349|24445&4&11.157797644288316|24449&4&74.39160627441606|24458&4&162.8535941555804|24462&4&292.84865926954285|24464&4&276.81622979098006|24465&4&319.39774435641584|24467&4&270.91527000904836|24476&4&91.10434570856438|24477&4&905.6785517756047|24478&4&268.9714961985793|24487&4&0.0|24495&4&6.062496056730979|24496&4&172.36662358037802|24497&4&90.13845338364355|24500&4&21.663810187504737|24502&4&36.51770113575602|24504&4&38.093587621373246|24516&4&161.4878612915643,2|24404&4&4.373945447182669|24409&4&747.3844224374355|24419&4&293.0632700029212|24423&4&180.9131954969357|24425&4&59.654738567532455|24428&4&292.8935717873766|24432&4&1319.8619511458917|24435&4&455.8263513277156|24436&4&105.63980433450394|24438&4&89.82814358656515|24440&4&469.23311073084113|24445&4&8.719155939770623|24446&4&585.8117568281695|24450&4&99.8848491380427|24456&4&640.4996304663714|24462&4&7.915778003013474|24463&4&4.570071229771246|24468&4&707.3593449225554|24472&4&1.4210854715202004E-14|24481&4&169.82450726923372|24487&4&0.0|24492&4&237.86787963514467|24499&4&61.06324229717636|24500&4&130.64729449239545|24504&4&30.387101391456998|24513&4&136.57501812612261|24514&4&58.90028640556217,2|24400&4&23.611969685854582|24404&4&918.2332268837202|24410&4&14.757259331699395|24414&4&348.52544096451817|24436&4&34.39594533589087|24441&4&207.02731174423775|24443&4&632.1140149539619|24444&4&513.208614808037|24445&4&90.60931602805948|24449&4&47.121896482860876|24461&4&1109.4135868396604|24462&4&304.1810790048005|24463&4&18.627119122567603|24472&4&651.9625026019093|24473&4&350.8904081190105|24475&4&518.3459656787527|24476&4&1041.6245242976004|24490&4&54.25832366798936|24492&4&11.099734573912514|24493&4&904.4292987836914|24500&4&6.22055352519893|24504&4&9.379770106333947|24507&4&65.39203921507325,2|24401&4&449.9348894786082|24403&4&417.6528282788606|24410&4&10.776150098518045|24412&4&599.0323509484535|24418&4&616.7514910249373|24422&4&361.49659254874217|24429&4&1283.9793626525154|24432&4&81.56715436528371|24437&4&322.8678871792901|24438&4&12.412940125477567|24455&4&55.34540264717446|24457&4&231.42902391999502|24458&4&557.0151006588533|24465&4&227.99142256249485|24467&4&1050.8478497932242|24468&4&1.2074724119797255|24470&4&289.8897243474304|24482&4&914.0193240326147|24483&4&1061.1268131172678|24490&4&590.7442509415956|24496&4&259.57389289533467|24513&4&4.038693954778785,2|24400&4&114.70769077582722|24406&4&369.3079090534212|24410&4&170.00890321004692|24423&4&421.8452093495441|24424&4&489.97394877443514|24436&4&10.467558603594227|24442&4&584.4212574562202|24453&4&671.685762365484|24465&4&132.0661995100481|24489&4&20.28189140063894|24495&4&637.147971743106|24497&4&34.542616228282625|24498&4&77.51249028736|24501&4&141.510785169879|24504&4&49.649527062147726|24505&4&167.1863231739366|24506&4&88.35510581072951,2|24399&4&447.35420095295916|24401&4&34.799112701410884|24403&4&19.810105723444167|24415&4&614.0512985005107|24418&4&280.7079136810461|24424&4&140.43709319766646|24435&4&135.14489737217707|24436&4&0.0|24443&4&186.94209716955234|24449&4&488.5565864863013|24451&4&1393.5737791456147|24470&4&52.276227630844645|24484&4&227.36258571841898|24491&4&1164.9981885958846|24493&4&11.123741690617797|24494&4&671.2985443445858|24498&4&73.87308823700191|24501&4&26.69117848084022|24503&4&8.725096089107224|24514&4&3.150307011491796
107|4,130,1,1,1,1,1,1,1,1,1,1,1,1,1,1,1,1,1,1,1,1,1,1,1,1,1,1,1,1,1,1,1,1,1,1,1,1,1,1,1,1,1,1,1,1,1,1,1,1,1,1,1,1,1,1,1,1,1,1,1,1,1,1,1,1,1,1,1,1,1,1,1,1,1,1,1,1,1,1,1,1,1,1,1,1,1,1,1,1,1,1,1,1,1,1,1,1,1,1,1,1,0,0,0,0,0,0,0,0,0,0,0,0,0,0,0,0,0,0,0,0,2|24397&4&399.1941306972102|24408&4&340.0878799322263|24413&4&407.42246133597934|24417&4&36.16879008873181|24419&4&9.411701538652704|24430&4&843.4698950452068|24434&4&570.068768056697|24436&4&490.1792524827431|24445&4&310.53785778127326|24448&4&327.3037870045158|24454&4&726.0902821003242|24456&4&6.952251482588531|24457&4&2.7294922681216676|24466&4&161.33050486230343|24473&4&-2.398081733190338E-14|24476&4&8.43769498715119E-15|24478&4&346.09222602776254|24479&4&843.380194944562|24484&4&663.7981403617223|24485&4&841.689393372039|24486&4&25.210782003532856|24488&4&891.4717064954166|24509&4&21.416033440238397|24512&4&87.8693705282291,2|24400&4&451.0829240132888|24402&4&251.7408489585832|24405&4&555.109301248063|24406&4&56.79141062084921|24416&4&950.5654617245445|24417&4&905.6159615799718|24420&4&351.2957456404861|24426&4&788.7570796700554|24434&4&720.5012848045194|24437&4&149.70871443576334|24439&4&796.5167151829268|24447&4&87.47707726612823|24450&4&366.63545267269456|24464&4&135.68024089962825|24465&4&40.80454532753631|24478&4&284.7168296973841|24485&4&167.33720833987167|24511&4&131.7656649894142,2|24401&4&158.72771317349927|24402&4&391.9672871919224|24406&4&111.16339593714804|24409&4&788.7059091061348|24410&4&516.6231094367062|24415&4&2.665105739200435|24416&4&526.7391660668386|24417&4&70.72846425632895|24419&4&142.18693941485017|24422&4&82.95268816319695|24423&4&659.8074476454927|24425&4&60.69785914011105|24427&4&803.7090356285062|24431&4&302.5993979136346|24455&4&745.6912826814881|24459&4&525.1383083488997|24460&4&332.0648486986469|24461&4&88.71822232138891|24463&4&140.5465301743031|24466&4&161.15138879911134|24468&4&54.07129330538493|24474&4&155.32109129293016|24482&4&556.5789618952215|24486&4&610.8741346369638|24489&4&604.2604929565739|24506&4&39.53417123625593|24507&4&43.70815494655155|24513&4&16.73855010428706|24515&4&140.79095512794333,2|24406&4&179.75133146057675|24407&4&401.54169488778905|24419&4&119.3988689140349|24421&4&277.01654868753917|24431&4&477.42741079185345|24435&4&119.58714461029695|24438&4&29.160328412370028|24442&4&523.5075579433126|24445&4&451.33745965742463|24446&4&686.1940802827381|24452&4&478.3362755803219|24453&4&337.82105266637956|24457&4&199.93929692642925|24464&4&66.12145070296637|24469&4&998.2613147339803|24471&4&233.4629728759858|24473&4&466.9622625439352|24480&4&141.97288204278112|24483&4&197.11554910237334|24487&4&108.20832236688958|24500&4&18.59237007961022|24504&4&30.48284261290439|24506&4&9.325873406851315E-15|24509&4&32.35176299212313,2|24398&4&435.7478984613116|24399&4&420.1539318292082|24404&4&311.5904583366142|24411&4&458.1954477297786|24412&4&382.81959954701085|24416&4&123.32378577305828|24425&4&8.837408403455798|24431&4&64.85456394680557|24433&4&1014.8196648266699|24435&4&614.8025618900489|24438&4&168.12602335675263|24444&4&483.1485773695719|24445&4&5.5788988221441285|24449&4&187.4641212557393|24458&4&153.7564382739582|24462&4&275.1279776390055|24464&4&260.3166775912691|24465&4&404.61482218933025|24467&4&451.4353709744639|24476&4&86.54912842313617|24477&4&864.5824242687702|24478&4&271.4313250217179|24495&4&3.730349362740526E-14|24496&4&161.29207167121206|24497&4&119.8206470835807|24500&4&43.80014880117413|24502&4&33.24945413645855|24504&4&35.85101585863224|24513&4&36.15291886181319|24516&4&145.852447587133,2|24404&4&1.4210854715202004E-14|24409&4&683.9892271461489|24419&4&269.61486025452615|24423&4&167.5488459890045|24425&4&49.7703108356522|24428&4&310.8177320412746|24432&4&1381.1034784771164|24435&4&419.5066323302044|24436&4&94.09911511404067|24438&4&79.78106515390817|24440&4&429.44264130167556|24445&4&7.847240345793561|24446&4&535.7832159293797|24450&4&161.14161627360164|24456&4&666.834629462609|24462&4&3.9835912522381935|24463&4&2.2850356148856195|24468&4&654.0722966736662|24481&4&160.71665180431472|24492&4&300.953845829222|24499&4&56.09926848286778|24500&4&120.65337707181786|24504&4&25.72378008515429|24505&4&10.413744573161694|24513&4&124.97077930109042|24514&4&53.78877140013171,2|24400&4&18.88957574868367|24404&4&833.10462799165|24410&4&9.934271241427911|24414&4&300.62034750182426|24436&4&21.40448261838074|24441&4&189.33718863710268|24443&4&572.4234368143431|24444&4&446.49555023734257|24445&4&72.44294089920072|24449&4&34.194532097292395|24461&4&999.896189581566|24462&4&273.60056278117133|24463&4&13.438739296297674|24472&4&657.9192677834654|24473&4&308.4818873543403|24475&4&512.1007974437467|24476&4&950.8556901190317|24490&4&42.96132627381157|24492&4&5.549867286956267|24493&4&986.0834650192619|24500&4&4.605363924693853|24504&4&6.36480693882818|24507&4&61.41941897462098,2|24401&4&400.72172177696865|24403&4&368.2310937675861|24410&4&-3.907985046680551E-14|24412&4&522.4468974141769|24418&4&559.7737861170444|24422&4&335.17221502924133|24429&4&1187.1531602514697|24432&4&56.00827323332269|24437&4&300.9197679220152|24438&4&8.24654584267724|24455&4&36.72858516633809|24457&4&196.11446026520628|24458&4&502.49189273279103|24465&4&212.7033188803835|24467&4&941.8437068133297|24468&4&0.8049816079864829|24470&4&265.1986498028615|24482&4&823.0852707089265|24483&4&987.5560097005077|24490&4&633.6945917826954|24496&4&238.5396306108021|24513&4&2.6565974847990095,2|24400&4&100.63000460105071|24406&4&334.40392434301015|24410&4&154.9435361173934|24423&4&365.01554192043426|24424&4&551.1482778597663|24436&4&253.38374082267012|24442&4&511.2139866263965|24453&4&584.8700511279444|24465&4&115.48956682266324|24489&4&14.658963870395654|24495&4&662.517298717229|24497&4&30.78336556517435|24498&4&151.8225493550028|24501&4&129.88200625375183|24504&4&47.16705070904034|24505&4&151.53284740058444|24506&4&81.26506775267865|24511&4&43.2571798083585,2|24399&4&420.58167281945975|24401&4&22.43257484662175|24403&4&109.94978683193779|24413&4&17.521050236570687|24414&4&129.5412418968904|24415&4&718.8708426610015|24418&4&331.5642797575513|24419&4&172.5100661412185|24424&4&111.09397860297196|24435&4&104.10236107207538|24443&4&177.59499231107472|24449&4&453.7567132643175|24451&4&1281.4573808713421|24470&4&49.01757223987416|24484&4&191.94868063234574|24491&4&1061.7519601212327|24493&4&2.2306404386163328|24494&4&686.1655330611543|24498&4&69.28288874762768|24501&4&49.94871247557201|24503&4&7.431682560311465|24514&4&2.9709227027841227
108|4,130,1,1,1,1,1,1,1,1,1,1,1,1,1,1,1,1,1,1,1,1,1,1,1,1,1,1,1,1,1,1,1,1,1,1,1,1,1,1,1,1,1,1,1,1,1,1,1,1,1,1,1,1,1,1,1,1,1,1,1,1,1,1,1,1,1,1,1,1,1,1,1,1,1,1,1,1,1,1,1,1,1,1,1,1,1,1,1,1,1,1,1,1,1,1,1,1,1,1,1,1,0,0,0,0,0,0,0,0,0,0,0,0,0,0,0,0,0,0,0,0,2|24397&4&373.4417104411215|24408&4&366.6970607530871|24413&4&358.6015850064297|24417&4&30.140658407276515|24419&4&2.2784673750104245|24430&4&793.1367829572775|24434&4&506.6275911690642|24436&4&453.4260461482817|24445&4&285.71774671368365|24448&4&302.5170242746445|24454&4&757.2133073885395|24456&4&3.163658309398469|24457&4&1.3647461340608362|24466&4&148.06742667064117|24478&4&319.9568508228016|24479&4&953.4958507236072|24484&4&617.0496830125014|24485&4&785.6825820541006|24486&4&13.583707018673564|24488&4&858.6758771802142|24509&4&19.700729545467087|24512&4&80.46930776411095,2|24400&4&415.44663711727486|24402&4&227.72887504589534|24403&4&107.6988682846842|24405&4&581.0088568212541|24406&4&35.98446938723018|24416&4&868.6590402116037|24417&4&836.4268023865022|24420&4&313.3266390975945|24426&4&762.5536507411316|24434&4&752.130163681247|24437&4&123.60556647711824|24439&4&729.9752951476919|24447&4&79.79838151189449|24450&4&311.03546345013353|24464&4&121.52398783426298|24465&4&24.223210094828715|24478&4&238.23786316804757|24485&4&142.85819737835254|24511&4&120.9362282921646,2|24401&4&149.41581117862717|24402&4&370.408222066528|24406&4&104.70404219624918|24409&4&780.4654728004984|24410&4&563.0449844802686|24415&4&-1.687538997430238E-14|24416&4&533.6011122062615|24417&4&52.20168609639563|24419&4&120.10495181801491|24422&4&69.84408796387393|24423&4&695.811263228016|24425&4&57.12967417438769|24427&4&814.4903577919824|24431&4&261.387164493141|24455&4&735.7198099080604|24459&4&472.1560720822065|24460&4&343.14439017750783|24461&4&191.25305460118037|24463&4&251.258371377088|24466&4&136.00769904870288|24468&4&42.134637095476776|24474&4&228.6303876822038|24482&4&644.1415057735949|24486&4&557.2802745010339|24489&4&672.6801437042232|24506&4&37.140834424389446|24507&4&39.183770408214585|24513&4&15.753929509917233|24515&4&127.65074658191288,2|24406&4&168.42279523021455|24407&4&380.8064369183612|24419&4&113.08517953965185|24421&4&348.4705324565422|24431&4&708.7792230071092|24435&4&111.61466830294381|24438&4&23.776290445129558|24442&4&654.0600502483543|24445&4&629.2359477968274|24446&4&761.9634422188084|24452&4&466.38816626258375|24453&4&426.08802680168515|24457&4&241.1375683218359|24464&4&53.671520143565715|24469&4&896.3178231186915|24471&4&213.18802296698192|24473&4&436.9356813531029|24480&4&141.4914486161128|24483&4&149.74045820240244|24487&4&102.7979062485451|24500&4&16.526551181875753|24504&4&27.41925650657759|24509&4&42.14932216080146,2|24398&4&438.18804336627954|24399&4&350.848561271831|24404&4&367.9304268780935|24411&4&483.1099704012333|24412&4&584.5578636854533|24416&4&84.36530281647143|24425&4&2.969360757911649|24431&4&32.759849987356525|24433&4&922.3077263719493|24435&4&694.1116620627726|24438&4&159.47717876583965|24444&4&453.8333643989089|24445&4&-3.730349362740526E-14|24449&4&168.97173736531175|24458&4&144.659282392336|24462&4&257.4072960084682|24464&4&243.81712539155825|24465&4&447.41442858392503|24467&4&733.44660203493|24476&4&180.29347343818088|24477&4&775.285854474785|24478&4&387.60485404531994|24496&4&150.2175197620461|24497&4&112.24682313838804|24500&4&41.55598183564667|24502&4&30.53387676910957|24504&4&33.60844409589124|24513&4&56.27718113311743|24516&4&131.21580921023178,2|24409&4&620.5940318548625|24419&4&246.16645050613116|24423&4&154.18449648107327|24425&4&39.88588310377195|24428&4&306.7435976971142|24432&4&1294.05090280994|24435&4&383.18691333269334|24436&4&82.55842589357741|24438&4&69.73398672125118|24440&4&389.65217187251|24445&4&6.975324751816499|24446&4&485.7546750305901|24450&4&326.33826950107516|24456&4&685.1639107867286|24462&4&0.05140450146291295|24463&4&-7.105427357601002E-15|24468&4&600.7852484247771|24481&4&151.61062823907048|24492&4&417.9767947272689|24499&4&51.13529466855918|24500&4&110.65945965124024|24504&4&21.060458778851583|24505&4&9.893057344503609|24513&4&113.36654047605825|24514&4&48.67725639470124,2|24400&4&14.167181811512757|24404&4&747.9760290995796|24410&4&5.111283151156426|24414&4&260.2414675809825|24436&4&9.08915659886379|24441&4&171.6470655299676|24443&4&512.7328586747242|24444&4&380.173877073712|24445&4&54.276565770341975|24449&4&21.26716771172392|24461&4&896.7471521586787|24462&4&243.02004655754217|24463&4&8.250359470027746|24472&4&590.768991945986|24473&4&266.0733665896701|24475&4&471.1460235054947|24476&4&860.0868559404632|24490&4&37.12172260708462|24492&4&1.9539925233402755E-14|24493&4&997.2423853973891|24500&4&3.4115461360080053|24504&4&3.349843771322414|24507&4&57.446798734168695,2|24401&4&351.508554075329|24403&4&320.2140191553704|24412&4&448.0974612691719|24418&4&505.7996670307132|24422&4&308.8478375097405|24429&4&1087.9611772401988|24432&4&37.90563014736649|24437&4&310.43418609982024|24438&4&4.3936599981192295|24443&4&97.34393187047294|24455&4&23.336010527778654|24457&4&160.79989661041756|24458&4&447.9686848067287|24465&4&197.41521519827216|24467&4&837.5863246228907|24468&4&0.40249080399324016|24470&4&240.5075752582927|24482&4&739.5353478059027|24483&4&920.6615692232546|24485&4&9.638321753234322|24490&4&662.4523102032326|24496&4&217.50536832626955|24507&4&6.878640561733732|24513&4&1.7710649898660047|24516&4&12.294582859335605,2|24400&4&86.55231842627424|24406&4&299.4999396325991|24410&4&139.87816902473986|24423&4&308.8287658647371|24424&4&550.9071838460462|24436&4&385.8630564906024|24442&4&443.2836071855047|24453&4&509.31217075846075|24465&4&98.91293413527836|24489&4&9.036036340152368|24495&4&643.1256629625577|24497&4&27.02411490206607|24498&4&163.04761320715602|24501&4&118.25322733762466|24504&4&44.68457435593295|24505&4&135.87937162723233|24506&4&74.1750296946278|24511&4&65.76995097990746,2|24399&4&404.1419650215704|24401&4&10.066036991832597|24403&4&104.40277222603228|24413&4&232.36835405369138|24414&4&235.39142396062624|24415&4&756.2564998281525|24418&4&344.3663468376689|24419&4&232.34400259809928|24424&4&81.75086400827745|24435&4&78.71995172887972|24443&4&168.2478874525971|24449&4&418.95684004233374|24451&4&1422.285274040506|24459&4&136.23541505340575|24470&4&45.75891684890368|24484&4&162.4734112137579|24491&4&1048.7855314921953|24493&4&-7.105427357601002E-15|24494&4&748.5916590096899|24498&4&64.69268925825347|24501&4&47.38454890559131|24503&4&6.138269031515706|24504&4&50.414769399107854|24514&4&2.7915383940764493
109|4,130,1,1,1,1,1,1,1,1,1,1,1,1,1,1,1,1,1,1,1,1,1,1,1,1,1,1,1,1,1,1,1,1,1,1,1,1,1,1,1,1,1,1,1,1,1,1,1,1,1,1,1,1,1,1,1,1,1,1,1,1,1,1,1,1,1,1,1,1,1,1,1,1,1,1,1,1,1,1,1,1,1,1,1,1,1,1,1,1,1,1,1,1,1,1,1,1,1,1,1,1,0,0,0,0,0,0,0,0,0,0,0,0,0,0,0,0,0,0,0,0,2|24397&4&347.6892901850328|24408&4&361.0793991455453|24413&4&317.09757473684175|24417&4&24.11252672582122|24419&4&-7.105427357601002E-15|24430&4&813.1931441348331|24434&4&446.62960258477085|24436&4&416.67283981382036|24445&4&260.897635646094|24448&4&277.7302615447732|24454&4&871.390267066722|24456&4&-1.865174681370263E-14|24457&4&4.884981308350689E-15|24466&4&134.80434847897894|24478&4&293.8214756178405|24479&4&1008.5618184253259|24484&4&570.3012256632803|24485&4&729.6757707361622|24486&4&3.672188666426262|24488&4&809.6556334474578|24509&4&17.985425650695777|24512&4&73.06924499999279,2|24400&4&540.3204398886221|24402&4&203.71690113320747|24403&4&160.0197778593698|24405&4&597.6513566237029|24406&4&17.917426881175313|24416&4&786.7526186986627|24417&4&830.0715400863066|24420&4&275.35753255470297|24426&4&707.1057598012577|24434&4&820.4099353270216|24437&4&97.50241851847315|24439&4&685.4322498154927|24447&4&72.11968575766073|24450&4&257.83813259830407|24452&4&118.19322642300881|24462&4&80.43821810491696|24464&4&107.3677347688977|24465&4&13.085856486550252|24478&4&198.2614992125532|24485&4&118.37918641683345|24500&4&19.226821859930283|24511&4&110.10679159491498,2|24401&4&186.2671456333186|24402&4&413.9214620479469|24406&4&110.61456690704365|24409&4&863.7227537322686|24410&4&589.4737144543165|24416&4&503.5177384475531|24417&4&33.67490793646231|24419&4&98.02296422117965|24422&4&56.73548776455092|24423&4&766.5119509044425|24425&4&127.33240829670652|24427&4&764.7141970058162|24431&4&220.17493107264733|24455&4&819.410058949926|24459&4&419.1738358155134|24460&4&419.7680789020543|24461&4&282.3276167422606|24463&4&360.76569311611615|24466&4&110.86400929829435|24468&4&30.197980885568626|24474&4&215.70040545232715|24482&4&696.5411298626905|24486&4&669.5746712503442|24489&4&693.232842670498|24506&4&40.66361085545388|24507&4&34.65938586987761|24513&4&14.769308915547406|24515&4&114.51053803588245,2|24406&4&157.09425899985231|24407&4&351.92760641900566|24419&4&106.7714901652688|24421&4&452.26858211434967|24431&4&977.8485006551202|24435&4&103.64219199559068|24438&4&18.392252477889087|24442&4&872.1559811159885|24445&4&592.4476424898075|24446&4&932.6215529460433|24452&4&419.1293559757374|24453&4&575.8534033857577|24457&4&225.88467801594328|24464&4&41.221589584165066|24469&4&802.5893415697328|24471&4&192.91307305797804|24473&4&406.90910016227065|24480&4&251.29897984131907|24483&4&110.92029718795557|24487&4&97.38749013020063|24500&4&14.460732284141287|24504&4&24.355670400250794|24509&4&50.171482619577276,2|24398&4&467.48236632703254|24399&4&281.5431907144538|24404&4&429.86279892999295|24411&4&536.3152286256895|24412&4&625.6881524794234|24416&4&53.358059296411305|24420&4&21.11072680508056|24425&4&3.197442310920451E-14|24431&4&10.170454353130577|24433&4&832.0738932807117|24435&4&698.3029409438457|24438&4&150.82833417492668|24444&4&424.5181514282458|24449&4&159.9448796330709|24458&4&135.5621265107138|24462&4&239.6866143779309|24464&4&227.31757319184737|24465&4&421.24980144174987|24467&4&942.631857645921|24476&4&259.44592549683716|24477&4&710.249178730485|24478&4&477.7694706209624|24496&4&139.14296785288013|24497&4&104.67299919319537|24500&4&39.31181487011921|24502&4&27.818299401760576|24504&4&31.365872333150236|24513&4&76.13552859186017|24516&4&116.96180052422996,2|24409&4&557.198836563576|24419&4&222.71804075773616|24423&4&140.82014697314207|24425&4&30.0014553718917|24428&4&280.60965077165116|24432&4&1202.818295747408|24435&4&346.8671943351822|24436&4&71.01773667311416|24438&4&59.68690828859421|24440&4&349.86170244334437|24445&4&6.103409157839438|24446&4&435.72613413180034|24450&4&455.40894226318574|24456&4&676.3587813937311|24462&4&3.7470027081099033E-16|24468&4&547.4982001758881|24481&4&142.95822809131906|24492&4&432.9402716193216|24499&4&46.171320854250595|24500&4&100.66554223066265|24504&4&16.397137472548874|24505&4&34.09614663930206|24513&4&101.76230165102609|24514&4&43.56574138927077,2|24400&4&9.444787874341845|24404&4&666.1978115850804|24410&4&0.2882950608849417|24414&4&221.48444230246741|24436&4&6.7434673567048495|24441&4&165.683762062238|24443&4&457.98720557959837|24444&4&314.4881449303566|24445&4&36.11019064148322|24449&4&8.339803326155444|24461&4&803.6678052545299|24462&4&212.439530333913|24463&4&3.0619796437578173|24472&4&523.6187161085065|24473&4&223.664845825|24475&4&488.1421848564182|24476&4&774.9651486204626|24490&4&31.8186193775011|24493&4&1071.0043901521972|24500&4&2.217728347322161|24504&4&1.132919031338749|24507&4&53.47417849371642,2|24401&4&302.29538637368944|24403&4&282.68364417656494|24412&4&378.59526791360236|24418&4&454.10878288789127|24422&4&282.52345999023964|24429&4&991.4823258099902|24432&4&23.323089382495265|24437&4&374.7025396298759|24438&4&2.92910666541283|24443&4&284.4310663421267|24449&4&43.834904391315334|24455&4&9.943435889219241|24457&4&125.48533295562886|24458&4&394.5281134247215|24465&4&182.1271115161608|24467&4&739.1893098376702|24468&4&-2.55351295663786E-15|24470&4&215.81650071372385|24482&4&658.0779496468966|24483&4&878.1060954319714|24485&4&237.68568190276721|24490&4&669.8510529980829|24496&4&196.47110604173702|24507&4&28.18361621993153|24513&4&0.8855324949330033|24516&4&31.373378444250168,2|24400&4&72.47463225149775|24406&4&264.595954922188|24410&4&124.81280193208633|24423&4&252.76483410942828|24424&4&743.3146056488504|24436&4&365.9089669726812|24438&4&54.86104625225039|24442&4&385.5340050307653|24453&4&436.7687699135017|24457&4&79.36618345272854|24465&4&82.33630144789349|24489&4&4.268967482745055|24495&4&590.7695847273026|24497&4&23.26486423895779|24498&4&171.07708932120403|24501&4&106.62444842149752|24504&4&42.202098002825565|24505&4&120.22589585388022|24506&4&67.08499163657694|24511&4&86.02045623188921,2|24399&4&517.4849423357477|24401&4&4.263256414560601E-14|24403&4&98.85575762012678|24413&4&295.47825396503276|24414&4&358.4421313633452|24415&4&691.6651125005274|24418&4&325.2790719252404|24419&4&220.29552730284126|24424&4&52.40774941358295|24435&4&55.98186517664102|24443&4&158.90078259411948|24449&4&384.1569668203499|24451&4&1611.2680433080168|24459&4&221.13501913905904|24470&4&42.5002614579332|24484&4&132.9981417951701|24491&4&1066.815593166419|24494&4&859.9058204345965|24498&4&60.102489768879224|24501&4&44.82038533561061|24503&4&4.8448555027199465|24504&4&75.06616952933699|24514&4&2.612154085368776
110|4,130,1,1,1,1,1,1,1,1,1,1,1,1,1,1,1,1,1,1,1,1,1,1,1,1,1,1,1,1,1,1,1,1,1,1,1,1,1,1,1,1,1,1,1,1,1,1,1,1,1,1,1,1,1,1,1,1,1,1,1,1,1,1,1,1,1,1,1,1,1,1,1,1,1,1,1,1,1,1,1,1,1,1,1,1,1,1,1,1,1,1,1,1,1,1,1,1,1,1,1,1,0,0,0,0,0,0,0,0,0,0,0,0,0,0,0,0,0,0,0,0,2|24397&4&321.93686992894413|24408&4&505.89315537693847|24413&4&282.1365989657253|24417&4&18.084395044365923|24430&4&767.4059537757771|24434&4&386.6316140004775|24436&4&379.919633479359|24445&4&236.07752457850435|24448&4&252.94349881490194|24454&4&956.038456349608|24466&4&121.54127028731669|24478&4&267.6861004128795|24479&4&1018.1759843925047|24484&4&523.5527683140593|24485&4&673.6689594182238|24486&4&2.7533531010703882E-14|24488&4&862.7324870815702|24509&4&16.27012175592447|24512&4&65.66918223587466,2|24400&4&607.807202732823|24402&4&179.7049272205196|24403&4&182.12070071474577|24405&4&628.9606719374151|24406&4&5.825578770491656|24416&4&704.8461971857218|24417&4&889.8781729075092|24420&4&240.36706006865307|24426&4&765.9545336253826|24434&4&769.6486188821525|24437&4&72.6681419990821|24439&4&628.1956650229906|24447&4&64.44099000342699|24450&4&212.73844796713618|24452&4&220.321645192757|24462&4&133.81268497025508|24464&4&93.21148170353243|24465&4&3.607291288047636|24478&4&161.54167171482473|24485&4&93.90017545531433|24497&4&2.8160161293691317|24500&4&40.78160636519062|24511&4&99.27735489766538,2|24401&4&174.6470818159683|24402&4&389.10878166721176|24406&4&179.10656842794856|24409&4&834.4233415569508|24410&4&591.1080762598546|24416&4&524.3498994966517|24417&4&15.14812977652899|24419&4&75.94097662434439|24422&4&63.13003251602886|24423&4&850.3257729134216|24425&4&259.63330446521303|24427&4&755.2983914184967|24431&4&178.96269765215365|24455&4&751.9373413356511|24459&4&370.0709985728246|24460&4&494.3687929017218|24461&4&408.225822050349|24463&4&464.47971809883677|24466&4&85.72031954788585|24468&4&18.261324675660475|24474&4&202.7704232224505|24482&4&867.3473543109836|24486&4&836.7080672043002|24489&4&734.6078039282729|24506&4&37.97446838144086|24507&4&30.13500133154064|24513&4&13.784688321177578|24515&4&101.41491125685461,2|24406&4&145.76572276949008|24407&4&350.3177170281673|24419&4&100.45780079088574|24421&4&422.2123136530822|24431&4&1054.066939638025|24435&4&95.66971568823755|24438&4&13.008214510648614|24442&4&988.1162832638503|24445&4&714.1878622316274|24446&4&912.9077193320478|24452&4&372.92911480337466|24453&4&760.8282089668828|24457&4&210.63178771005067|24464&4&28.771659024764414|24469&4&0.0|24471&4&172.63812314897416|24473&4&376.8825189714384|24480&4&229.12628270796705|24483&4&80.22765128703946|24487&4&91.97707401185616|24500&4&12.39491338640682|24504&4&21.292084293924|24509&4&64.37593240013841,2|24398&4&534.5405038892704|24399&4&219.60060053784682|24404&4&405.4028164745573|24411&4&516.9623789704267|24412&4&686.0130129702338|24416&4&26.512940719833548|24420&4&20.05519046482653|24431&4&5.6843418860808015E-14|24433&4&744.823561958934|24435&4&727.2136722353077|24438&4&142.1794895840137|24444&4&395.2029384575828|24449&4&150.91802190083007|24458&4&126.4649706290916|24462&4&221.96593274739362|24464&4&210.8180209921365|24465&4&395.08517429957465|24467&4&1089.707068112294|24476&4&245.5445977234299|24477&4&712.3454533834407|24478&4&659.2830362658267|24496&4&128.06841594371417|24497&4&97.09917524800271|24500&4&37.06764790459174|24502&4&25.10272203441159|24504&4&29.123300570409235|24513&4&98.38820388604498|24516&4&103.45213694388906,2|24409&4&493.80364127228955|24419&4&199.26963100934117|24423&4&127.45579746521088|24425&4&20.11702764001145|24428&4&254.47570384618803|24432&4&1246.5921985221396|24435&4&310.5474753376711|24436&4&59.47704745265091|24438&4&49.63982985593723|24440&4&310.07123301417886|24445&4&5.231493563862376|24446&4&385.6975932330106|24450&4&513.6700619156259|24456&4&816.3020757081522|24468&4&610.8800935732626|24481&4&134.588648565492|24492&4&404.3613724916563|24499&4&41.20734703994201|24500&4&90.67162481008506|24504&4&11.733816166246164|24505&4&51.29221074635696|24513&4&90.1580628259939|24514&4&38.45422638384031,2|24400&4&4.722393937170933|24404&4&589.5962329218324|24410&4&-2.6645352591003757E-15|24414&4&196.84088279163706|24436&4&4.725177042753078|24441&4&147.74247009374142|24443&4&409.5767022044711|24444&4&250.4534812832136|24445&4&21.108681249775223|24449&4&-6.039613253960852E-14|24455&4&232.58889227279928|24461&4&716.0446903003253|24462&4&181.85901411028382|24463&4&-1.865174681370263E-14|24465&4&119.15675493931542|24472&4&526.970824082008|24473&4&181.25632506032983|24475&4&584.6903243052835|24476&4&694.837764145273|24490&4&26.51551614791758|24493&4&1057.8818506745595|24500&4&1.0239105586363164|24504&4&7.549516567451064E-15|24506&4&22.41481358438159|24507&4&49.501558253264136,2|24401&4&253.0822186720498|24403&4&250.89004355669647|24412&4&314.5594025389176|24418&4&402.43194195461604|24422&4&256.1990824707388|24429&4&1176.0593939857881|24432&4&9.302111526260912|24437&4&346.79181351789276|24438&4&1.4645533327064202|24443&4&293.1630194952756|24449&4&285.1375453944644|24455&4&5.6843418860808015E-14|24457&4&90.17076930084015|24458&4&343.2179626837746|24465&4&166.83900783404943|24467&4&651.6772234691526|24470&4&191.12542616915505|24482&4&579.4413879608873|24483&4&934.6402287744947|24485&4&353.3145922644292|24490&4&616.95355610663|24496&4&175.43684375720443|24507&4&26.75723880753062|24513&4&1.9984014443252818E-15|24516&4&52.297131906365976,2|24400&4&58.39694607672126|24406&4&229.69197021177692|24410&4&109.7474348394328|24423&4&199.95255521877857|24424&4&756.6396112796285|24436&4&345.95487745476|24438&4&99.81374820007295|24442&4&336.5230815432861|24453&4&370.2962022871933|24457&4&118.52489702439385|24465&4&65.75966876050863|24484&4&38.88389896428754|24489&4&-1.2434497875801753E-14|24495&4&533.7762564983313|24497&4&19.505613575849516|24498&4&160.24227781813252|24501&4&95.04726932172605|24504&4&39.71962164971818|24505&4&105.11440884660547|24506&4&59.994953578526086|24511&4&107.78044853536511,2|24399&4&713.5061324378312|24403&4&93.30874301422128|24413&4&308.65517833066036|24414&4&459.45209382730076|24415&4&627.0737251729022|24418&4&306.19179701281195|24419&4&243.60655418501577|24424&4&33.50633909453862|24435&4&35.824151825836104|24443&4&149.55367773564186|24449&4&349.3570935983662|24451&4&1606.982571058088|24459&4&222.1087297313644|24470&4&39.24160606696272|24484&4&103.52287237658228|24491&4&959.781748336339|24494&4&895.4852941412462|24498&4&55.512290279504995|24501&4&42.25622176562991|24503&4&3.551441973924188|24504&4&99.26745390860191|24514&4&2.4327697766611025
111|4,130,1,1,1,1,1,1,1,1,1,1,1,1,1,1,1,1,1,1,1,1,1,1,1,1,1,1,1,1,1,1,1,1,1,1,1,1,1,1,1,1,1,1,1,1,1,1,1,1,1,1,1,1,1,1,1,1,1,1,1,1,1,1,1,1,1,1,1,1,1,1,1,1,1,1,1,1,1,1,1,1,1,1,1,1,1,1,1,1,1,1,1,1,1,1,1,1,1,1,1,1,0,0,0,0,0,0,0,0,0,0,0,0,0,0,0,0,0,0,0,0,2|24397&4&296.1844496728554|24408&4&540.6834871761713|24413&4&247.1756231946087|24417&4&12.056263362910627|24430&4&781.0903399370079|24434&4&328.0359973747268|24436&4&343.1664271448977|24445&4&211.25741351091472|24448&4&228.15673608503064|24454&4&964.6646944819904|24466&4&108.27819209565445|24474&4&26.940233082565186|24478&4&241.5507252079185|24479&4&1025.034261912555|24484&4&476.8043109648383|24485&4&617.6621481002855|24488&4&837.5858051962696|24509&4&14.554817861153161|24512&4&58.2691194717565,2|24400&4&733.7767272271383|24402&4&155.69295330783171|24403&4&227.06849889874667|24405&4&692.0256098704683|24406&4&-4.085620730620576E-14|24416&4&622.9397756727807|24417&4&976.3492984930906|24420&4&0.0|24426&4&947.9288950046605|24434&4&731.3835988424372|24437&4&47.833865479691035|24439&4&551.1372604366446|24447&4&56.762294249193246|24450&4&176.2530335452043|24452&4&278.9175653748514|24462&4&211.2826045901695|24464&4&79.05522863816714|24465&4&0.9083551050190483|24466&4&181.8200536256704|24478&4&132.28695309819693|24485&4&70.82644146184525|24497&4&25.203592901783562|24500&4&61.34095848878262|24511&4&88.44791820041577,2|24401&4&197.9196011792285|24402&4&364.2961012864767|24406&4&240.01049763381087|24409&4&890.6775069931781|24410&4&552.9619636588784|24416&4&523.6745833385121|24417&4&3.0125314559819483|24419&4&53.858989027509125|24422&4&84.95441812746863|24423&4&887.8790017009578|24425&4&0.0|24427&4&681.2501278368694|24431&4&137.75046423166003|24455&4&684.4646237213763|24459&4&321.44712544589436|24460&4&520.7000992695653|24461&4&484.43409449997534|24463&4&430.7857662000261|24466&4&60.57662979747735|24468&4&6.324668465752326|24474&4&189.84044099257386|24482&4&995.8783470711935|24486&4&914.5478200178824|24489&4&721.5015439189078|24506&4&35.28532590742783|24507&4&25.610616793203672|24513&4&12.80006772680775|24515&4&88.76888730785004,2|24406&4&134.43718653912788|24407&4&340.39168187605475|24419&4&94.1441114165027|24421&4&393.2564961748034|24431&4&1225.3100338332895|24435&4&87.69723938088441|24438&4&7.62417654340814|24442&4&929.4959754280095|24445&4&669.4731306721657|24446&4&875.3680667260383|24452&4&332.24839579579657|24453&4&833.3929816675051|24457&4&195.37889740415807|24464&4&16.321728465363762|24471&4&152.36317323997025|24473&4&346.8559377806061|24480&4&388.9091975012675|24483&4&56.874141792947576|24487&4&86.56665789351169|24500&4&10.329094488672354|24504&4&18.2284981875972|24509&4&79.58388633535549,2|24398&4&540.9559343872954|24399&4&163.96947305845026|24404&4&476.39964756116336|24411&4&480.580756511905|24412&4&778.734747432177|24416&4&10.108303904449453|24420&4&0.0|24433&4&0.0|24435&4&813.3291544522765|24438&4&133.53064499310074|24444&4&365.88772548691975|24449&4&141.8911641685892|24458&4&117.36781474746941|24462&4&204.2452511168563|24464&4&239.9602408908271|24465&4&368.9205471573994|24467&4&1242.3052501362226|24476&4&231.6432699500226|24477&4&636.6465316152909|24478&4&781.4412141681871|24496&4&116.99386403454821|24497&4&89.52535130281004|24500&4&34.82348093906427|24502&4&22.510185377340186|24504&4&26.88072880766823|24513&4&118.48255453317627|24516&4&90.35514926384772,2|24409&4&430.40844598100307|24419&4&175.82122126094617|24423&4&114.09144795727968|24425&4&0.0|24428&4&257.9911897129939|24432&4&1215.0147604209635|24435&4&274.22775634015994|24436&4&47.93635823218765|24438&4&39.59275142328026|24440&4&270.28076358501323|24445&4&4.359577969885314|24446&4&335.6690523342208|24450&4&706.1666465428932|24456&4&792.4767823960068|24468&4&752.9370347732805|24481&4&123.9324785720115|24492&4&428.5486337300449|24499&4&36.24337322563342|24500&4&80.67770738950745|24504&4&7.070494859943455|24505&4&68.45793914559115|24513&4&78.55382400096171|24514&4&33.34271137840983,2|24400&4&2.1316282072803006E-14|24404&4&517.3667206882683|24414&4&173.29228407016393|24436&4&3.150118028502053|24441&4&129.4492473986056|24443&4&363.5304466809803|24444&4&191.75788696953606|24445&4&9.625971875556784|24455&4&400.75933933956287|24461&4&630.4287902830731|24462&4&151.27849788665463|24465&4&113.19891719234965|24472&4&585.991876421054|24473&4&141.3146546498676|24475&4&584.7242252631945|24476&4&615.2623318703104|24490&4&21.21241291833406|24493&4&1094.6345260968444|24500&4&5.329070518200751E-15|24506&4&45.16840884741366|24507&4&45.528938012811864|24512&4&9.487217145904197|24515&4&16.944562267166617,2|24401&4&213.59950599126682|24403&4&219.48585058076827|24411&4&69.26109606264441|24412&4&259.0121079325157|24418&4&351.7883747050148|24422&4&229.87470495123793|24429&4&1153.3337220129047|24432&4&-1.7763568394002505E-14|24437&4&318.8810874059096|24438&4&1.021405182655144E-14|24443&4&277.53826303349655|24449&4&361.64151677871723|24451&4&207.23975498157608|24457&4&68.6011089395607|24458&4&293.0081745067032|24465&4&151.55090415193808|24467&4&569.0654461908673|24470&4&166.43435162458624|24477&4&92.99477794470684|24482&4&506.37543448246646|24483&4&852.5678392073925|24485&4&359.0963072841386|24490&4&582.7591296806474|24496&4&154.40258147267187|24507&4&25.330861395129713|24516&4&72.2969585789952,2|24400&4&44.31925990194477|24406&4&194.78798550136588|24410&4&94.68206774677924|24423&4&151.20654733848468|24424&4&754.7331897298768|24436&4&326.0007879368387|24438&4&156.92706812882756|24442&4&289.4668120618632|24453&4&307.88010398695474|24457&4&234.37005429553074|24465&4&49.183036073123766|24484&4&134.4227780745609|24495&4&476.78292826936007|24497&4&15.746362912741237|24498&4&187.7084445372268|24501&4&84.17396205970668|24504&4&37.23714529661079|24505&4&90.9993714976475|24506&4&52.90491552047523|24511&4&127.32581814665733,2|24399&4&993.7731803339192|24403&4&87.76172840831578|24413&4&363.46043442174613|24414&4&496.2761134741012|24415&4&564.9302780666369|24418&4&477.1549032591743|24419&4&293.568756264309|24424&4&16.59969255881518|24435&4&16.929832361205385|24443&4&140.20657287716423|24449&4&314.5572203763824|24451&4&1461.5659064633255|24459&4&210.09283773243337|24470&4&35.98295067599223|24484&4&74.6045232456014|24491&4&1078.0256390103343|24494&4&884.9237490838348|24498&4&50.92209079013077|24501&4&39.69205819564921|24503&4&2.2580284451284296|24504&4&93.98407701967581|24514&4&2.253385467953429
112|4,130,1,1,1,1,1,1,1,1,1,1,1,1,1,1,1,1,1,1,1,1,1,1,1,1,1,1,1,1,1,1,1,1,1,1,1,1,1,1,1,1,1,1,1,1,1,1,1,1,1,1,1,1,1,1,1,1,1,1,1,1,1,1,1,1,1,1,1,1,1,1,1,1,1,1,1,1,1,1,1,1,1,1,1,1,1,1,1,1,1,1,1,1,1,1,1,1,1,1,1,1,0,0,0,0,0,0,0,0,0,0,0,0,0,0,0,0,0,0,0,0,2|24397&4&270.4320294167667|24408&4&595.2494417927428|24412&4&146.41893660488017|24413&4&212.2146474234922|24417&4&6.028131681455332|24430&4&815.0494081759134|24434&4&272.09894626555797|24436&4&306.41322081043637|24445&4&186.43730244332502|24448&4&234.45627261586966|24454&4&1101.4597589374025|24466&4&95.01511390399222|24474&4&25.593221428436927|24478&4&215.41535000295747|24479&4&1161.3230954359656|24484&4&430.05585361561737|24485&4&561.6553367823471|24488&4&871.8601898697711|24509&4&12.839513966381851|24512&4&50.86905670763835,2|24400&4&784.4304887267429|24402&4&131.68097939514385|24403&4&259.21282099045004|24405&4&784.1028846249138|24416&4&541.0333541598397|24417&4&1056.5243739375621|24426&4&871.8108494037058|24434&4&679.9974675773103|24437&4&25.57559345873979|24439&4&474.07885585029857|24447&4&115.77481312585938|24450&4&145.02346267811123|24452&4&264.1106257737665|24462&4&225.0187822324533|24464&4&64.89897557280186|24465&4&-1.5543122344752192E-15|24466&4&172.72905094438687|24478&4&105.39225547111003|24485&4&51.94060032546093|24497&4&46.25126678813741|24500&4&58.121486141048194|24511&4&77.61848150316618,2|24401&4&0.0|24402&4&339.4834209057415|24406&4&251.32630723202243|24409&4&909.904886329079|24410&4&535.6239984519859|24416&4&596.1277748346401|24417&4&-2.042810365310288E-14|24419&4&31.77700143067386|24422&4&102.69843103948875|24423&4&1108.3190234596045|24427&4&607.3261353539516|24431&4&103.40092963016244|24455&4&626.381343957814|24459&4&272.82325231896425|24460&4&621.0626444143186|24461&4&457.5341420985492|24463&4&403.8613620603869|24466&4&42.73724152673309|24468&4&2.3092638912203256E-14|24471&4&131.91362861744636|24474&4&176.9104587626972|24482&4&1011.3238953775581|24486&4&839.8432202589511|24489&4&763.1869463438142|24506&4&32.5961834334148|24507&4&21.0862322548667|24513&4&11.815447132437923|24515&4&76.95628155911413,2|24406&4&123.10865030876568|24407&4&317.6078495229359|24419&4&87.83042204211964|24421&4&363.14520516438654|24431&4&1263.8172023755292|24435&4&79.72476307353128|24438&4&2.240138576167668|24442&4&870.8756675921688|24445&4&624.758399112704|24446&4&811.0228141174805|24452&4&296.9034618276306|24453&4&881.5998298828649|24457&4&180.12600709826546|24464&4&6.88410833409028|24471&4&132.08822333096637|24473&4&0.0|24480&4&357.6387197715828|24483&4&33.52063229885563|24487&4&81.15624177516722|24500&4&8.263275590937887|24504&4&15.164912081270403|24509&4&86.93441631451715,2|24398&4&514.4211222964245|24399&4&121.89101309346708|24404&4&598.4024852025749|24411&4&445.26313909171586|24412&4&732.6451080581566|24416&4&-6.750155989720952E-14|24435&4&772.8670605531318|24438&4&124.88180040218775|24444&4&0.0|24449&4&132.86430643634833|24458&4&0.0|24462&4&186.52456948631902|24464&4&365.4859201663356|24465&4&342.75592001522426|24467&4&1220.9034122478074|24476&4&400.01234308990513|24477&4&567.2065111320755|24478&4&734.3659332551126|24496&4&105.91931212538225|24497&4&81.95152735761738|24500&4&32.579313973536806|24502&4&20.606865537033578|24504&4&24.638157044927226|24513&4&136.8518562008504|24516&4&78.0477209250318,2|24409&4&367.01325068971664|24419&4&152.37281151255118|24423&4&100.72709844934846|24428&4&477.63977481297127|24432&4&1092.8706348248431|24435&4&237.9080373426488|24436&4&36.3956690117244|24438&4&29.54567299062328|24440&4&423.4242758816924|24445&4&3.4876623759082523|24446&4&285.64051143543116|24450&4&721.8484302066962|24456&4&735.355361517591|24468&4&849.4610735626085|24481&4&0.0|24492&4&424.2277832651254|24499&4&31.279399411324828|24500&4&70.68378996892984|24504&4&3.5474927526628104|24505&4&85.46368276399343|24513&4&66.94958517592951|24514&4&28.23119637297937,2|24404&4&450.4136960068591|24414&4&156.40951317215467|24420&4&18.59828815196674|24425&4&61.198214608775686|24436&4&1.5750590142510312|24441&4&178.7374322095783|24443&4&317.8598306227068|24444&4&0.0|24445&4&4.812985937778399|24446&4&375.43085225624884|24455&4&481.07960448157576|24461&4&546.2556818811541|24462&4&120.69798166302547|24465&4&140.69956319658348|24472&4&630.4770321364857|24473&4&0.0|24475&4&536.5827755378567|24476&4&540.4115485261299|24490&4&15.909309688750538|24493&4&1071.9906606272014|24506&4&68.55704558019801|24507&4&41.55631777235958|24512&4&30.934216089386382|24515&4&16.097334153808287,2|24401&4&0.0|24403&4&188.08165760484005|24411&4&68.56498211657728|24412&4&205.53915138057323|24418&4&306.0290293956491|24422&4&203.55032743173706|24429&4&1202.1456524395153|24437&4&531.2089690757834|24443&4&261.91350657171745|24449&4&369.21321203075973|24451&4&394.8007806083059|24457&4&52.344118768683956|24458&4&0.0|24465&4&136.26280046982674|24467&4&493.7183587710785|24470&4&141.7432770800174|24477&4&174.59841772659655|24482&4&436.879168967915|24483&4&970.5642502225137|24485&4&392.0965991795053|24490&4&528.9264792659209|24496&4&133.3683191881393|24507&4&23.904483982728802|24516&4&68.43512575785732,2|24400&4&30.24157372716828|24406&4&159.8840007909548|24410&4&79.61670065412572|24418&4&153.17012614025276|24423&4&105.79291255746315|24424&4&766.50263915094|24436&4&306.0466984189175|24438&4&293.6605524354026|24442&4&243.47832203483867|24453&4&250.5675201080749|24457&4&310.16096586392655|24465&4&32.6064033857389|24484&4&198.33403434569803|24495&4&457.89422841792265|24497&4&11.987112249632961|24498&4&193.82703248105338|24501&4&73.66561240159656|24504&4&34.754668943503404|24505&4&77.9124482792041|24506&4&45.81487746242437|24507&4&19.06555429100922|24511&4&145.0936852635083,2|24399&4&1144.1337806001725|24403&4&82.21471380241027|24413&4&396.4383501550678|24414&4&609.6848292634613|24415&4&589.5756057386164|24418&4&448.5651092888063|24419&4&351.6968109509923|24424&4&4.992709202707546|24435&4&6.42165298768791|24443&4&130.8594680186866|24449&4&279.7573471543986|24451&4&1326.2700004994324|24459&4&198.07694573350233|24470&4&32.72429528502175|24484&4&51.526688951766516|24491&4&1123.0412158910008|24494&4&913.634869011853|24498&4&46.33189130075654|24501&4&37.12789462566851|24503&4&0.9646149163326707|24504&4&88.70070013074971|24514&4&2.0740011592457552
113|4,130,1,1,1,1,1,1,1,1,1,1,1,1,1,1,1,1,1,1,1,1,1,1,1,1,1,1,1,1,1,1,1,1,1,1,1,1,1,1,1,1,1,1,1,1,1,1,1,1,1,1,1,1,1,1,1,1,1,1,1,1,1,1,1,1,1,1,1,1,1,1,1,1,1,1,1,1,1,1,1,1,1,1,1,1,1,1,1,1,1,1,1,1,1,1,1,1,1,1,1,1,0,0,0,0,0,0,0,0,0,0,0,0,0,0,0,0,0,0,0,0,2|24397&4&244.679609160678|24408&4&555.5346799692894|24412&4&226.94656892358125|24413&4&177.2536716523757|24417&4&3.730349362740526E-14|24427&4&165.5914113368043|24430&4&849.6740948789021|24434&4&219.5989411891667|24436&4&269.660014475975|24444&4&0.0|24445&4&161.6171913757354|24448&4&209.04577232819184|24452&4&138.97352298498203|24454&4&1060.2316071881992|24466&4&81.75203571232997|24474&4&25.908440823260293|24478&4&189.27997479799646|24479&4&1068.7528381710897|24484&4&383.30739626639627|24485&4&505.6485254644088|24488&4&1103.6748656725902|24500&4&50.930060624423504|24506&4&26.573908090514465|24509&4&11.124210071610541|24512&4&43.70824472720682,2|24400&4&759.7826919353982|24402&4&107.66900548245597|24403&4&440.6609226902307|24405&4&721.9603612829334|24416&4&459.1269326468988|24417&4&1030.3462337474357|24426&4&795.692803802751|24434&4&821.5586665855948|24437&4&14.123838527419991|24439&4&397.59735039146705|24447&4&104.76155664008064|24450&4&119.82957577921799|24452&4&249.30368617268167|24462&4&212.66667047265665|24464&4&50.74272250743657|24466&4&163.63804826310334|24478&4&78.49755784402312|24481&4&169.55431337231465|24485&4&35.56021979836816|24497&4&43.86830242413649|24500&4&54.90201379331377|24511&4&66.78904480591657,2|24402&4&351.541960446687|24406&4&309.56226213541413|24409&4&875.9083870964414|24410&4&525.2797427244864|24416&4&637.8747253336933|24419&4&13.523435843246476|24422&4&229.64137391602674|24423&4&1305.8260958584374|24427&4&537.7632532181029|24431&4&72.3385162564085|24455&4&574.7306938557651|24459&4&224.199379192034|24460&4&567.8950907543208|24461&4&430.634189697123|24463&4&376.93695792074783|24466&4&26.77896976363504|24471&4&125.31794718657405|24474&4&163.98047653282055|24482&4&1010.5933534140768|24486&4&775.8713635427196|24489&4&782.9861359097971|24506&4&29.907040959401776|24507&4&16.56184771652973|24513&4&10.830826538068095|24515&4&65.66228196898835,2|24406&4&111.78011407840346|24407&4&285.9260469819312|24419&4&81.51673266773658|24421&4&333.0339141539697|24431&4&1232.0182261211176|24435&4&71.75228676617814|24438&4&-7.105427357601002E-15|24442&4&812.255359756328|24445&4&808.1765232405064|24446&4&754.7021502785847|24452&4&267.82903008214396|24453&4&823.7909981729536|24457&4&164.87311679237285|24464&4&1.5987211554602254E-14|24471&4&113.79382260054967|24480&4&332.27553723867175|24483&4&11.816511752509278|24487&4&75.74582565682275|24500&4&6.19745669320342|24504&4&12.101325974943606|24509&4&102.50127727223838,2|24398&4&472.7557477418269|24399&4&86.98658782606459|24404&4&669.2892908654378|24411&4&410.9095725583625|24412&4&686.5554686841363|24435&4&765.2315303251198|24438&4&116.23295581127476|24449&4&123.83744870410746|24462&4&168.80388785578174|24464&4&339.48891335769764|24465&4&316.59129287304904|24467&4&1220.4753521839584|24476&4&527.0735066393086|24477&4&497.76649064886004|24478&4&687.2906523420381|24496&4&97.43771833801772|24497&4&74.37770341242471|24500&4&30.335147008009336|24502&4&18.703545696726977|24504&4&22.395585282186225|24513&4&153.2929510398876|24516&4&66.553211928866,2|24409&4&306.0360476671185|24419&4&128.9244017641562|24423&4&87.36274894141725|24428&4&526.9365396144124|24432&4&1161.1977591292443|24435&4&201.58831834513768|24436&4&24.85497979126115|24438&4&19.498594557966303|24440&4&711.8325702399079|24445&4&2.6157467819311906|24446&4&235.61197053664142|24450&4&752.6683290302842|24456&4&678.2339406391752|24468&4&771.9965361074906|24492&4&407.31806404539714|24499&4&26.315425597016244|24500&4&60.68987254835224|24504&4&1.1824332173127374|24505&4&102.29391726004022|24513&4&56.06601780898928|24514&4&23.1196813675489,2|24404&4&387.1634572437696|24414&4&140.20493443527351|24420&4&97.92007655496664|24425&4&58.1383038783369|24436&4&9.325873406851315E-15|24441&4&226.65452237213134|24443&4&274.4149794938407|24445&4&-3.375077994860476E-14|24446&4&415.40736056854104|24455&4&535.975499526488|24461&4&717.2295478125617|24462&4&90.98238114039191|24465&4&201.60084679760953|24472&4&764.2360983548606|24475&4&492.7523766305801|24476&4&474.9653958881899|24490&4&10.606206459167016|24493&4&989.205754857975|24506&4&64.95743339341058|24507&4&37.5836975319073|24512&4&51.47731304612359|24515&4&59.37799666693252|24516&4&58.00847287921886,2|24403&4&156.67746462891188|24411&4&64.9635802705918|24412&4&158.3360562106837|24418&4&266.23450813985903|24421&4&21.18795835056727|24422&4&177.22594991223625|24429&4&1092.4220159527117|24437&4&491.28631257470744|24443&4&246.28875010993838|24449&4&354.41751557534207|24451&4&483.0324580390835|24457&4&39.57202034933464|24465&4&120.97469678771537|24467&4&421.6823522751959|24470&4&117.05220253544857|24477&4&166.81712995803437|24482&4&371.50167920449303|24483&4&1127.1488433875197|24485&4&500.05516642664486|24490&4&593.793510836897|24496&4&112.33405690360674|24507&4&22.478106570327892|24516&4&64.57329293671945,2|24398&4&109.53618758689669|24400&4&18.546206209294205|24406&4&124.98001608054372|24410&4&66.12549222617568|24418&4&159.76094414688228|24423&4&67.65454479319004|24424&4&812.152052095216|24436&4&286.0926089009963|24438&4&392.957623115988|24442&4&197.48983200781413|24453&4&198.28253256782648|24457&4&295.45958403003516|24465&4&16.029770698354042|24466&4&165.8513466580789|24484&4&237.00885531475538|24495&4&567.2046233647|24497&4&32.1870339395783|24498&4&199.9678253204405|24501&4&63.91302940146959|24504&4&32.27219259039602|24505&4&65.54004670668907|24506&4&38.72483940437351|24507&4&39.00011509665495|24511&4&162.57785273287058,2|24399&4&1303.0776705993812|24403&4&76.66769919650477|24413&4&412.2890803439683|24414&4&624.2695826355289|24415&4&730.3683022881867|24418&4&419.9753153184382|24419&4&542.8970805499396|24424&4&0.0|24435&4&4.796163466380676E-14|24443&4&121.51236316020899|24449&4&245.06456856404566|24451&4&1204.1888580034017|24459&4&291.8018900741077|24470&4&59.23422916247876|24484&4&32.65652805894369|24491&4&1066.5802344967283|24494&4&836.4657356850352|24498&4&41.741691811382296|24501&4&34.56373105568781|24503&4&2.220446049250313E-16|24504&4&83.41732324182362|24514&4&1.8946168505380818
114|4,130,1,1,1,1,1,1,1,1,1,1,1,1,1,1,1,1,1,1,1,1,1,1,1,1,1,1,1,1,1,1,1,1,1,1,1,1,1,1,1,1,1,1,1,1,1,1,1,1,1,1,1,1,1,1,1,1,1,1,1,1,1,1,1,1,1,1,1,1,1,1,1,1,1,1,1,1,1,1,1,1,1,1,1,1,1,1,1,1,1,1,1,1,1,1,1,1,1,1,1,1,0,0,0,0,0,0,0,0,0,0,0,0,0,0,0,0,0,0,0,0,2|24397&4&218.92718890458934|24400&4&204.02488552111413|24408&4&515.8199181458363|24412&4&215.23319313589002|24413&4&142.38023399137543|24427&4&285.4370613548465|24430&4&952.8586885508121|24434&4&387.1557794418491|24436&4&384.5814408603432|24445&4&136.79708030814572|24448&4&206.1553697178205|24450&4&84.47842892432567|24452&4&196.46112275605782|24454&4&1123.3319527921628|24466&4&68.48895752066773|24474&4&27.88295447685663|24478&4&163.14459959303542|24479&4&1020.8940131412305|24484&4&336.5589389171753|24485&4&449.64171414647035|24488&4&1016.3120344297448|24500&4&70.51718176146325|24506&4&25.24521268598874|24509&4&9.408906176839231|24512&4&36.800411758731286,2|24400&4&694.4342907587761|24402&4&83.6570315697681|24403&4&443.5629153856034|24405&4&664.5677135249261|24416&4&384.97233574936064|24417&4&987.020337739775|24426&4&720.2290045679981|24434&4&760.5251688067976|24437&4&5.51503416820326|24439&4&0.0|24447&4&93.74830015430189|24450&4&98.33396173688406|24452&4&234.49674657159682|24462&4&200.31455871285993|24464&4&36.58646944207129|24466&4&154.54704558181982|24478&4&51.60286021693623|24481&4&161.07659770369892|24485&4&20.04191979514192|24497&4&41.48533806013557|24500&4&51.68254144557934|24511&4&55.98255440495267,2|24402&4&534.8091960423777|24406&4&360.0095960745212|24409&4&1009.6732653928078|24410&4&531.418673619549|24416&4&647.613364240054|24419&4&2.4724675352166514|24422&4&294.9092137195287|24423&4&1260.5796661112424|24427&4&477.95910553234637|24431&4&46.899872596235525|24455&4&523.0800437537164|24459&4&181.7289158319351|24460&4&623.9286740162352|24461&4&403.7342372956968|24463&4&350.01255378110875|24466&4&15.806516512676849|24471&4&158.53837622225544|24474&4&151.05049430294392|24482&4&973.2412378097566|24486&4&741.2638693884724|24489&4&718.9648090681291|24506&4&27.21789848538875|24507&4&12.037463178192759|24513&4&9.846205943698267|24515&4&55.270629415253644,2|24406&4&100.45157784804125|24407&4&254.78412935803615|24419&4&75.20304329335353|24421&4&302.92262314355287|24431&4&1277.2620562839966|24435&4&63.77981045882501|24442&4&753.6350519204873|24445&4&812.2110462648632|24446&4&698.3814864396886|24452&4&240.66867663885793|24453&4&915.3816184283119|24457&4&149.62022648648028|24471&4&96.55446567374494|24480&4&306.91235470576055|24483&4&2.0373077203478904|24487&4&70.33540953847827|24500&4&4.1316377954689525|24504&4&9.037739868616807|24509&4&118.18427273818935,2|24398&4&434.0905051598851|24399&4&59.010508241563855|24404&4&812.9701867934527|24411&4&376.5560060250092|24412&4&640.4658293101159|24435&4&712.3185729986698|24438&4&107.58411122036179|24449&4&114.8105909718666|24462&4&151.08320622524442|24464&4&313.4919065490597|24465&4&290.4266657308739|24467&4&1296.466658881762|24476&4&516.9110531530348|24477&4&430.1064914319961|24478&4&640.2153714289636|24496&4&86.23351852276167|24497&4&66.80387946723205|24500&4&28.090980042481867|24502&4&16.800225856420376|24504&4&20.153013519445224|24513&4&168.89085896001444|24516&4&55.543392230121405,2|24409&4&245.05884464452038|24419&4&105.4759920157612|24423&4&73.99839943348604|24428&4&488.4969436429202|24432&4&1358.275138292542|24435&4&165.26859934762655|24436&4&13.314290570797898|24438&4&9.451516125309327|24440&4&668.7314697714337|24445&4&1.743831187954129|24446&4&185.58342963785165|24450&4&705.7271930851142|24456&4&691.3036150424399|24468&4&696.3496514153583|24492&4&458.4719223081069|24499&4&21.827586087244566|24500&4&52.12371520017297|24504&4&2.220446049250313E-15|24505&4&119.1130383986309|24513&4&46.017827389318015|24514&4&18.00816636211843,2|24404&4&327.14152947052844|24414&4&124.16140768973786|24420&4&189.3201228133703|24425&4&55.07839314789811|24441&4&266.9345879004667|24443&4&230.97012836497464|24446&4&523.2472965424756|24455&4&506.28095913886636|24461&4&920.2596124102641|24462&4&65.58489194100297|24465&4&284.1093201522351|24472&4&806.2012093845317|24475&4&448.92197772330337|24476&4&414.2670326546435|24490&4&5.303103229583494|24493&4&1086.1530292010393|24506&4&61.35782120662314|24507&4&33.61107729145502|24511&4&25.914304522158787|24512&4&72.24768019737144|24515&4&56.324374022250055|24516&4&77.48602386378228,2|24403&4&134.92600417331553|24411&4&61.36217842460633|24412&4&114.54375227593398|24418&4&229.8598613175095|24421&4&109.62604396551393|24422&4&150.90157239273537|24429&4&984.3754237261187|24437&4&581.7622790514558|24443&4&320.0771738636049|24449&4&482.415615855168|24451&4&529.1009264196421|24457&4&27.988700896579186|24465&4&105.68659310560402|24467&4&353.44245721087924|24470&4&92.36112799087978|24477&4&201.3014369142547|24482&4&308.81069929403867|24483&4&1183.7822040283806|24485&4&671.6502274636051|24490&4&534.0258763228856|24496&4&92.96395194890322|24507&4&21.051729157926985|24516&4&60.71146011558157,2|24398&4&136.87656508486873|24400&4&6.85083869142012|24406&4&94.10857089311608|24410&4&53.61384142679155|24418&4&195.54417880268662|24423&4&41.83303354742807|24424&4&843.2334193617128|24436&4&266.13851938307505|24438&4&513.2186337590274|24442&4&151.50134198078956|24453&4&150.04929372833135|24457&4&278.73960607862574|24465&4&6.881070986546401|24466&4&215.20528034436273|24484&4&224.20254392418732|24495&4&618.8481763723727|24497&4&53.04261247680998|24498&4&206.4930496797065|24501&4&54.590422287441434|24504&4&29.78971623728863|24505&4&54.244669433627195|24506&4&31.63480134632266|24507&4&59.166043177933105|24511&4&152.86809685376056,2|24399&4&1238.8382965847636|24403&4&71.12068459059927|24413&4&537.6627206119813|24414&4&586.7968207542218|24415&4&713.9709191510555|24418&4&391.38552134807026|24419&4&721.9995224787202|24443&4&112.16525830173137|24449&4&210.57553062329043|24451&4&1084.7844913516738|24459&4&274.49895625819977|24470&4&95.28956526893107|24484&4&14.220587916639545|24491&4&1021.0515658007689|24494&4&760.1000389855325|24498&4&37.151492322008075|24501&4&31.99956748570711|24504&4&78.13394635289754|24514&4&1.7152325418304084
115|4,130,1,1,1,1,1,1,1,1,1,1,1,1,1,1,1,1,1,1,1,1,1,1,1,1,1,1,1,1,1,1,1,1,1,1,1,1,1,1,1,1,1,1,1,1,1,1,1,1,1,1,1,1,1,1,1,1,1,1,1,1,1,1,1,1,1,1,1,1,1,1,1,1,1,1,1,1,1,1,1,1,1,1,1,1,1,1,1,1,1,1,1,1,1,1,1,1,1,1,1,1,0,0,0,0,0,0,0,0,0,0,0,0,0,0,0,0,0,0,0,0,2|24397&4&223.44338254771193|24400&4&376.09155465189747|24408&4&476.105156322383|24412&4&203.51981734819873|24413&4&113.17654363408415|24427&4&319.9774400185961|24430&4&1046.1151322488404|24434&4&617.6644777634147|24436&4&521.0384859057167|24445&4&111.97696924055607|24448&4&309.89231500966|24450&4&80.25450747810939|24452&4&223.24332505641019|24454&4&1029.2939208306398|24464&4&7.74225284002463|24466&4&55.225879329005494|24474&4&26.282599427272178|24478&4&137.00922438807441|24479&4&929.7040311437623|24484&4&289.8104815679543|24485&4&393.634902828532|24488&4&934.3689112844263|24500&4&66.86399752182902|24506&4&23.916517281463015|24509&4&7.693602282067921|24512&4&30.492128303018,2|24400&4&629.0858895821541|24402&4&65.43711877997347|24403&4&417.6198596139819|24405&4&607.7286672314618|24416&4&319.8899150143061|24417&4&1055.5712257409045|24426&4&649.6918724615625|24434&4&699.4916710280004|24437&4&2.3092638912203256E-14|24439&4&123.62237659152453|24447&4&82.73504366852315|24450&4&77.42008785013124|24452&4&219.68980697051197|24462&4&278.0828151616032|24464&4&22.430216376706003|24466&4&145.4560429005363|24468&4&1.5791216388067113|24478&4&26.943985072097135|24481&4&191.85933572756431|24485&4&11.415874130165705|24497&4&39.10237369613465|24500&4&48.463069097844915|24511&4&45.85935250385543,2|24401&4&101.03489251039065|24402&4&646.6988264485924|24406&4&337.0849129174183|24409&4&1330.9839112609266|24410&4&528.4769364836228|24416&4&613.6920152845713|24419&4&0.0|24422&4&276.5107750583844|24423&4&1174.6056280894386|24427&4&419.05926399797465|24431&4&26.332800519182918|24455&4&471.42939365166757|24459&4&148.88608581766704|24460&4&623.0606218380453|24461&4&376.8342848942706|24463&4&323.0881496414696|24466&4&6.831709275997567|24471&4&149.95188926805542|24474&4&138.12051207306726|24482&4&983.9674099803042|24486&4&758.1882867750678|24489&4&654.943482226461|24506&4&24.52875601137572|24507&4&8.082617824488054|24513&4&8.86158534932844|24515&4&45.48127017659395,2|24406&4&89.12304161767904|24407&4&231.95933096899216|24419&4&68.88935391897047|24421&4&273.1683719372005|24431&4&1231.2143664970254|24435&4&55.80733415147188|24442&4&830.04135513743|24445&4&753.0818770526291|24446&4&642.0608226007927|24452&4&213.5083231955719|24453&4&850.102814120137|24457&4&134.3673361805877|24471&4&79.31510874694021|24473&4&111.4299619307576|24480&4&373.4331723238246|24483&4&1.509903313490213E-14|24487&4&64.9249934201338|24500&4&2.065818897734485|24504&4&5.97415376229001|24509&4&133.74379209617143,2|24398&4&395.44783185619616|24399&4&38.9188399936461|24404&4&893.0520678211681|24411&4&342.20243949165587|24412&4&594.3761899360957|24435&4&659.4056156722195|24438&4&98.93526662944882|24449&4&105.78373323962575|24462&4&133.36252459470714|24464&4&287.4948997404218|24465&4&264.26203858869866|24467&4&1301.3161718925103|24476&4&485.3745950204782|24477&4&364.64857257857545|24478&4&616.2740568652478|24496&4&75.02931870750564|24497&4&59.23005552203938|24500&4&25.846813076954398|24502&4&14.896906016113771|24504&4&17.91044175670422|24513&4&183.99255608684163|24516&4&45.42257676483404,2|24409&4&184.7479396657802|24419&4&82.0275822673662|24423&4&60.63404992555483|24428&4&451.66867002696404|24432&4&1539.1134075168561|24435&4&130.05435921838676|24436&4&5.007817071088326|24438&4&1.8385112197782254|24440&4&670.0258201910102|24445&4&0.8719155939770675|24446&4&135.55488873906194|24450&4&658.7860571399443|24456&4&679.0940489469742|24468&4&623.4103640799565|24492&4&477.11663702798353|24499&4&18.26217294006457|24500&4&44.58633577661196|24505&4&135.84410873256488|24513&4&36.92609429281133|24514&4&13.402488483951863,2|24404&4&269.50466090580767|24412&4&95.38433045915156|24414&4&109.32528351961797|24420&4&179.56049597491545|24425&4&52.018482417459325|24441&4&251.90085094432746|24443&4&187.52527723610854|24446&4&495.06090732675784|24455&4&476.58641875124476|24457&4&99.10587477116854|24461&4&895.4114892109621|24462&4&43.70815937638425|24465&4&443.2910751433203|24466&4&4.6996993361764225|24472&4&881.5889243197466|24475&4&405.09157881602664|24476&4&354.6331865192251|24489&4&134.85859552604703|24490&4&-2.8421709430404007E-14|24493&4&1128.5220056080518|24506&4&57.758209019835704|24507&4&29.63845705100274|24511&4&51.20931299653506|24512&4&68.39925144539451|24515&4&53.2707513775676|24516&4&96.24021980070297,2|24403&4&114.40504732123043|24411&4&57.76077657862085|24412&4&80.42756537297336|24418&4&193.48521449516|24421&4&166.31235918182352|24422&4&124.5771948732345|24429&4&881.775361335971|24437&4&706.6047931567931|24443&4&299.9817583910536|24449&4&500.93203998115797|24451&4&752.8061664948841|24453&4&192.64438061611656|24457&4&18.837108086747428|24465&4&90.39848942349266|24467&4&290.1961625933143|24470&4&67.67005344631096|24477&4&302.7531102661502|24482&4&248.40137248463685|24483&4&1071.2162427253495|24485&4&741.202947060333|24490&4&611.3269148751924|24496&4&73.59384699419967|24507&4&19.62535174552607|24516&4&56.84962729444371,2|24398&4&268.32838503605564|24400&4&0.5370767676180884|24406&4&72.84644693268618|24410&4&41.235231550978305|24418&4&263.4158486070612|24423&4&23.938475414233764|24424&4&827.2910740613361|24436&4&246.18442986515385|24438&4&595.3898566100956|24442&4&108.52508542539314|24453&4&103.75523571236484|24457&4&262.0196281272162|24465&4&0.07042665194293996|24466&4&204.03038796049938|24484&4&310.0523032883822|24495&4&752.0381608781288|24497&4&74.61098557628009|24498&4&189.32987708818771|24501&4&46.05337489733327|24504&4&27.307239884181243|24505&4&44.04032772634814|24506&4&25.246987005865765|24507&4&79.30583042968976|24511&4&143.1583409746505,2|24399&4&1309.3284716473454|24403&4&65.57366998469377|24413&4&616.1085730019854|24414&4&549.3240588729147|24415&4&707.6687742609672|24418&4&362.7957273777022|24419&4&700.0305754602299|24443&4&102.81815344325375|24449&4&178.9056040152993|24451&4&966.854280046659|24459&4&257.1960224422919|24470&4&196.69866930092087|24484&4&1.133015849088121|24491&4&1005.5621794512242|24494&4&790.7559879500766|24498&4&32.561292832633846|24501&4&29.43540391572641|24504&4&72.85056946397144|24514&4&1.5358482331227348
116|4,130,1,1,1,1,1,1,1,1,1,1,1,1,1,1,1,1,1,1,1,1,1,1,1,1,1,1,1,1,1,1,1,1,1,1,1,1,1,1,1,1,1,1,1,1,1,1,1,1,1,1,1,1,1,1,1,1,1,1,1,1,1,1,1,1,1,1,1,1,1,1,1,1,1,1,1,1,1,1,1,1,1,1,1,1,1,1,1,1,1,1,1,1,1,1,1,1,1,1,1,1,0,0,0,0,0,0,0,0,0,0,0,0,0,0,0,0,0,0,0,0,2|24397&4&196.17753159666267|24400&4&446.7906521744848|24408&4&436.3903944989297|24412&4&191.8064415605075|24413&4&92.45643492109657|24427&4&302.83029790952|24430&4&1149.0394086479407|24434&4&720.4167127516806|24436&4&625.3901899770106|24445&4&87.15685817296641|24448&4&278.2512318222315|24450&4&185.5559859184729|24452&4&258.17105518157405|24454&4&940.1939820233495|24464&4&7.355140198023398|24466&4&41.96280113734326|24474&4&24.68224437768773|24478&4&110.87384918311338|24479&4&914.7968282245159|24484&4&243.06202421873328|24485&4&337.6280915105936|24488&4&854.061225509563|24500&4&63.21081328219479|24506&4&22.58782187693729|24509&4&5.978298387296611|24512&4&24.442021410909756,2|24400&4&563.7374884055321|24402&4&51.05498147186492|24403&4&424.38762058380445|24405&4&550.8896209379975|24416&4&259.5827742422722|24417&4&1109.7703855449683|24426&4&582.3432358757873|24434&4&638.458173249203|24439&4&117.44125776194831|24447&4&80.51085202014286|24450&4&58.85756569787897|24452&4&204.88286736942712|24454&4&105.14890145800962|24462&4&446.156379425081|24464&4&12.810013221480757|24466&4&136.36504021925276|24468&4&229.49169932268802|24478&4&15.174628563987202|24481&4&183.14482721657015|24485&4&2.789828465189519|24497&4&36.71940933213372|24499&4&4.309677490068339|24500&4&107.16157031852407|24511&4&36.768215870559004|24512&4&32.68320383887101,2|24401&4&106.22421814217435|24402&4&602.0943089415649|24406&4&314.1602297603155|24409&4&1335.7107826504412|24410&4&607.7917919947554|24416&4&661.372203801667|24422&4&413.0705531272191|24423&4&1335.50559048959|24427&4&362.36793264740805|24431&4&12.315427495798282|24455&4&421.5812392425977|24459&4&118.48684402059808|24460&4&759.4912403331405|24461&4&349.9343324928444|24463&4&296.1637455018305|24466&4&3.019806626980426E-14|24471&4&151.63626154133385|24474&4&125.19052984319063|24482&4&1011.516659570565|24486&4&825.0204885867018|24489&4&598.1760963302173|24506&4&21.83961353736269|24507&4&5.0293520442274975|24513&4&7.876964754958613|24515&4&36.676071719234955,2|24406&4&77.79450538731682|24407&4&449.9529554742581|24419&4&62.57566454458741|24421&4&246.54432493602786|24431&4&1301.7344762918817|24435&4&47.834857844118744|24442&4&936.7477803279689|24445&4&693.9527078403951|24446&4&585.7401587618966|24452&4&188.6569826938408|24453&4&784.8240098119621|24457&4&119.11444587469508|24471&4&62.075751820135466|24473&4&105.85846383421972|24480&4&358.3233458123213|24487&4&59.51457730178932|24500&4&1.7763568394002505E-14|24504&4&2.9105676559632125|24509&4&147.8977089117957,2|24398&4&360.93750315930606|24399&4&23.29871685060422|24404&4&967.1557251218468|24411&4&307.84887295830254|24412&4&548.2865505620754|24435&4&646.1404391802564|24438&4&90.28642203853583|24449&4&96.75687550738488|24462&4&115.64184296416984|24464&4&261.49789293178384|24465&4&238.09741144652344|24467&4&1310.5893277128528|24473&4&281.3335342054686|24476&4&481.56126759808603|24477&4&303.77581092105856|24478&4&649.6278496535307|24496&4&63.82511889224959|24497&4&51.65623157684672|24500&4&23.602646111426928|24502&4&12.993586175807168|24504&4&15.667869993963219|24513&4&201.7672516380856|24516&4&36.216776656920274,2|24409&4&136.02314651180683|24419&4&58.579172518971205|24423&4&47.269700417623625|24428&4&454.1448690126334|24432&4&1479.1804561518718|24435&4&95.45494383896185|24436&4&-3.375077994860476E-14|24438&4&1.3766765505351941E-14|24440&4&628.6232475239376|24445&4&5.995204332975845E-15|24446&4&91.89414674662504|24450&4&611.8449211947744|24456&4&619.1748157992527|24468&4&557.0089862596868|24492&4&439.6774690451926|24499&4&15.591455793427826|24500&4&37.04895635305096|24505&4&155.23442286248172|24513&4&28.852384026044565|24514&4&9.35565450807453,2|24399&4&100.57545672913716|24404&4&212.44356278339617|24412&4&167.56978344476684|24414&4&94.48915934949807|24419&4&85.92846885796257|24420&4&169.80086913646062|24425&4&48.95857168702054|24441&4&303.99666733746756|24443&4&144.08042610724246|24446&4&466.8745181110401|24455&4&553.8894613701389|24457&4&139.81273430138003|24461&4&803.3008726884519|24462&4&27.260911245621468|24464&4&2.8633848802801913|24465&4&418.8095484996863|24466&4&108.68588722477469|24472&4&935.6322407315956|24475&4&361.2611799087499|24476&4&295.134336969716|24489&4&199.04295731134954|24493&4&1070.0393975473037|24506&4&54.15859683304827|24507&4&25.665836810550456|24511&4&78.6332103650855|24512&4&64.55082269341759|24515&4&50.21712873288514|24516&4&116.67569842855617,2|24403&4&93.88409046914529|24411&4&54.15937473263537|24412&4&56.818819012098274|24418&4&157.1105676728105|24421&4&157.66705772214834|24422&4&98.25281735373363|24429&4&964.4090391413808|24437&4&651.5979504190608|24443&4&492.8973626986332|24446&4&185.52872504107074|24449&4&492.8273555239943|24451&4&775.5724918028872|24453&4&263.54991839417744|24457&4&11.60880860222956|24465&4&75.11038574138131|24467&4&227.97686624389343|24470&4&45.39941551531908|24477&4&438.24391893224885|24482&4&193.84878151188985|24483&4&1000.2450564974146|24485&4&841.8859165189568|24490&4&717.2981536294684|24496&4&54.223742039496116|24498&4&17.414905742459382|24507&4&18.19897433312516|24516&4&52.987794473305826,2|24398&4&255.96753914240463|24400&4&-3.774758283725532E-15|24406&4&53.30438551223102|24410&4&28.85662167516505|24418&4&330.8912455821728|24423&4&9.092067649640118|24424&4&816.53639414192|24436&4&226.2303403472326|24438&4&574.5116616432081|24442&4&73.84178763072478|24453&4&71.56523674236772|24457&4&245.29965017580673|24465&4&0.0|24466&4&192.85549557663603|24484&4&304.3650903824|24495&4&759.51957353281|24497&4&99.44611749898057|24498&4&173.2228386056747|24501&4&37.97032525666188|24504&4&24.824763531073856|24505&4&34.978479424321186|24506&4&19.26699461938832|24507&4&101.21616966434442|24511&4&133.44858509554047,2|24399&4&1216.176336705943|24403&4&60.02665537878826|24413&4&678.3562490586874|24414&4&511.8512969916077|24415&4&699.1395846221246|24418&4&334.2059334073341|24419&4&657.1515559283744|24443&4&93.47104858477613|24449&4&147.66248853997195|24451&4&857.0707520578051|24459&4&256.6306483149818|24470&4&316.5050242305168|24484&4&0.0|24491&4&1022.4956034823317|24494&4&787.7553922214864|24498&4&27.97109334325961|24501&4&26.87124034574571|24504&4&67.56719257504534|24514&4&1.3564639244150611
117|4,130,1,1,1,1,1,1,1,1,1,1,1,1,1,1,1,1,1,1,1,1,1,1,1,1,1,1,1,1,1,1,1,1,1,1,1,1,1,1,1,1,1,1,1,1,1,1,1,1,1,1,1,1,1,1,1,1,1,1,1,1,1,1,1,1,1,1,1,1,1,1,1,1,1,1,1,1,1,1,1,1,1,1,1,1,1,1,1,1,1,1,1,1,1,1,1,1,1,1,1,1,0,0,0,0,0,0,0,0,0,0,0,0,0,0,0,0,0,0,0,0,2|24397&4&168.91168064561342|24400&4&642.7277705578842|24408&4&421.44622413834395|24412&4&180.0930657728162|24413&4&71.736326208109|24427&4&388.5035609110369|24430&4&1135.6315516539587|24434&4&853.6999992788058|24436&4&630.0831825318165|24445&4&62.33674710537676|24448&4&246.61014863480295|24450&4&279.83011795177634|24452&4&243.8056378898923|24454&4&853.9861787294334|24464&4&0.0|24466&4&28.69972294568102|24474&4&23.081889328103276|24478&4&84.73847397815237|24479&4&936.6490303890725|24484&4&196.31356686951227|24485&4&281.62128019265515|24488&4&773.8064507079417|24500&4&59.55762904256057|24506&4&21.259126472411566|24509&4&4.262994492525301|24512&4&19.016785032252983,2|24400&4&498.38908722891006|24402&4&39.06660187016114|24403&4&454.58257518870187|24405&4&494.05057464453307|24416&4&207.5009806569298|24417&4&1088.0017564628677|24426&4&515.0124185326803|24434&4&577.4246754704056|24439&4&111.26013893237209|24447&4&154.71892900458909|24450&4&44.88689759586865|24452&4&190.07592776834224|24454&4&99.89145638510914|24462&4&565.6393347729745|24464&4&0.0|24466&4&127.27403753796924|24468&4&432.02648926249606|24471&4&119.8342189828312|24478&4&6.350822260116305|24480&4&62.65410124820835|24481&4&172.6177773712181|24485&4&1.394914232594764|24497&4&34.3364449681328|24499&4&4.0941936155649215|24500&4&129.89740842132684|24511&4&28.712530311835707|24512&4&53.977657301536425,2|24401&4&100.66042000378965|24402&4&561.3394271695429|24406&4&0.0|24409&4&1392.1952284478602|24410&4&697.0600712165484|24416&4&609.7294040298244|24422&4&539.0884173694019|24423&4&1508.693274745014|24427&4&305.6766012968413|24431&4&5.14166436354436|24455&4&377.2259259055357|24459&4&94.82564926516042|24460&4&775.9571422685121|24461&4&323.03438009141826|24463&4&269.23934136219134|24471&4&142.5362316257599|24474&4&112.26054761331397|24482&4&1087.4053959717105|24486&4&827.0011453267865|24489&4&541.4087104339739|24506&4&19.150471063349666|24507&4&2.520012380249499|24513&4&6.892344160588786|24515&4&28.89058877269617,2|24406&4&0.0|24407&4&507.77062287184026|24419&4&56.26197517020435|24421&4&219.92027793485525|24431&4&1294.8202111669652|24435&4&39.86238153676561|24442&4&961.934969958129|24445&4&634.823538628161|24446&4&529.4194949230007|24452&4&163.8056421921097|24453&4&719.5452055037872|24457&4&103.86155556880247|24471&4&48.22699059083786|24473&4&100.28696573768184|24480&4&330.43079632072454|24487&4&54.104161183444845|24504&4&0.9892017929453086|24509&4&161.39265432772515,2|24398&4&326.42717446241596|24399&4&11.572581849940358|24404&4&1008.5837913637866|24411&4&273.4953064249492|24412&4&502.1969111880551|24433&4&43.078095184282105|24435&4&591.2450928120819|24438&4&81.63757744762285|24449&4&87.730017775144|24462&4&97.92116133363254|24464&4&0.0|24465&4&211.93278430434822|24467&4&1329.8688089250443|24473&4&267.26685749519515|24476&4&564.4876966196091|24477&4&250.18759565943083|24478&4&647.2719659282092|24496&4&151.4840833290821|24497&4&44.08240763165406|24500&4&21.35847914589946|24502&4&11.090266335500566|24504&4&13.425298231222216|24513&4&188.69645214420302|24516&4&27.97941798871016,2|24409&4&91.95365508372635|24419&4&35.13076277057621|24423&4&33.90535090969241|24428&4&501.37991006296716|24432&4&1366.7100448950873|24435&4&67.7312172151592|24440&4&691.6127564020617|24444&4&119.7958726121235|24446&4&59.6492129862697|24450&4&564.9037852496047|24456&4&559.255582651531|24468&4&495.40422693078597|24492&4&404.53086567642475|24499&4&13.450718766432963|24500&4&29.511576929489962|24505&4&145.73195281782483|24513&4&21.876979114390203|24514&4&6.202745248479914,2|24399&4&301.8002577971447|24404&4&159.56263084057693|24412&4&263.702722641994|24414&4&79.65303517937816|24419&4&315.9278451970892|24420&4&227.6774482015813|24425&4&45.89866095658175|24441&4&365.0155216265856|24443&4&103.65775380120789|24446&4&438.6881288953224|24455&4&518.8450418321914|24457&4&216.20687574182352|24461&4&770.7448658000243|24462&4&17.18009079213719|24464&4&0.0|24465&4&421.68462557516955|24466&4&172.9776200247582|24472&4&864.526622667144|24475&4&338.17038751923167|24476&4&242.96152844817547|24489&4&220.76582086415937|24493&4&974.8862230032623|24506&4&50.55898464626084|24507&4&21.69321657009818|24511&4&108.64282375628987|24512&4&60.702393941440675|24515&4&47.16350608820268|24516&4&110.23802629161082,2|24403&4&73.47189074080688|24411&4&50.55797288664989|24412&4&38.57226090983337|24418&4&124.19140371425172|24421&4&213.5518123034525|24422&4&75.99449632313187|24429&4&1029.9049525629225|24437&4&740.8116511104179|24443&4&594.5293306715871|24446&4&314.3574361489188|24449&4&576.3421546512945|24451&4&761.3237238328463|24453&4&398.9588688777653|24457&4&4.380509117711681|24465&4&59.82228205926995|24467&4&166.75338296607976|24470&4&28.399982862166084|24477&4&626.2395375583851|24482&4&146.8776198359626|24483&4&1105.6520514907156|24485&4&879.2365171432094|24490&4&835.9407905437929|24496&4&34.85363708479258|24498&4&84.70007756220606|24507&4&16.77259692072425|24516&4&49.125961652167945,2|24398&4&241.8371311223101|24406&4&0.0|24410&4&17.889758523531142|24418&4&336.1968981119693|24423&4&2.7006383271914505|24424&4&740.2465464261788|24436&4&206.27625082931138|24438&4&540.0383052458106|24442&4&47.25219550361311|24453&4&47.47957392825275|24457&4&228.57967222439723|24466&4&181.6806031927727|24484&4&450.91512157672815|24495&4&695.0920989640069|24497&4&125.3453041011067|24498&4&158.1872837612163|24501&4&30.692099221796248|24504&4&22.34228717796647|24505&4&27.077530703175654|24506&4&14.072031334800077|24507&4&124.53737303246098|24511&4&123.7388292164304,2|24399&4&1123.024201764541|24403&4&54.47964077288276|24413&4&650.2053552356031|24414&4&474.3785351103006|24415&4&772.4208754517317|24418&4&305.61613943696614|24419&4&614.2725363965186|24443&4&84.1239437262985|24449&4&116.41937306464456|24451&4&751.2655015312216|24459&4&338.3549897890055|24470&4&324.19341745580095|24491&4&980.5705740079036|24494&4&775.0461292761097|24498&4&23.38089385388538|24501&4&24.30707677576501|24504&4&62.283815686119254|24514&4&1.1770796157073875
118|4,130,1,1,1,1,1,1,1,1,1,1,1,1,1,1,1,1,1,1,1,1,1,1,1,1,1,1,1,1,1,1,1,1,1,1,1,1,1,1,1,1,1,1,1,1,1,1,1,1,1,1,1,1,1,1,1,1,1,1,1,1,1,1,1,1,1,1,1,1,1,1,1,1,1,1,1,1,1,1,1,1,1,1,1,1,1,1,1,1,1,1,1,1,1,1,1,1,1,1,1,1,0,0,0,0,0,0,0,0,0,0,0,0,0,0,0,0,0,0,0,0,2|24397&4&141.64582969456418|24400&4&607.924821477875|24408&4&557.8866678205811|24412&4&168.37968998512497|24413&4&52.1929846923684|24427&4&403.9191984610776|24430&4&1138.7290042494142|24434&4&978.4226641193893|24436&4&681.8917846544366|24445&4&38.50932797713073|24448&4&256.03407231124925|24450&4&264.9312103375387|24452&4&260.46260199444976|24454&4&767.7783754355171|24466&4&15.436644754018783|24474&4&21.48153427851883|24478&4&58.60309877319135|24479&4&969.3990375966883|24484&4&151.7382111081087|24485&4&225.6144688747168|24488&4&693.5516759063205|24500&4&55.90444480292635|24506&4&19.93043106788584|24509&4&3.1972458693939805|24512&4&14.309845321320047,2|24400&4&592.7473627408915|24402&4&27.078222268457345|24403&4&490.29077955901516|24405&4&448.195804896669|24416&4&156.16242684584182|24417&4&1155.2898160284992|24426&4&450.0883127808021|24434&4&516.3911776916084|24439&4&342.64041119823304|24447&4&170.11292863943342|24450&4&34.654939844000296|24452&4&175.2689881672574|24454&4&233.61475688349225|24460&4&84.76182716603057|24462&4&613.0508871158074|24466&4&118.18303485668571|24468&4&421.0442616136505|24471&4&207.65419488783675|24472&4&38.670143489772045|24478&4&-3.730349362740526E-14|24480&4&59.52139618579793|24481&4&0.0|24485&4&9.325873406851315E-15|24490&4&68.43969004095868|24497&4&31.953480604131883|24499&4&13.961894321697093|24500&4&122.12947693872384|24511&4&21.668125758267664|24512&4&73.889803612543|24513&4&104.46901492285508,2|24401&4&249.42012772492978|24402&4&722.265374448991|24409&4&1634.3453192558977|24410&4&658.7232881410675|24416&4&654.6408625856689|24422&4&508.45147072203247|24423&4&1396.6403842680522|24427&4&252.9411409844466|24431&4&-2.8421709430404007E-14|24455&4&332.8706125684738|24459&4&71.16445450972284|24460&4&716.0705670369462|24461&4&296.1344276899921|24463&4&242.31493722255223|24471&4&133.436201710186|24474&4&99.33056538343735|24482&4&1031.87612895754|24486&4&896.7240018301184|24489&4&484.6413245377302|24506&4&16.461328589336638|24507&4&0.9476620918005819|24513&4&5.9077235662189596|24515&4&21.80579265727328,2|24407&4&470.6909276152692|24419&4&49.94828579582129|24421&4&193.85874147072138|24431&4&1368.9260897762383|24435&4&31.88990522941248|24442&4&966.7550535272927|24445&4&661.8217234913313|24446&4&473.09883108410463|24452&4&138.95430169037857|24453&4&654.2664011956124|24457&4&88.60866526290985|24471&4&34.378229361540235|24473&4&94.71546764114396|24480&4&302.53824682912784|24487&4&48.693745065100366|24504&4&2.220446049250313E-16|24509&4&173.10778830414853,2|24398&4&291.91684576552586|24399&4&3.3855057516704425|24404&4&1006.7238538086118|24411&4&239.14173989159582|24412&4&456.1072718140347|24433&4&227.15858140671727|24435&4&671.6250342919201|24438&4&72.98873285670987|24449&4&78.70316004290315|24462&4&80.20047970309525|24465&4&185.76815716217305|24467&4&1379.7006203234841|24473&4&253.2001807849217|24476&4&532.2182583230094|24477&4&204.71288918684633|24478&4&683.1409617289901|24496&4&337.92933046967886|24497&4&36.50858368646139|24500&4&19.11431218037199|24502&4&9.186946495193963|24504&4&11.182726468481214|24513&4&175.62565265032043|24515&4&4.2292538415129|24516&4&20.83272622387493,2|24409&4&51.360924693524794|24419&4&16.744046426321805|24423&4&20.5410014017612|24426&4&55.9504363375853|24428&4&460.32714066093865|24432&4&1457.329323243899|24435&4&42.05978256633379|24440&4&767.0715378374679|24444&4&316.6994146602947|24446&4&32.08681152387785|24450&4&517.9626493044349|24456&4&499.33634950380934|24468&4&440.6232119631169|24492&4&381.8165386741254|24499&4&11.309981739438099|24500&4&21.97419750592896|24505&4&136.22948277316797|24513&4&15.102371951436833|24514&4&4.031297100306773,2|24399&4&389.0112113369033|24404&4&116.173646992111|24412&4&508.6636523767066|24414&4&64.81691100925826|24419&4&389.0317999271004|24420&4&239.99024999349638|24425&4&42.83875022614296|24441&4&376.1077429210894|24443&4&70.83133364163457|24446&4&410.5017396796046|24455&4&483.800622294244|24457&4&251.66167219479215|24461&4&967.7851493737666|24462&4&8.975389461105777|24464&4&35.20431245193063|24465&4&466.11042018070333|24466&4&236.9155467427582|24472&4&800.285343516884|24475&4&295.97236023937427|24476&4&198.1088595904343|24485&4&53.612155827114975|24489&4&208.87591861441717|24493&4&937.8342105289288|24498&4&31.5234395869806|24506&4&46.9593724594734|24507&4&17.7205963296459|24511&4&102.80824879410756|24512&4&56.853965189463764|24515&4&44.10988344352022|24516&4&103.80035415466548,2|24403&4&53.22447509985187|24411&4&46.956571040664414|24412&4&24.83306209467828|24418&4&92.18897231434386|24421&4&201.68000804172834|24422&4&54.5527540814677|24429&4&926.1644560389027|24437&4&684.9121222376507|24443&4&774.7424075935709|24446&4&409.514359164858|24449&4&557.1308631998254|24451&4&714.6252819365243|24453&4&465.52440832511064|24457&4&-1.4210854715202004E-14|24465&4&44.5341783771586|24467&4&117.73155627615358|24470&4&15.517876025915177|24477&4&753.2545366495781|24482&4&111.83955757798407|24483&4&1139.0156710044048|24485&4&823.5332243583705|24490&4&769.5501471883787|24496&4&17.166715157135258|24498&4&80.42153641973962|24507&4&15.346219508323339|24516&4&45.26412883103007,2|24398&4&227.70672310221556|24410&4&11.460283011567569|24418&4&376.9005649915242|24423&4&69.2743853805947|24424&4&728.5205714220219|24436&4&186.32216131139015|24438&4&505.5649488484132|24442&4&24.043601121135524|24453&4&29.54411641582856|24457&4&211.85969427298772|24466&4&170.50571080890938|24484&4&633.4560093585125|24495&4&651.2266036261765|24497&4&144.4452839731212|24498&4&144.1337246408033|24501&4&23.413873186930616|24504&4&19.859810824859082|24505&4&108.15885593027679|24506&4&9.396433970941292|24507&4&144.39531618644892|24511&4&114.02907333732037,2|24399&4&1029.8720668231385|24403&4&48.93262616697726|24413&4&690.5501006896309|24414&4&436.90577322899355|24415&4&797.7314716959615|24418&4&277.02634546659806|24419&4&571.3935168646632|24443&4&74.77683886782089|24449&4&86.72764477767407|24451&4&650.5893082693248|24459&4&481.7059914254274|24470&4&394.2382737966458|24491&4&954.3747387848904|24494&4&772.7417029944169|24498&4&18.790694364511147|24501&4&21.742913205784312|24504&4&57.000438797193155|24514&4&0.9976953069997139
119|4,130,1,1,1,1,1,1,1,1,1,1,1,1,1,1,1,1,1,1,1,1,1,1,1,1,1,1,1,1,1,1,1,1,1,1,1,1,1,1,1,1,1,1,1,1,1,1,1,1,1,1,1,1,1,1,1,1,1,1,1,1,1,1,1,1,1,1,1,1,1,1,1,1,1,1,1,1,1,1,1,1,1,1,1,1,1,1,1,1,1,1,1,1,1,1,1,1,1,1,1,1,0,0,0,0,0,0,0,0,0,0,0,0,0,0,0,0,0,0,0,0,2|24397&4&183.5529606924187|24400&4&573.1218723978657|24408&4&662.553624166171|24412&4&156.66631419743368|24413&4&36.94403843567159|24427&4&519.6108801393591|24430&4&1044.3543936659075|24434&4&1142.9050079841977|24436&4&784.1451176746152|24445&4&18.917636504906575|24448&4&226.6236721546316|24450&4&250.03230272330097|24452&4&251.12483612601187|24454&4&688.4828196494202|24466&4&4.4144966128530045|24474&4&59.888568346560135|24478&4&32.467723568230326|24479&4&955.9793811508259|24484&4&112.35832546645867|24485&4&169.6076575567784|24488&4&613.2969011046993|24500&4&52.25126056329212|24506&4&18.601735663360117|24509&4&2.131497246262656|24512&4&10.006612448325544,2|24400&4&675.03757030052|24402&4&17.280663797040912|24403&4&456.51473146265766|24405&4&505.88569250347575|24416&4&112.42685992907067|24417&4&1209.2373065258328|24426&4&389.23635853261095|24434&4&455.35767991281114|24439&4&407.1118441721377|24447&4&157.18513295982882|24450&4&24.508983261987694|24452&4&160.46204856617254|24454&4&318.9623865393258|24460&4&80.52373580772904|24462&4&575.6270061745721|24466&4&109.09203217540218|24468&4&398.3052141450728|24471&4&323.4151453390282|24472&4&138.3668771997197|24480&4&56.38869112338752|24490&4&75.2306754918188|24497&4&29.570516240130956|24499&4&26.384682377459086|24500&4&114.36154545612084|24511&4&120.26219190966339|24512&4&92.57017181916088|24513&4&99.24556417671232,2|24401&4&236.14015429356886|24402&4&667.182227826552|24409&4&1720.3171769281712|24410&4&599.524911763848|24416&4&710.0454556918355|24422&4&489.8191953391596|24423&4&1284.5874937910903|24427&4&203.67711690193448|24455&4&288.51529923141186|24459&4&47.50325975428525|24460&4&659.4428063421298|24461&4&269.2344752885659|24463&4&215.39053308291312|24471&4&124.33617179461206|24474&4&86.40058315356069|24482&4&946.4536489331186|24486&4&847.5869145879176|24489&4&427.8739386414867|24506&4&13.77218611532361|24507&4&6.661338147750939E-16|24513&4&4.923102971849133|24515&4&15.72726582078469,2|24407&4&433.6112323586981|24419&4&43.63459642143823|24421&4&167.7972050065875|24431&4&1252.7818802471902|24435&4&23.91742892205935|24442&4&883.6336873151588|24445&4&732.0403989570093|24446&4&416.7781672452086|24448&4&34.60699416983371|24452&4&118.32582359753751|24453&4&588.9875968874376|24457&4&73.35577495701725|24460&4&164.41026892575957|24471&4&20.529468132242624|24473&4&89.14396954460608|24480&4&274.6456973375311|24487&4&43.28332894675589|24509&4&184.64254645353702,2|24398&4&257.4065170686357|24399&4&1.6927528758352006|24404&4&1116.592687534962|24411&4&204.78817335824252|24412&4&410.0176324400143|24433&4&215.69295709842072|24435&4&816.6178710630861|24438&4&64.3398882657969|24449&4&69.6763023106623|24462&4&62.479798072557955|24465&4&159.60353001999783|24467&4&1542.6668912731625|24473&4&239.13350407464827|24476&4&560.927087625916|24477&4&167.76962601932058|24478&4&865.2467132986257|24496&4&497.1496611302714|24497&4&28.934759741268728|24500&4&16.87014521484452|24502&4&7.283626654887361|24504&4&8.940154705740213|24513&4&162.55485315643784|24515&4&16.216837335293246|24516&4&14.803949997320776,2|24409&4&22.942750484354747|24419&4&6.013487630668449|24423&4&7.176651893829991|24426&4&184.18326239749445|24428&4&534.8784127133813|24430&4&165.85171581304417|24432&4&1495.562086989971|24435&4&19.296088779139343|24440&4&881.1900991932264|24442&4&175.91092948124293|24444&4&300.5649542457496|24446&4&13.031529211894695|24450&4&471.02151335926493|24456&4&440.4541828574862|24468&4&386.1897640250503|24492&4&344.4089862406201|24499&4&9.169244712443234|24500&4&15.932958159767914|24505&4&126.72701272851111|24513&4&10.071633587374848|24514&4&2.5008612277225604,2|24399&4&409.67279344879006|24404&4&81.7306877716854|24412&4&535.5081914073361|24414&4&49.98078683913837|24419&4&429.07651151843993|24420&4&278.65913423308314|24425&4&39.778839495704176|24441&4&452.1808920430015|24443&4&46.536689483487706|24446&4&382.31535046388683|24455&4&448.7562027562967|24457&4&243.44980773625534|24461&4&1064.4260705977517|24462&4&4.487694730552903|24464&4&169.58077347470174|24465&4&551.9067912577246|24466&4&310.994624560395|24472&4&736.0440643666238|24475&4&253.67101858556208|24476&4&156.36240149290484|24485&4&292.99404221561593|24489&4&232.9683995862141|24493&4&897.443976373441|24498&4&29.94726760763157|24506&4&43.35976027268596|24507&4&13.747976089193621|24511&4&96.97367383192524|24512&4&53.00553643748684|24515&4&41.05626079883776|24516&4&97.36268201772015,2|24403&4&34.62910958218229|24411&4&43.355169194678936|24412&4&16.787319545492792|24418&4&60.97228910872882|24421&4&189.80820378000413|24422&4&34.144513205245225|24429&4&1016.0541408590893|24437&4&687.5682713691269|24443&4&869.8410891502899|24446&4&552.3306870405927|24449&4&717.6362925046062|24451&4&860.0345765993427|24453&4&459.88754873896426|24465&4&29.24607469504724|24467&4&77.28182876219375|24470&4&5.610645546893599|24477&4&746.2568232088734|24482&4&81.28098353193174|24483&4&1262.1140620707931|24485&4&767.8299315735314|24490&4&703.8953282524567|24496&4&5.065853278349102|24498&4&76.14299527727317|24507&4&13.919842095922426|24516&4&41.4022960098922,2|24398&4&213.57631508212103|24410&4&7.418390941858319|24418&4&404.49941011078903|24423&4&90.34135076400777|24424&4&927.6061053610676|24436&4&166.3680717934689|24438&4&471.09159245101586|24442&4&9.682331523491124|24453&4&17.448205779617922|24457&4&195.13971632157825|24466&4&159.33081842504603|24481&4&109.67368085786669|24484&4&690.994199777451|24488&4&71.04105190484239|24495&4&783.6263779815911|24497&4&162.74108333431002|24498&4&131.00176293294925|24500&4&40.60982970324221|24501&4&16.860931247399684|24504&4&17.377334471751695|24505&4&128.51499962205617|24506&4&5.656557953673692|24507&4&160.56938898767393|24511&4&104.31931745821034,2|24399&4&936.7199318817364|24403&4&43.385611561071755|24413&4&659.0807268644937|24414&4&399.4330113476865|24415&4&858.581172261615|24418&4&248.43655149622998|24419&4&528.5144973328075|24443&4&65.42973400934326|24449&4&58.468645974703065|24451&4&554.1406417392859|24459&4&538.4298377190491|24470&4&391.01368689589646|24491&4&948.0369114168773|24494&4&771.669454263362|24498&4&14.20049487513692|24501&4&19.178749635803612|24504&4&51.717061908267056|24514&4&0.8183109982920402
120|4,130,1,1,1,1,1,1,1,1,1,1,1,1,1,1,1,1,1,1,1,1,1,1,1,1,1,1,1,1,1,1,1,1,1,1,1,1,1,1,1,1,1,1,1,1,1,1,1,1,1,1,1,1,1,1,1,1,1,1,1,1,1,1,1,1,1,1,1,1,1,1,1,1,1,1,1,1,1,1,1,1,1,1,1,1,1,1,1,1,1,1,1,1,1,1,1,1,1,1,1,1,0,0,0,0,0,0,0,0,0,0,0,0,0,0,0,0,0,0,0,0,2|24397&4&371.51781688473324|24400&4&538.3189233178565|24408&4&610.5243784766561|24412&4&144.95293840974244|24413&4&22.408701045157198|24427&4&553.1278083852586|24430&4&953.1809448481824|24434&4&1173.1420820787353|24436&4&718.1909714040944|24445&4&3.0946781745247685|24448&4&201.25570979174438|24450&4&235.13339510906326|24452&4&264.41630721767876|24454&4&612.2970248933551|24466&4&-3.019806626980426E-14|24474&4&56.2878438410944|24478&4&15.966741350145377|24479&4&894.2929462022934|24484&4&77.63710177237756|24485&4&125.47951221550535|24488&4&537.1901460007088|24500&4&48.59807632365789|24506&4&17.273040258834392|24509&4&1.0657486231313318|24512&4&6.513096663592793,2|24400&4&794.509321118445|24402&4&7.4831053256244795|24403&4&589.0680712822949|24405&4&451.97654391256924|24416&4&71.83491259369524|24417&4&1182.2204680029445|24426&4&338.0269589411911|24434&4&394.32418213401377|24439&4&384.92612471987695|24447&4&255.60192744697235|24450&4&14.363026679975093|24452&4&145.6551089650877|24454&4&461.0990025396369|24460&4&76.28564444942751|24462&4&552.2714139591797|24466&4&100.00102949411865|24468&4&496.24127222452614|24471&4&398.1635309337332|24472&4&203.15301869519044|24480&4&74.77498186569409|24490&4&150.27713962094654|24497&4&27.187551876130037|24499&4&38.36168144027033|24500&4&106.59361397351783|24511&4&109.89626928581797|24512&4&109.5530208911077|24513&4&94.02211343056956,2|24401&4&222.86018086220793|24402&4&705.1323355629013|24406&4&0.0|24409&4&1626.1340078710732|24410&4&611.0535004935232|24416&4&737.8714061673246|24422&4&569.6944865338405|24423&4&1172.5346033141288|24427&4&161.72475833423158|24455&4&245.4767438223746|24459&4&27.446598823572298|24460&4&606.9840381806212|24461&4&242.33452288713968|24463&4&202.38166770944815|24471&4&115.23614187903814|24474&4&73.47060092368405|24482&4&861.0311689086975|24486&4&912.4953875280843|24489&4&371.10655274524316|24506&4&11.083043641310582|24513&4&3.938482377479306|24515&4&10.652808671192048,2|24407&4&396.531537102127|24419&4&37.32090704705517|24421&4&141.7356685424536|24431&4&1136.637670718142|24435&4&15.94495261470622|24442&4&800.5123211030245|24445&4&823.3065674547724|24446&4&360.45750340631264|24448&4&128.1170193009603|24450&4&91.32293632809927|24452&4&97.69734550469646|24453&4&523.7087925792628|24457&4&58.10288465112465|24460&4&248.52654320413987|24471&4&10.28807780349446|24473&4&83.5724714480682|24480&4&246.75314784593436|24487&4&37.87291282841141|24498&4&76.54191038322995|24509&4&195.64379110814522,2|24398&4&222.89618837174558|24399&4&6.661338147750939E-15|24404&4&1160.6539604639377|24411&4&170.43460682488916|24412&4&363.927993065994|24433&4&204.22733279012417|24435&4&744.626162925924|24438&4&55.691043674883915|24449&4&60.649444578421424|24458&4&309.8442898741742|24462&4&44.75911644202066|24465&4&133.43890287782267|24467&4&1654.2814934848197|24473&4&254.31856287609787|24476&4&748.0023798750962|24477&4&133.86448551331895|24478&4&1005.8499973636153|24496&4&570.757673386695|24497&4&22.499420034265924|24500&4&14.62597824931705|24502&4&5.380306814580758|24504&4&6.697582942999209|24513&4&149.48405366255523|24515&4&35.134219611066115|24516&4&9.833373798404107,2|24409&4&8.32459706718979|24419&4&0.0|24423&4&2.8406534024391825|24426&4&247.31839645088672|24428&4&499.8822669754491|24430&4&157.55913002239197|24432&4&1459.5369199144561|24435&4&6.0981598284120775|24440&4&935.8775760158485|24442&4&405.00966137028354|24444&4&284.4304938312046|24446&4&3.080333142869172|24450&4&424.0803774140951|24456&4&429.11136583267256|24468&4&335.4841953013666|24492&4&307.0014338071146|24499&4&7.0285076854483695|24500&4&10.732481825688863|24505&4&117.22454268385422|24513&4&6.070098742265114|24514&4&0.9704253551383514,2|24399&4&562.4670529744485|24404&4&51.09983255862346|24412&4&506.0309906296032|24414&4&35.14466266901847|24419&4&499.2443077238119|24420&4&277.990499078949|24425&4&36.71892876526539|24441&4&538.5567301710084|24443&4&26.39457270455853|24446&4&354.128961248169|24455&4&544.6412759246322|24457&4&229.40844267551017|24461&4&1213.8197475584207|24462&4&0.0|24464&4&167.25278150549155|24465&4&516.7857025824603|24466&4&336.3821899149259|24472&4&671.8027852163639|24475&4&314.86183256754174|24476&4&115.09950402730858|24485&4&448.80368094849615|24489&4&219.2793781753949|24493&4&942.2420981152122|24498&4&28.37109562828254|24506&4&39.76014808589853|24507&4&9.775355848741341|24511&4&91.13909886974292|24512&4&49.157107685509914|24515&4&38.002638154155306|24516&4&102.24302656610595,2|24403&4&16.84251948305561|24411&4&39.75376734869346|24412&4&12.590489659119587|24418&4&39.479843909041534|24421&4&177.93639951827998|24422&4&20.751851267077157|24429&4&1208.4639996848828|24437&4&629.4368516024053|24443&4&935.7853573430841|24446&4&708.7498138169389|24449&4&762.1195344800051|24451&4&975.0092977670057|24453&4&601.647728496984|24465&4&18.091702312221603|24467&4&41.62094610836426|24470&4&-5.6843418860808015E-14|24477&4&821.7959596789315|24482&4&51.20811593147273|24483&4&1322.344499318428|24485&4&712.1266387886926|24490&4&638.2405093165349|24496&4&1.5987211554602254E-14|24498&4&71.86445413480672|24507&4&12.493464683521516|24513&4&26.114493127883065|24516&4&37.540463188754316,2|24398&4&233.42635290579932|24410&4&3.3764988721490807|24418&4&564.7168679190531|24423&4&280.5918852049028|24424&4&853.5415226594434|24436&4&146.41398227554768|24438&4&436.6182360536185|24442&4&-4.263256414560601E-14|24453&4&8.724102889808961|24457&4&178.41973837016874|24466&4&148.1559260411827|24481&4&145.06531585705574|24484&4&762.3453951809734|24488&4&317.8982165901986|24495&4&896.9940161480633|24497&4&179.60820824691697|24498&4&118.76957350115467|24500&4&62.11469812347807|24501&4&11.283344598747227|24504&4&14.894858118644308|24505&4&149.54437386073388|24506&4&2.8855064036549303|24507&4&175.19281826687947|24511&4&94.60956157910027,2|24399&4&843.5677969403341|24403&4&37.83859695516625|24413&4&698.3384350402663|24414&4&361.9602494663795|24415&4&842.1276804415681|24418&4&219.84675752586196|24419&4&485.63547780095206|24435&4&297.22925883130955|24443&4&56.08262915086564|24449&4&40.39745351402611|24451&4&467.8743835898651|24459&4&595.7792354845843|24470&4&484.6967925013156|24491&4&901.6844570961417|24494&4&870.9362064370052|24498&4&9.610295385762688|24501&4&16.614586065822913|24504&4&46.43368501934096|24514&4&0.6389266895843666
121|4,130,1,1,1,1,1,1,1,1,1,1,1,1,1,1,1,1,1,1,1,1,1,1,1,1,1,1,1,1,1,1,1,1,1,1,1,1,1,1,1,1,1,1,1,1,1,1,1,1,1,1,1,1,1,1,1,1,1,1,1,1,1,1,1,1,1,1,1,1,1,1,1,1,1,1,1,1,1,1,1,1,1,1,1,1,1,1,1,1,1,1,1,1,1,1,1,1,1,1,1,1,0,0,0,0,0,0,0,0,0,0,0,0,0,0,0,0,0,0,0,0,2|24397&4&459.2665235729431|24400&4&503.5159742378473|24408&4&558.4951327871412|24412&4&133.23956262205115|24413&4&12.948809866420682|24427&4&787.1768691364125|24429&4&169.4028812045214|24430&4&862.0074960304573|24434&4&1134.5929322002173|24436&4&704.8384820292858|24445&4&1.865174681370263E-14|24448&4&175.88774742885712|24450&4&220.23448749482554|24452&4&246.69398503264165|24454&4&541.8028882880021|24474&4&154.67667122236497|24478&4&5.871458218873248|24479&4&1041.3013890568259|24484&4&50.846785120517865|24485&4&85.45597458164501|24488&4&467.40879839493016|24500&4&44.94489208402368|24506&4&15.94434485430867|24509&4&7.549516567451064E-15|24512&4&3.904562914342537,2|24400&4&729.1988535977883|24402&4&2.6645352591003757E-14|24403&4&684.6309630103312|24405&4&400.1724334982939|24416&4&38.291192818093435|24417&4&1293.890237454175|24426&4&290.836034250301|24434&4&333.2906843552165|24439&4&362.7404052676163|24447&4&240.97768254283002|24450&4&5.373677868419119|24452&4&130.84816936400284|24454&4&436.0537743902003|24460&4&72.04755309112598|24462&4&595.098370768711|24466&4&90.91002681283513|24468&4&554.4773049537265|24471&4&376.571431196047|24472&4&192.54794144077096|24480&4&70.56632701304781|24490&4&142.39555176481215|24497&4&24.804587512129114|24499&4&41.70303261140741|24500&4&98.82568249091483|24511&4&126.34767693353008|24512&4&124.84742151146673|24513&4&88.7986626844268,2|24401&4&209.580207430847|24402&4&750.9958630899935|24409&4&1735.4144261886408|24410&4&548.318775860959|24416&4&671.312627266706|24422&4&627.7581393381066|24423&4&1060.4817128371674|24427&4&121.41252769117366|24455&4&209.33069248172856|24459&4&13.73342335190977|24460&4&557.0760607694493|24461&4&215.4345704857135|24463&4&399.61203408533663|24471&4&106.13611196346422|24474&4&60.54061869380739|24482&4&800.7844467950406|24486&4&955.3950884690435|24489&4&316.05065423997894|24506&4&8.393901167297553|24513&4&2.9538617831094793|24515&4&6.577513975458869,2|24407&4&359.4518418455559|24419&4&31.00721767267211|24421&4&115.67413207831973|24431&4&1124.2799021264395|24435&4&7.97247630735309|24442&4&717.3909548908905|24445&4&882.3695490215537|24446&4&304.13683956741653|24448&4&279.9505769337392|24450&4&185.45302681484412|24452&4&77.06886741185541|24453&4&458.42998827108784|24457&4&44.03489608438046|24460&4&251.97298652736234|24471&4&4.568047200986152|24473&4&78.00097335153032|24480&4&224.1956521167511|24487&4&111.25566998440648|24498&4&72.71481486406844|24509&4&206.7346937913002,2|24398&4&188.38585967485545|24404&4&1246.3189645640307|24411&4&136.08104029153583|24412&4&317.8383536919737|24433&4&192.7617084818276|24435&4&672.6344547887619|24438&4&47.042199083970935|24449&4&51.62258684618055|24458&4&324.49329665931384|24462&4&27.038434811483363|24465&4&107.27427573564745|24467&4&1519.260507981532|24473&4&365.2083097838608|24476&4&794.4006520132116|24477&4&104.77830756761175|24478&4&1142.0729713106236|24496&4&529.7478258285654|24497&4&16.992332571934995|24500&4&12.381811283789581|24502&4&3.4769869742741557|24504&4&4.455011180258206|24513&4&136.41325416867264|24515&4&52.99853872606674|24516&4&5.873985175340514,2|24409&4&1.4210854715202004E-14|24423&4&1.687538997430238E-14|24426&4&320.88497866876475|24428&4&458.3554847015969|24430&4&158.55866955955503|24432&4&1428.976658951177|24435&4&-4.085620730620576E-14|24440&4&886.9689384024331|24442&4&457.1450532622578|24444&4&268.29603341665955|24446&4&2.042810365310288E-14|24450&4&377.1392414689252|24456&4&421.16620506023486|24468&4&288.70224256358813|24471&4&76.46300423475083|24492&4&269.5938813736093|24499&4&4.887770658453505|24500&4&6.5160418905716|24505&4&107.72207263919735|24513&4&3.0451845638290456|24514&4&4.6629367034256575E-15,2|24399&4&531.1754552940512|24404&4&31.510170526609567|24412&4&476.5537898518703|24414&4&20.308538498898574|24419&4&471.0687341012878|24420&4&260.10221505347545|24425&4&54.031281035673274|24441&4&505.63175107901327|24443&4&9.641571983345797|24446&4&325.9425720324512|24455&4&628.5226512048887|24457&4&215.36707761476504|24461&4&1309.5811742570525|24464&4&261.64955024814844|24465&4&481.66461390719576|24466&4&408.18377104163085|24472&4&607.5615060661037|24475&4&409.1803346046564|24476&4&79.58378449893156|24485&4&425.4902798864862|24489&4&335.92738864749265|24493&4&980.4620829490312|24498&4&26.79492364893351|24506&4&36.160535899111096|24507&4&5.802735608289062|24511&4&85.30452390756062|24512&4&45.308678933532995|24515&4&34.949015509472844|24516&4&122.2247696969454,2|24403&4&7.452905192636319|24411&4&188.77843514535977|24412&4&8.393659772746382|24418&4&22.388980890313622|24421&4&166.06459525655583|24422&4&13.507006871647501|24429&4&1095.2670223305915|24437&4&610.3419925371088|24443&4&1081.4194204461642|24446&4&867.4808582238735|24449&4&709.5744042685369|24451&4&1165.299926285582|24453&4&834.0673030583715|24465&4&6.937329929395991|24467&4&19.247729781835133|24477&4&893.9483372076911|24482&4&27.010306354471737|24483&4&1457.3069831749235|24485&4&656.4233460038536|24490&4&575.6077150440503|24498&4&67.58591299234027|24507&4&11.067087271120606|24513&4&52.89216203165109|24516&4&33.67863036761645,2|24398&4&294.99640325007607|24410&4&1.3322676295501878E-14|24418&4&627.0369000029414|24423&4&471.9963340120814|24424&4&783.7166854769869|24436&4&126.45989275762643|24438&4&402.1448796562211|24453&4&0.0|24457&4&161.69976041875927|24466&4&136.9810336573194|24481&4&138.06335297781948|24484&4&828.9741577502745|24488&4&545.2689098321512|24495&4&827.781354581125|24497&4&168.7591725408637|24498&4&106.53738406936007|24500&4&98.76615132769676|24501&4&6.755711365820384|24504&4&12.41238176553692|24505&4&173.12490757300372|24506&4&1.115170556421803|24507&4&164.38903337986505|24511&4&84.89980569999022,2|24399&4&750.4156619989318|24400&4&73.40902895399029|24403&4&32.29158234926076|24405&4&60.23173774797672|24410&4&111.85162446918821|24413&4&750.9317872805846|24414&4&467.8678506800095|24415&4&871.6715132261844|24418&4&191.25696355549388|24419&4&462.2982243858125|24435&4&334.780701562196|24443&4&46.73552429238802|24449&4&26.897389416260715|24451&4&388.09760600638515|24459&4&677.1297993610742|24467&4&259.66498143925253|24470&4&565.959434424144|24485&4&164.98422964885492|24491&4&891.2877975177817|24494&4&796.3039724027135|24498&4&5.020095896388459|24501&4&14.050422495842213|24504&4&41.150308130414864|24514&4&0.459542380876693
122|4,130,1,1,1,1,1,1,1,1,1,1,1,1,1,1,1,1,1,1,1,1,1,1,1,1,1,1,1,1,1,1,1,1,1,1,1,1,1,1,1,1,1,1,1,1,1,1,1,1,1,1,1,1,1,1,1,1,1,1,1,1,1,1,1,1,1,1,1,1,1,1,1,1,1,1,1,1,1,1,1,1,1,1,1,1,1,1,1,1,1,1,1,1,1,1,1,1,1,1,1,1,0,0,0,0,0,0,0,0,0,0,0,0,0,0,0,0,0,0,0,0,2|24397&4&425.7527211360443|24400&4&468.71302515783805|24401&4&131.50038681594805|24408&4&506.46588709762625|24412&4&121.5261868343599|24413&4&6.474404933210352|24427&4&902.0249572745786|24429&4&246.62479712280833|24430&4&774.0615737138751|24434&4&1221.4301149561234|24436&4&725.1723204702403|24448&4&158.34729810289184|24450&4&205.33557988058786|24452&4&327.7899977078703|24454&4&477.87395745662536|24474&4&145.9764691225624|24478&4&3.730349362740526E-14|24479&4&1075.695138428392|24484&4&34.31155377527405|24485&4&52.078550699653235|24488&4&406.60492986538884|24500&4&41.29170784438945|24506&4&14.615649449782946|24512&4&2.264447491890095,2|24400&4&668.446381482514|24403&4&693.8661126925606|24405&4&350.312817276544|24416&4&13.755324548919646|24417&4&1274.2747378598415|24426&4&243.6451095594109|24434&4&272.2571865764192|24439&4&340.5546858153556|24447&4&250.95340704718836|24450&4&-3.730349362740526E-14|24452&4&116.04122976291798|24454&4&411.00854624076374|24460&4&67.80946173282445|24462&4&688.0176092457752|24466&4&81.8190241315516|24468&4&690.4074462787468|24471&4&354.9793314583608|24472&4&181.94286418635147|24480&4&66.35767216040155|24490&4&134.5139639086778|24497&4&22.42162314812819|24499&4&54.90587133497141|24500&4&91.05775100831184|24511&4&116.67122287495289|24512&4&140.98820713671824|24513&4&83.57521193828404,2|24401&4&196.30023399948607|24402&4&685.9811369062414|24409&4&1864.4985999905427|24410&4&485.5840512283948|24416&4&604.7538483660876|24422&4&586.2225127279924|24423&4&948.4288223602059|24427&4&89.09883988619153|24455&4&173.18464114108252|24459&4&5.453284397983347|24460&4&508.2924793566175|24461&4&188.53461808428727|24463&4&406.1028692306534|24471&4&97.03608204789029|24474&4&47.610636463930746|24482&4&989.7022805072545|24486&4&877.5988346809443|24489&4&270.04755403022557|24506&4&5.704758693284527|24513&4&1.9692411887396524|24515&4&3.521393070318359,2|24407&4&451.03871014538873|24416&4&281.27374985123157|24419&4&24.693528298289046|24421&4&91.68008941380954|24431&4&1266.60997547703|24435&4&-4.085620730620576E-14|24442&4&634.2695886787565|24445&4&963.9080085339385|24446&4&247.81617572852053|24448&4&265.54191217910403|24450&4&216.79017858409748|24452&4&56.44038931901436|24453&4&393.1511839629129|24457&4&29.966907517636276|24460&4&238.32144388705376|24471&4&0.9176707234681687|24473&4&72.42947525499244|24480&4&201.78784260805767|24487&4&210.26709158476623|24498&4&123.12193879310831|24509&4&218.3831611696962,2|24398&4&155.6686990450144|24404&4&1148.7353162857103|24411&4&101.95586741612047|24412&4&271.7487143179534|24433&4&230.64414917420265|24435&4&600.6427466515997|24438&4&38.393354493057956|24449&4&42.59572911393969|24458&4&0.0|24462&4&9.317753180946061|24465&4&81.10964859347226|24467&4&1384.2395224782445|24473&4&442.42769331963103|24476&4&826.2822067642996|24477&4&77.5358073216541|24478&4&1128.560289945639|24496&4&493.56418523671323|24497&4&12.45146154057647|24500&4&10.137644318262112|24502&4&1.7271497520724495|24504&4&2.426396182335764|24513&4&123.34245467479002|24515&4&71.10785474280341|24516&4&2.8979001492448346,2|24426&4&445.5763641607183|24428&4&416.8287024277446|24430&4&307.48437042285053|24432&4&1441.7865558978208|24440&4&827.8840416968042|24442&4&492.8964483268383|24444&4&254.59685692758808|24450&4&330.19810552375543|24456&4&606.6669514634825|24468&4&248.68071858081444|24471&4&80.88022018116054|24492&4&298.99154910933237|24499&4&2.7470336314586405|24500&4&3.335390045203038|24505&4&98.21960259454048|24513&4&1.0148839305281905,2|24399&4&565.7937845307738|24404&4&16.91154903234086|24412&4&447.0765890741375|24414&4&11.41669798746435|24419&4&442.8931604787638|24420&4&320.13522519502646|24425&4&49.95275715519216|24441&4&472.706771987018|24443&4&-4.263256414560601E-14|24446&4&297.7561828167334|24455&4&580.6581435589512|24457&4&243.84479507344645|24461&4&1349.774949565261|24464&4&247.6067593654106|24465&4&536.2648467074071|24466&4&384.618393319077|24472&4&550.7875761731669|24475&4&524.3664898713824|24476&4&47.370292100239084|24485&4&402.17687882447615|24489&4&460.6360042862019|24493&4&1029.9216054694562|24498&4&25.218751669584478|24506&4&32.56092371232366|24507&4&2.9393732632366847|24511&4&79.46994894537829|24512&4&41.46025018155608|24515&4&31.895392864790384|24516&4&141.95440517964937,2|24403&4&2.0961092340451906|24411&4&379.8035714914353|24412&4&4.196829886373176|24418&4&8.515598135020733|24421&4&188.44264418721795|24422&4&8.102438517924428|24429&4&992.7601615477452|24437&4&556.096237285175|24443&4&1204.8379812626115|24446&4&943.2158665558196|24449&4&695.7301687038168|24451&4&1406.1686045208332|24453&4&997.7478452271453|24465&4&-3.375077994860476E-14|24467&4&5.558222599405976|24477&4&1002.2199563473117|24482&4&8.621511226068275|24483&4&1538.7940676124877|24485&4&600.7200532190147|24490&4&516.2137265550689|24498&4&63.307371849873824|24507&4&9.640709858719694|24513&4&78.05453221080161|24516&4&29.81679754647857,2|24398&4&275.2969989049649|24418&4&638.3991378036827|24423&4&666.6826185950059|24424&4&757.1134255793716|24436&4&106.50580323970522|24438&4&367.67152325882375|24457&4&144.97978246734976|24466&4&125.80614127345605|24481&4&130.50962862703398|24484&4&818.5049299185707|24488&4&578.4698059307129|24495&4&761.5015151564435|24497&4&188.7923467695711|24498&4&94.30519463756548|24500&4&109.69042604139236|24501&4&3.3519249222252845|24504&4&9.929905412429534|24505&4&194.66840237967295|24506&4&7.549516567451064E-15|24507&4&197.3949736048795|24511&4&75.19004982088019,2|24399&4&664.4398254449362|24400&4&69.73857750629077|24403&4&26.744567743355258|24405&4&166.94228975287757|24410&4&259.99862495302|24413&4&772.7954034736656|24414&4&519.3504881549865|24415&4&848.6744113789218|24418&4&162.66716958512583|24419&4&511.74372369871105|24435&4&337.7374975907728|24443&4&37.3884194339104|24449&4&14.04655290357611|24451&4&316.2507162106532|24459&4&761.1107022157012|24467&4&328.5253946852003|24470&4&591.7173002064318|24485&4&426.0311536563655|24490&4&28.517880021651024|24491&4&1048.3567647761388|24494&4&721.6717383684218|24496&4&95.6499834494187|24498&4&2.5962160909382948|24501&4&11.486258925861511|24504&4&35.86693124148877|24514&4&0.28015807216901945
123|4,130,1,1,1,1,1,1,1,1,1,1,1,1,1,1,1,1,1,1,1,1,1,1,1,1,1,1,1,1,1,1,1,1,1,1,1,1,1,1,1,1,1,1,1,1,1,1,1,1,1,1,1,1,1,1,1,1,1,1,1,1,1,1,1,1,1,1,1,1,1,1,1,1,1,1,1,1,1,1,1,1,1,1,1,1,1,1,1,1,1,1,1,1,1,1,1,1,1,1,1,1,0,0,0,0,0,0,0,0,0,0,0,0,0,0,0,0,0,0,0,0,2|24397&4&392.2389186991454|24400&4&433.9100760778288|24401&4&124.92536747515065|24408&4&454.43664140811137|24412&4&109.81281104666864|24413&4&4.085620730620576E-14|24427&4&961.2047096616018|24429&4&379.61373747029165|24430&4&693.8743613536997|24434&4&1329.6315250441749|24436&4&844.9976310142947|24448&4&140.80684877692653|24450&4&190.43667226635017|24452&4&471.84219781069214|24454&4&415.01319258132037|24474&4&221.40955506423367|24479&4&1157.5763122667279|24484&4&19.64773161527328|24485&4&211.871223604653|24488&4&348.4811920480295|24500&4&37.638523604755235|24506&4&13.286954045257223|24512&4&0.6243320694376528,2|24400&4&608.448006428977|24403&4&641.9803028576238|24405&4&307.01296546393746|24416&4&2.8421709430404007E-14|24417&4&1237.0501216370712|24426&4&202.42143794764547|24434&4&219.21429795307006|24439&4&318.36896636309484|24447&4&234.69658216259762|24452&4&101.23429016183312|24454&4&483.64014802290563|24460&4&63.571370374522914|24462&4&799.1774582212861|24466&4&72.72802145026807|24468&4&648.8315324667706|24471&4&333.38723172067455|24472&4&260.3377457629699|24480&4&62.14901730775529|24490&4&126.63237605254339|24497&4&20.038658784127268|24499&4&51.81629919770204|24500&4&83.28981952570882|24511&4&158.68655894989433|24512&4&159.11399093369997|24513&4&78.35176119214128,2|24401&4&183.02026056812514|24402&4&622.6165550135654|24409&4&1902.0225789171704|24410&4&431.5871149671864|24416&4&538.1950694654691|24422&4&563.9466645020486|24423&4&844.4148626880767|24427&4&66.73826399307268|24455&4&137.03858980043648|24459&4&0.47142512668079006|24460&4&460.48088041636004|24461&4&161.6346656828611|24463&4&372.6316868812205|24471&4&87.93605213231635|24474&4&35.3445515491764|24482&4&1082.496244120537|24486&4&818.7278074466665|24489&4&226.75599844409948|24506&4&3.015616219271499|24513&4&0.9846205943698254|24515&4&1.0108017360666846,2|24407&4&480.3307870692501|24416&4&439.7280500392621|24419&4&18.520146223716793|24421&4&72.18877696603795|24431&4&1208.9109372429712|24442&4&551.4907390536785|24445&4&1000.7249385252262|24446&4&193.9231505212818|24448&4&251.13324742446886|24450&4&284.9575813580983|24452&4&40.700192134942185|24453&4&340.843295121774|24457&4&17.55394808019227|24460&4&224.66990124674518|24471&4&0.7341365787745404|24473&4&66.85797715845456|24480&4&179.38003309936425|24487&4&195.49894198358373|24498&4&146.61370242374613|24509&4&230.88138690631388,2|24398&4&124.55475953895315|24404&4&1099.4966654447742|24411&4&73.91161539927195|24412&4&225.65907494393304|24433&4&307.6806193130003|24435&4&528.6510385144375|24438&4&29.744509902144976|24449&4&33.56887138169883|24462&4&3.047345959459271|24465&4&54.945021451297066|24467&4&1249.2185369749568|24473&4&476.7960092111424|24476&4&935.4072527918764|24477&4&58.57651311620429|24478&4&1170.521788643891|24483&4&144.26063578176547|24496&4&463.6288895877495|24497&4&8.886874887797505|24500&4&7.893477352734642|24502&4&0.44866242562653963|24504&4&0.8571098574013111|24513&4&110.27165518090743|24515&4&81.08570020176818|24516&4&0.93833605089573,2|24406&4&152.87954632374922|24410&4&161.1307987144399|24426&4&558.7049211275989|24428&4&375.30192015389224|24430&4&405.07859775130686|24432&4&1664.4337254369998|24440&4&867.1667454634004|24442&4&629.3776361481216|24444&4&313.86945839355474|24450&4&283.2569695785855|24456&4&757.3806366136539|24468&4&213.16946852244064|24471&4&76.64505166151564|24490&4&35.76495913261647|24492&4&262.81234831823724|24499&4&1.039449055656246|24500&4&1.1407334992589069|24505&4&88.7171325498836|24513&4&7.549516567451064E-15,2|24399&4&826.2923418160926|24404&4&5.9803453220431155|24412&4&638.448418488824|24414&4&4.9215536238545505|24419&4&414.71758685623973|24420&4&379.76861149340937|24425&4&62.278799631056295|24441&4&439.78179289502276|24446&4&269.5697936010156|24455&4&561.519680000164|24457&4&233.15816465180893|24461&4&1526.575241648297|24464&4&346.74075051607576|24465&4&770.9938886195771|24466&4&361.053015596523|24472&4&494.0136462802302|24475&4&510.8385184825853|24476&4&24.29279568428273|24485&4&378.8634777624661|24489&4&603.3593243176382|24493&4&1132.118320095291|24498&4&23.642579690235447|24506&4&28.96131152553622|24507&4&0.9833784052806694|24511&4&73.63537398319599|24512&4&37.61182142957915|24515&4&28.841770220107925|24516&4&160.71991165084629,2|24403&4&3.552713678800501E-15|24411&4&417.887227869112|24412&4&-3.019806626980426E-14|24418&4&4.263256414560601E-14|24421&4&351.31592948686864|24422&4&2.6978701642013556|24429&4&896.5868675667098|24437&4&618.2614028667222|24443&4&1123.2410645302148|24446&4&1084.7356869156956|24449&4&641.2499937600113|24451&4&1473.845997205784|24453&4&1114.471828034739|24467&4&3.375077994860476E-14|24477&4&999.3193868197538|24482&4&2.8421709430404007E-14|24483&4&1418.8075008726328|24485&4&545.0167604341758|24490&4&457.4877099149416|24498&4&59.02883070740738|24507&4&8.214332446318782|24513&4&101.95413046110917|24516&4&25.954964725340695,2|24398&4&255.5975945598537|24418&4&765.2581627736395|24423&4&636.2351952071705|24424&4&688.1141481176234|24436&4&86.55171372178398|24438&4&333.19816686142633|24457&4&128.25980451594026|24466&4&114.63124888959271|24481&4&271.9433618911375|24484&4&936.8771149929994|24488&4&667.7639486227635|24495&4&695.2216757317624|24497&4&207.41358075207305|24498&4&82.07300520577088|24500&4&129.65643663334413|24501&4&1.1030439088644823|24504&4&7.447429059322148|24505&4&214.7668969258575|24507&4&184.40070246226367|24511&4&65.48029394177014,2|24399&4&584.5500791985438|24400&4&119.48153975662399|24403&4&21.19755313744976|24405&4&271.9507470734334|24410&4&246.71906464419607|24413&4&753.6358695572103|24414&4&554.2719226970864|24415&4&886.0526398544853|24418&4&134.07737561475778|24419&4&463.22253550349023|24435&4&348.1007660668926|24443&4&28.041314575432782|24449&4&4.5833942344553|24451&4&253.5466218960764|24459&4&820.2649731454324|24467&4&359.26850918049814|24470&4&554.3687357330913|24485&4&404.3171353994251|24490&4&27.091986020568473|24491&4&1156.8425656322026|24494&4&753.9342690459339|24496&4&90.86748427694776|24498&4&0.8831278744760503|24501&4&8.92209535588081|24504&4&47.733588034977586|24514&4&0.10077376346134587
124|4,130,1,1,1,1,1,1,1,1,1,1,1,1,1,1,1,1,1,1,1,1,1,1,1,1,1,1,1,1,1,1,1,1,1,1,1,1,1,1,1,1,1,1,1,1,1,1,1,1,1,1,1,1,1,1,1,1,1,1,1,1,1,1,1,1,1,1,1,1,1,1,1,1,1,1,1,1,1,1,1,1,1,1,1,1,1,1,1,1,1,1,1,1,1,1,1,1,1,1,1,1,0,0,0,0,0,0,0,0,0,0,0,0,0,0,0,0,0,0,0,0,2|24397&4&365.79737776943296|24400&4&399.1071269978196|24401&4&118.35034813435325|24408&4&403.0798925830416|24412&4&98.09943525897738|24427&4&937.2231239356689|24429&4&505.98927867823676|24430&4&617.4397121898174|24434&4&1289.3850768048117|24436&4&854.5602007281411|24448&4&123.26639945096119|24450&4&175.53776465211246|24452&4&472.53209851127974|24454&4&358.3707242694795|24474&4&208.50268856235743|24479&4&1154.4984773938634|24484&4&9.387523087652927|24485&4&299.1706311929337|24488&4&295.47614047097693|24500&4&33.98533936512101|24506&4&11.9582586407315|24512&4&0.0,2|24400&4&554.8835738898414|24403&4&590.094493022687|24405&4&266.4136653251372|24417&4&1328.176660160361|24426&4&167.84350279579695|24434&4&174.09060081992783|24439&4&296.1832469108341|24447&4&218.4397572780069|24452&4&86.42735056074827|24454&4&599.1868404166661|24460&4&59.33327901622138|24462&4&745.3638337230324|24466&4&63.637018768984554|24468&4&607.2556186547944|24471&4&311.7951319829883|24472&4&245.2826705669986|24480&4&98.58721103932945|24490&4&118.75078819640899|24497&4&17.655694420126345|24499&4&48.726727060432665|24500&4&75.52188804310583|24511&4&148.60236178180344|24512&4&181.02511257674797|24513&4&73.12831044599852,2|24401&4&169.7402871367642|24402&4&709.1266117380811|24409&4&1887.8426139928395|24410&4&380.20317826745395|24416&4&471.63629056485064|24422&4&521.4480489727259|24423&4&741.3912123569669|24427&4&53.9449883415095|24455&4&102.23676355266346|24459&4&-3.4416913763379853E-15|24460&4&412.66928147610247|24461&4&134.7347132814349|24463&4&339.1605045317876|24471&4&78.83602221674244|24474&4&26.342248580209514|24482&4&1040.907127597491|24486&4&767.2262220900857|24489&4&190.88593294446048|24506&4&1.479028310732736|24513&4&-1.5543122344752192E-15|24515&4&3.9968028886505635E-15,2|24407&4&436.7780255171232|24416&4&417.03846316267095|24419&4&12.346764149144542|24421&4&57.48093823905015|24431&4&1191.7766009723782|24442&4&476.2137801207379|24445&4&913.2847113138465|24446&4&149.5465683158027|24448&4&283.09054790246324|24450&4&319.20901074147486|24452&4&30.593426203039535|24453&4&295.04912696614656|24457&4&10.75260222881893|24460&4&211.01835860643658|24471&4&0.550602434080905|24473&4&61.28647906191668|24480&4&156.9722235906708|24487&4&180.7307923824012|24494&4&86.42856857067505|24498&4&168.74418608119134|24509&4&245.5644797268988|24511&4&24.163517556537244,2|24398&4&95.06294187203274|24404&4&1117.920136725685|24411&4&50.95171244957474|24412&4&179.56943556991274|24433&4&359.65393711998786|24435&4&456.6593303772754|24438&4&21.095665311232|24449&4&78.08462597557764|24462&4&0.5539930657418158|24465&4&39.084285658412796|24466&4&6.864457108538176|24467&4&1114.1975514716694|24473&4&490.37050143518815|24476&4&907.1010618062817|24477&4&44.774147866138506|24478&4&1116.3643906994585|24483&4&229.95178411600423|24496&4&433.6935939387858|24497&4&5.322288235018538|24500&4&5.649310387207175|24502&4&-7.771561172376096E-16|24504&4&3.3306690738754696E-15|24513&4&97.20085568702483|24515&4&98.44119473039227|24516&4&1.5543122344752192E-15,2|24406&4&230.25254747600502|24410&4&210.60384758917647|24426&4&527.4286816261151|24428&4&399.61669072226147|24430&4&579.5133339009815|24432&4&1751.0826979183232|24440&4&798.7812622502663|24442&4&785.7136644068646|24444&4&325.9127615424394|24450&4&241.2295157574954|24456&4&735.8933655324153|24468&4&177.68537116350012|24471&4&72.40988314187074|24490&4&114.44874318309773|24492&4&229.8014268170391|24499&4&-8.881784197001252E-15|24500&4&5.773159728050814E-15|24505&4&79.21466250522673,2|24399&4&961.6884579284272|24404&4&4.085620730620576E-14|24412&4&599.1030799183195|24414&4&1.7426602338994042|24419&4&386.5420132337157|24420&4&353.91337600797425|24425&4&57.38004743275791|24441&4&406.85681380302753|24446&4&241.3834043852978|24455&4&512.218870149869|24457&4&274.60362203008026|24461&4&1424.1513293984112|24464&4&337.7397098221114|24465&4&758.0238941824355|24466&4&337.48763787396905|24472&4&437.23971638729347|24475&4&486.77368082102146|24476&4&8.171687431261514|24485&4&355.5500767004561|24489&4&658.5956384929452|24493&4&1179.8447340801442|24498&4&22.066407710886416|24506&4&25.361699338748785|24507&4&-4.6629367034256575E-15|24511&4&67.80079902101369|24512&4&33.76339267760224|24515&4&25.788147575425462|24516&4&149.5368257135578,2|24411&4&597.8737498089749|24421&4&328.90875345447546|24422&4&9.769962616701378E-15|24429&4&807.5232417651529|24437&4&740.55443239034|24443&4&1041.6441477978183|24446&4&1019.4427492012385|24449&4&586.7698188162058|24451&4&1540.3664664543526|24453&4&1046.8269960824496|24477&4&937.6629337520949|24483&4&1305.667164088688|24485&4&489.3134676493369|24490&4&405.2970267346424|24498&4&54.75028956494093|24507&4&6.787955033917871|24513&4&96.4504676105099|24516&4&22.09313190420282,2|24398&4&342.09085694487294|24403&4&38.40127767816847|24418&4&760.4491785109275|24423&4&600.2723950035138|24424&4&659.9506509446899|24436&4&66.59762420386275|24438&4&298.72481046402896|24457&4&111.53982656453078|24466&4&103.45635650572939|24481&4&0.0|24484&4&915.9729407850023|24488&4&630.6900936747072|24495&4&628.9418363070811|24497&4&225.04178350460498|24498&4&69.84081577397629|24500&4&170.2710884854531|24501&4&-3.552713678800501E-15|24504&4&4.964952706214762|24505&4&235.88327717291457|24507&4&184.25014528024687|24511&4&55.7705380626601,2|24399&4&510.20836865614444|24400&4&131.47661517292866|24403&4&15.65053853154426|24405&4&263.82772272216704|24410&4&233.4395043353721|24413&4&727.438324819766|24414&4&523.1878389133909|24415&4&910.5740259241359|24418&4&105.48758164438973|24419&4&437.8241641622621|24435&4&431.6705271923731|24443&4&18.694209716955164|24449&4&-2.1316282072803006E-14|24451&4&195.65711823902723|24459&4&761.4986774952752|24467&4&579.5706124917313|24470&4&517.157912635068|24485&4&382.60311714248473|24490&4&25.666092019485923|24491&4&1071.1465700799786|24494&4&679.3959544128454|24496&4&86.08498510447683|24498&4&-3.3306690738754696E-15|24501&4&6.35793178590011|24504&4&64.83541398242593|24514&4&7.494005416219807E-16
125|4,130,1,1,1,1,1,1,1,1,1,1,1,1,1,1,1,1,1,1,1,1,1,1,1,1,1,1,1,1,1,1,1,1,1,1,1,1,1,1,1,1,1,1,1,1,1,1,1,1,1,1,1,1,1,1,1,1,1,1,1,1,1,1,1,1,1,1,1,1,1,1,1,1,1,1,1,1,1,1,1,1,1,1,1,1,1,1,1,1,1,1,1,1,1,1,1,1,1,1,1,1,0,0,0,0,0,0,0,0,0,0,0,0,0,0,0,0,0,0,0,0,2|24397&4&415.854211229981|24400&4&364.30417791781036|24401&4&111.77532879355586|24408&4&394.4828051057792|24412&4&86.38605947128612|24416&4&131.59385311946085|24427&4&933.3745841764521|24429&4&675.4897982807117|24430&4&545.3009186609514|24434&4&1437.3341059711506|24436&4&908.8174064697507|24448&4&180.91492689086851|24450&4&160.63885703787474|24452&4&439.9486420526766|24454&4&301.72825595763874|24474&4&0.0|24479&4&1098.6046297668368|24484&4&3.2868853467353074|24485&4&290.08924656580035|24488&4&244.7829706078433|24500&4&30.33215512548679|24506&4&10.629563236205778,2|24400&4&501.31914135070565|24403&4&538.2086831877501|24405&4&228.59734690784927|24417&4&1354.568083221713|24426&4&133.26556764394846|24434&4&133.72579489500572|24439&4&273.9975274585734|24447&4&202.1829323934162|24452&4&71.6204109596634|24454&4&639.0305967560713|24460&4&55.09518765791985|24462&4&692.3320394855177|24466&4&54.546016087701034|24468&4&621.5412811615571|24471&4&290.2030322453021|24472&4&396.2508256248258|24477&4&60.84902795171462|24480&4&92.34621375747216|24490&4&110.8692003402746|24497&4&15.272730056125422|24499&4&45.63715492316329|24500&4&67.75395656050283|24511&4&139.54337662988686|24512&4&169.73194495779487|24513&4&67.90485969985576,2|24401&4&156.46031370540325|24402&4&844.0119822848326|24409&4&1921.2339745458676|24410&4&331.04503626548296|24416&4&412.32816710438897|24422&4&478.9494334434033|24423&4&638.537271754589|24427&4&41.15171268994624|24455&4&67.43493730489045|24460&4&364.8576825358449|24461&4&107.8347608800087|24463&4&340.1109757484192|24471&4&69.73599230116852|24474&4&0.0|24482&4&1162.4070915810607|24486&4&856.9204642619202|24489&4&157.64322978622812|24506&4&1.1832226485861816,2|24407&4&456.64290500051476|24416&4&394.34887628607976|24419&4&6.173382074572292|24421&4&42.77309951206239|24431&4&1127.478617378216|24442&4&404.85507361217174|24445&4&905.217875027861|24446&4&108.97136908293969|24448&4&266.3635848861966|24450&4&361.6229973007713|24452&4&20.486660271136927|24453&4&249.2549588105191|24457&4&8.064451671614204|24460&4&197.366815966128|24471&4&0.3670682893872696|24473&4&55.7149809653788|24480&4&134.5644140819774|24487&4&165.96264278121868|24494&4&108.99265670911706|24498&4&159.19531015075293|24509&4&226.97716521592957|24511&4&22.955341678710383,2|24398&4&71.33932086496694|24404&4&1158.8111896847495|24410&4&105.81706841101348|24411&4&32.301290787946165|24412&4&134.8594690229514|24433&4&429.0298064433035|24435&4&389.3629538349235|24438&4&12.446820720319023|24449&4&123.66493962607618|24455&4&179.27644602053653|24461&4&6.299192649139059|24462&4&3.774758283725532E-15|24465&4&24.454873428603705|24466&4&6.521234253111267|24467&4&983.7620361258129|24473&4&482.9795981866585|24476&4&994.6543914763049|24477&4&31.578081832859443|24478&4&1024.1247118471153|24483&4&402.2588772371306|24495&4&5.023415857021973|24496&4&403.75829828982216|24497&4&3.548192156679037|24500&4&3.4051434216797056|24513&4&84.13005619314224|24515&4&92.81923131026815,2|24406&4&218.3577212363954|24410&4&199.67082821293155|24426&4&496.15244212463153|24428&4&536.5230292653514|24430&4&640.9507540627475|24432&4&1671.5389250976777|24440&4&803.3665776084142|24442&4&923.041831542802|24444&4&346.1901683417581|24450&4&199.47255055233785|24456&4&700.0845495913127|24468&4&147.5166584524138|24471&4&73.56054909278956|24490&4&291.3458694863024|24492&4&349.08911691883213|24505&4&69.71219246056985,2|24399&4&1002.1675801560783|24412&4&570.009558597937|24414&4&1.199040866595169E-14|24419&4&358.36643961119165|24420&4&328.05814052253913|24425&4&52.48129523445954|24441&4&373.9318347110323|24446&4&213.19701516958003|24455&4&462.9180602995741|24457&4&255.26792785494777|24461&4&1324.266131450833|24464&4&317.50305037318117|24465&4&702.682231093089|24466&4&313.9222601514151|24472&4&380.4657864943568|24475&4&444.50921880620257|24476&4&1.4210854715202004E-14|24485&4&332.23667563844606|24489&4&703.9186617605192|24493&4&1166.176210690733|24498&4&20.490235731537386|24506&4&21.762087151961346|24511&4&61.96622405883137|24512&4&29.914963925625315|24515&4&22.734524930743003|24516&4&138.35373977626926,2|24411&4&671.9757632644817|24421&4&329.91055618947|24429&4&723.6221780936911|24437&4&686.1885174429007|24443&4&960.0472310654216|24446&4&1025.212541293161|24449&4&532.2896438724001|24451&4&1591.9237847330144|24453&4&979.1821641301603|24477&4&868.755229862968|24483&4&1199.693188374911|24485&4&433.61017486449805|24490&4&358.19315369639025|24498&4&50.47174842247448|24507&4&5.361577621516959|24513&4&90.94680475991062|24516&4&18.231299083064943,2|24398&4&403.5954173480759|24403&4&143.66205054511528|24418&4&779.6468873644144|24423&4&620.9253409187326|24424&4&661.8650628719106|24436&4&46.64353468594152|24438&4&264.2514540666316|24457&4&94.81984861312128|24466&4&92.28146412186607|24481&4&5.726218205819123|24484&4&927.3164395425406|24488&4&593.3289040321791|24495&4&564.9940177351643|24497&4&209.51931489431956|24498&4&57.60862634218171|24500&4&160.57006382356417|24504&4&2.4824763531073755|24505&4&221.55713397032585|24507&4&170.61368843960108|24511&4&46.06078218355006,2|24399&4&439.1309558168524|24400&4&124.21868316288223|24403&4&10.103523925638761|24405&4&326.41404902160724|24410&4&220.15994402654815|24413&4&700.2726990056854|24414&4&468.3922467840705|24415&4&913.0519312398898|24418&4&78.07421309078227|24419&4&399.7092178019812|24435&4&659.6819725458387|24443&4&9.347104858477547|24451&4&144.2226615985501|24459&4&702.7323818451177|24467&4&751.3134719361367|24470&4&479.9470895370445|24485&4&360.8890988855443|24490&4&24.240198018403373|24491&4&1068.242635469479|24494&4&610.2309804234467|24496&4&81.3024859320059|24501&4&3.7937682159194086|24504&4&57.532400183354326
126|4,130,1,1,1,1,1,1,1,1,1,1,1,1,1,1,1,1,1,1,1,1,1,1,1,1,1,1,1,1,1,1,1,1,1,1,1,1,1,1,1,1,1,1,1,1,1,1,1,1,1,1,1,1,1,1,1,1,1,1,1,1,1,1,1,1,1,1,1,1,1,1,1,1,1,1,1,1,1,1,1,1,1,1,1,1,1,1,1,1,1,1,1,1,1,1,1,1,1,1,1,1,0,0,0,0,0,0,0,0,0,0,0,0,0,0,0,0,0,0,0,0,2|24397&4&534.6923986035985|24400&4&329.50122883780114|24401&4&105.20030945275846|24408&4&413.8912677523877|24412&4&74.67268368359485|24416&4&342.4667965321356|24426&4&8.44806545848536|24427&4&866.786722741134|24429&4&687.9429820583551|24430&4&476.4339804950407|24434&4&1497.7433437058592|24436&4&843.3575753828231|24448&4&166.3252211008322|24450&4&145.73994942363706|24452&4&407.36518559407347|24454&4&250.35020042207196|24458&4&50.94074409242843|24465&4&78.23712992273079|24479&4&992.6050733042326|24484&4&1.1887027855011663|24485&4&403.84817602343884|24488&4&197.18031102009573|24500&4&26.678970885852568|24506&4&9.300867831680055,2|24400&4&447.75470881156986|24403&4&486.3228733528135|24405&4&194.22796570555624|24417&4&1458.4549141227385|24426&4&98.68763249209997|24434&4&101.33080848499776|24439&4&251.81180800631267|24447&4&185.92610750882545|24452&4&59.69265124695963|24454&4&601.6789718549549|24460&4&50.85709629961832|24462&4&635.0388903348231|24466&4&45.455013406417514|24468&4&577.172288533644|24471&4&268.61093250761587|24472&4&610.8365462917923|24477&4&95.80006966656137|24480&4&86.10521647561488|24490&4&102.98761248414021|24497&4&12.889765692124497|24498&4&43.19191086893636|24499&4&56.663975063238894|24500&4&59.98602507789984|24511&4&130.4843914779703|24512&4&158.43877733884176|24513&4&62.68140895371301,2|24401&4&143.18034027404232|24402&4&947.0061183412138|24409&4&1887.9742346982998|24410&4&284.79317193568585|24416&4&357.5930784737608|24422&4&436.45081791408063|24423&4&543.4805119322089|24427&4&28.619677327059357|24455&4&35.773204254951665|24460&4&317.0460835955874|24461&4&80.93480847858251|24463&4&304.918710720683|24471&4&60.63596238559458|24482&4&1258.5018831393024|24486&4&843.6720937820965|24489&4&126.87916880707633|24506&4&0.8874169864396357,2|24407&4&478.19690250867507|24416&4&371.65928940948857|24419&4&4.085620730620576E-14|24421&4&30.281844614039294|24431&4&1087.4787234385349|24442&4&340.29233124090763|24443&4&266.49158370886414|24445&4&918.981284800411|24446&4&73.46127033016431|24448&4&249.63662186992997|24450&4&426.15795189101897|24452&4&10.379894339234317|24453&4&203.46079065489167|24457&4&5.376301114409479|24460&4&185.3566714110145|24471&4&0.18353414469363416|24473&4&50.14348286884092|24480&4&113.24531717969806|24487&4&286.31211459965436|24494&4&132.28729909003715|24498&4&149.64643422031455|24509&4&208.38985070496034|24511&4&21.747165800883522,2|24398&4&50.9042132860284|24404&4&1290.3734413161708|24410&4&167.6269702190176|24411&4&21.283747520326834|24412&4&93.46494362379354|24433&4&445.2062113904922|24435&4&389.0154085591266|24438&4&3.797976129406045|24449&4&227.69831925796186|24455&4&429.4403515565545|24461&4&5.984233016682106|24465&4&11.715531472753842|24466&4&6.178011397684358|24467&4&862.3572160390063|24473&4&449.7133029629509|24476&4&970.076373849534|24477&4&22.529183826729284|24478&4&970.3753996509662|24479&4&110.51327366016596|24483&4&381.1923697460569|24495&4&197.19905894539974|24496&4&373.8230026408585|24497&4&1.7740960783395219|24500&4&1.160976456152237|24513&4&71.05925669925963|24515&4&87.19726789014405,2|24406&4&206.4628949967858|24410&4&188.73780883668664|24426&4&464.8762026231479|24428&4&541.4342847204583|24430&4&734.672060115871|24432&4&1580.7299750981767|24440&4&814.6880344324211|24442&4&935.1380377907115|24444&4&322.4580104155653|24450&4&157.71558534718028|24456&4&672.276677503563|24468&4&123.33916924618508|24471&4&70.63700951477823|24490&4&422.57303098423677|24492&4&313.09706750718374|24505&4&60.20972241591298,2|24399&4&944.9473807949389|24412&4&715.3223393389331|24419&4&330.1908659886676|24420&4&302.20290503710396|24425&4&47.582543036161155|24441&4&341.006855619037|24446&4&185.01062595386225|24455&4&413.61725044927925|24457&4&235.93223367981528|24461&4&1224.3809335032545|24464&4&341.02714618803634|24465&4&647.3405680037424|24466&4&290.35688242886124|24472&4&324.10773177702544|24475&4&406.4554345809709|24485&4&308.92327457643603|24489&4&659.1063256030247|24493&4&1281.013417400987|24498&4&18.914063752188355|24506&4&18.16247496517391|24511&4&56.13164909664906|24512&4&26.066535173648397|24515&4&19.680902286060544|24516&4&127.17065383898077,2|24411&4&763.4097038025677|24421&4&336.3341298591606|24429&4&647.9312428240735|24437&4&626.1991453539661|24443&4&878.4503143330251|24446&4&1053.9727620601398|24449&4&477.8094689285944|24451&4&1614.8144991951192|24453&4&918.7286665815595|24477&4&799.847525973841|24483&4&1097.19746605516|24485&4&377.90688207965917|24490&4&314.027310193885|24498&4&46.19320728000803|24507&4&3.9352002091160485|24513&4&85.44314190931135|24516&4&14.369466261927068,2|24398&4&573.5317660759647|24403&4&136.3829448236641|24418&4&888.5659292580629|24423&4&840.4578901363794|24424&4&590.8650286990361|24436&4&26.689445168020285|24438&4&366.22112983945226|24457&4&78.09987066171179|24466&4&81.10657173800273|24481&4&5.439907295528167|24484&4&934.4379479201025|24488&4&726.9925385983277|24495&4&502.18104116931835|24497&4&193.99684628403426|24498&4&45.37643691038711|24500&4&150.86903916167526|24504&4&-1.0658141036401503E-14|24505&4&207.2309907677371|24507&4&209.0570743811383|24511&4&36.35102630444001,2|24399&4&372.75134900894943|24400&4&116.9607511528358|24403&4&4.556509319733261|24405&4&341.29726918552444|24410&4&206.8803837177242|24413&4&681.6575168440743|24414&4&513.9356769701324|24415&4&935.9968447225515|24418&4&53.80801361727602|24419&4&519.3363742242391|24435&4&621.90195778331|24443&4&-7.105427357601002E-14|24451&4&101.34456433336567|24459&4&643.9660861949604|24467&4&879.311140828215|24470&4&442.73626643902105|24485&4&339.17508062860384|24490&4&22.814304017320822|24491&4&1055.323826281377|24494&4&541.2875163606682|24496&4&76.51998675953496|24501&4&1.229604645938708|24504&4&50.229386384282726
127|4,130,1,1,1,1,1,1,1,1,1,1,1,1,1,1,1,1,1,1,1,1,1,1,1,1,1,1,1,1,1,1,1,1,1,1,1,1,1,1,1,1,1,1,1,1,1,1,1,1,1,1,1,1,1,1,1,1,1,1,1,1,1,1,1,1,1,1,1,1,1,1,1,1,1,1,1,1,1,1,1,1,1,1,1,1,1,1,1,1,1,1,1,1,1,1,1,1,1,1,1,1,0,0,0,0,0,0,0,0,0,0,0,0,0,0,0,0,0,0,0,0,2|24397&4&500.9996922566837|24400&4&294.6982797577919|24401&4&98.62529011196106|24408&4&510.01827219257245|24412&4&62.959307895903585|24416&4&537.0601215674085|24426&4&181.99258697369606|24427&4&892.9785872314237|24429&4&648.2540530101992|24430&4&412.56845184102656|24434&4&1598.7367351366981|24436&4&908.112025773178|24448&4&151.73551531079588|24450&4&130.84104180939937|24452&4&374.78172913547024|24454&4&199.52417590768556|24458&4&49.41322695375606|24465&4&249.9929772524768|24474&4&52.99479543270129|24479&4&887.9546483127472|24484&4&8.881784197001252E-15|24485&4&381.690702122377|24488&4&157.66495636953113|24500&4&23.025786646218346|24506&4&7.972172427154332,2|24400&4&394.1902762724342|24403&4&434.43706351787665|24405&4&159.85858450326324|24417&4&1336.323394899409|24426&4&72.55408027007292|24434&4&75.37411304212424|24439&4&229.62608855405196|24447&4&169.6692826242347|24452&4&242.0612377237098|24454&4&605.8529829577357|24460&4&46.61900494131679|24462&4&577.7457411841282|24466&4&36.364010725133994|24468&4&532.8032959057307|24471&4&247.01883276992965|24472&4&709.8463224126334|24475&4&19.42839235325303|24477&4&112.19895641077854|24480&4&79.8642191937576|24490&4&95.10602462800583|24497&4&10.506801328123574|24498&4&41.03231532548954|24499&4&52.868583312102274|24500&4&52.218093595296835|24505&4&22.78532015821429|24511&4&121.42540632605372|24512&4&181.94868840548259|24513&4&57.45795820757026,2|24401&4&129.90036684268136|24402&4&875.8675118427682|24409&4&1909.5076660498564|24410&4&244.73347477244505|24416&4&311.70224401972405|24422&4&393.9522023847579|24423&4&462.66168979753354|24427&4&16.087641964172473|24455&4&16.79185436408052|24460&4&269.5209281282042|24461&4&56.2179105093589|24463&4&309.15355686670375|24471&4&51.53593247002067|24482&4&1261.538101862178|24486&4&908.1121918205674|24489&4&96.11510782792453|24506&4&0.5916113242930898,2|24407&4&587.1520957930677|24416&4&348.96970253289743|24421&4&17.790589716016225|24431&4&1186.1744892299616|24442&4&285.59770427827516|24443&4&316.0081592098426|24445&4&836.9394087313474|24446&4&43.00364278714288|24448&4&232.90965885366327|24450&4&400.8403217575835|24452&4&1.782089389423417|24453&4&157.66662249926424|24457&4&2.6881505572047537|24460&4&275.2065113581513|24471&4&-1.27675647831893E-15|24473&4&44.57198477230304|24480&4&91.92622027741876|24487&4&264.7880839274909|24494&4&254.55881653956075|24498&4&140.09755828987613|24509&4&189.80253619399107|24511&4&20.53898992305666,2|24398&4&36.37565816999629|24404&4&1229.1117424263018|24410&4&365.95220464247393|24411&4&13.566481673174902|24412&4&59.010777853840565|24433&4&454.1027162561863|24435&4&571.7673862490336|24438&4&8.881784197001252E-16|24449&4&380.638592669251|24455&4&552.1580161280044|24461&4&6.772251645868938|24465&4&3.2840111207985845|24466&4&5.834788542257449|24467&4&741.7920758148666|24473&4&468.0978573603987|24476&4&945.2674636274937|24477&4&14.872194827027664|24478&4&1032.7020699209886|24479&4&237.47185825576213|24483&4&360.12586225498325|24495&4&256.28968500442323|24496&4&343.88770699189473|24497&4&6.661338147750939E-15|24500&4&1.7763568394002505E-15|24513&4&57.98845720537703|24515&4&81.57530447001994,2|24406&4&194.56806875717615|24410&4&177.80478946044173|24426&4&433.59996312166425|24428&4&546.9874814299769|24430&4&691.2682907829924|24432&4&1580.9023554399575|24440&4&742.3109695739633|24442&4&912.2539530183061|24444&4&298.7258524893724|24450&4&116.53279303911779|24456&4&692.4043327494533|24468&4&99.16168003995634|24471&4&66.05350323834705|24490&4&435.9645889324464|24492&4&350.6646480797095|24505&4&50.70725237125612,2|24399&4&943.3174679793703|24412&4&736.2252235101294|24419&4&302.0152923661435|24420&4&276.3476695516688|24425&4&42.68379083786277|24441&4&308.08187652704174|24446&4&156.82423673814446|24455&4&364.3164405989843|24457&4&226.61264437529204|24461&4&1124.4957355556758|24464&4&318.6024489759168|24465&4&591.9989049143959|24466&4&266.79150470630725|24472&4&276.07199857914395|24475&4&368.643287760158|24485&4&285.60987351442606|24489&4&680.1820464233786|24493&4&1277.622677275862|24498&4&17.337891772839324|24506&4&14.562862778386474|24509&4&0.36308902837117785|24511&4&50.297074134466754|24512&4&22.21810642167148|24515&4&16.62727964137808|24516&4&115.98756790169227,2|24411&4&823.6423630939153|24421&4&388.7318077622276|24429&4&579.2531577354146|24437&4&566.2097732650316|24443&4&796.8533976006283|24446&4&1103.9097257397957|24449&4&423.3292939847888|24451&4&1489.6679237577205|24453&4&1035.598598467389|24477&4&730.9398220847145|24483&4&994.7017437354097|24485&4&322.20358929482023|24490&4&271.76028432455905|24498&4&41.91466613754158|24507&4&2.5088227967151377|24513&4&79.93947905871207|24516&4&10.507633440789192,2|24398&4&636.9931830421705|24403&4&199.7932028257285|24418&4&978.2106839580781|24423&4&862.7228700378728|24424&4&561.0883696538997|24436&4&7.258733580278765|24438&4&391.6772710121776|24457&4&61.379892710302286|24466&4&69.93167935413939|24481&4&5.153596385237211|24484&4&896.9569759247715|24488&4&864.2710524817157|24495&4&448.1626887524271|24497&4&178.47437767374888|24498&4&33.14424747859252|24500&4&141.16801449978632|24505&4&192.90484756514837|24507&4&224.60141297456613|24511&4&26.64127042532997,2|24399&4&306.3717422010466|24400&4&109.70281914278934|24403&4&-3.019806626980426E-14|24405&4&358.33607747356314|24410&4&193.60082340890023|24413&4&721.1414941846851|24414&4&481.9978085842325|24415&4&922.5795916656529|24418&4&39.52861632664133|24419&4&543.3792588893697|24435&4&584.1219430207813|24451&4&65.19763242491818|24459&4&585.1997905448031|24467&4&1146.9643365645738|24470&4&405.5254433409976|24485&4&317.46106237166344|24490&4&21.38841001623827|24491&4&960.3520014254843|24494&4&472.9792885471725|24496&4&71.73748758706402|24501&4&8.881784197001252E-15|24504&4&42.926372585211126
128|4,130,1,1,1,1,1,1,1,1,1,1,1,1,1,1,1,1,1,1,1,1,1,1,1,1,1,1,1,1,1,1,1,1,1,1,1,1,1,1,1,1,1,1,1,1,1,1,1,1,1,1,1,1,1,1,1,1,1,1,1,1,1,1,1,1,1,1,1,1,1,1,1,1,1,1,1,1,1,1,1,1,1,1,1,1,1,1,1,1,1,1,1,1,1,1,1,1,1,1,1,1,0,0,0,0,0,0,0,0,0,0,0,0,0,0,0,0,0,0,0,0,2|24397&4&467.3069859097688|24400&4&259.8953306777827|24401&4&92.05027077116367|24408&4&470.8501589744378|24412&4&51.24593210821232|24416&4&595.450757095755|24426&4&278.38128682700994|24427&4&991.0976141186948|24429&4&608.5651239620435|24430&4&352.8453582759813|24434&4&1722.3853116154394|24436&4&994.1841834535521|24448&4&137.14580952075957|24450&4&115.94213419516166|24452&4&342.19827267686713|24454&4&148.90369630215022|24458&4&46.815213745837184|24461&4&256.445734705608|24465&4&355.3015853750318|24474&4&199.19996653631287|24479&4&793.4663856932318|24485&4&359.53322822131514|24488&4&123.60022083172882|24500&4&19.37260240658413|24506&4&6.643477022628609,2|24400&4&340.62584373329844|24403&4&382.5512536829399|24405&4&127.25041857196945|24417&4&1216.518696588461|24426&4&51.00930860935809|24434&4&55.77990027153746|24439&4&308.6258307828798|24447&4&153.41245773964397|24452&4&280.9776655205849|24454&4&620.8853091030909|24460&4&42.38091358301526|24462&4&667.8301308161459|24466&4&27.273008043850474|24468&4&488.4343032778175|24471&4&225.42673303224342|24472&4&685.3169686422775|24475&4&65.6207498125773|24477&4&106.18977971769995|24480&4&73.62322191190032|24490&4&87.22443677187144|24497&4&8.123836964122649|24498&4&40.35667539036341|24499&4&49.073191560965654|24500&4&44.450162112693846|24505&4&21.646054150303577|24511&4&112.36642117413714|24512&4&168.91536685224975|24513&4&52.234507461427505,2|24401&4&116.62039341132044|24402&4&806.0630130727347|24409&4&1759.517490117539|24410&4&211.47105794705968|24416&4&273.467537930284|24422&4&351.4535868554352|24423&4&387.32403769395347|24427&4&7.510251207152827|24455&4&7.198236507435236|24460&4&221.995772660821|24461&4&33.863021945612275|24463&4&504.69207845574954|24471&4&42.43590255444674|24482&4&1161.1687947799405|24486&4&819.8560610585944|24489&4&67.59526716930313|24506&4&0.29580566214654386,2|24407&4&612.4445863513001|24416&4&326.2801156563063|24421&4&6.628942686876468|24431&4&1346.411037574801|24442&4&231.99846329631612|24443&4&455.82379839455|24445&4&799.1791366511932|24446&4&20.70205197577141|24448&4&216.18269583739666|24450&4&569.0986469556017|24452&4&0.0|24453&4&113.82434382826965|24457&4&2.8421709430404007E-14|24460&4&282.93057270456796|24473&4&39.00048667576516|24480&4&70.60712337513945|24487&4&248.67446937367194|24494&4&453.29747886449104|24498&4&130.54868235943775|24509&4&171.2152216830218|24511&4&22.843056606677266,2|24398&4&23.27636453057855|24404&4&1229.19441267094|24410&4&525.7663275202584|24411&4&5.849215826022997|24412&4&32.94763147747023|24433&4&423.51162262632727|24435&4&679.0785885417098|24449&4&497.7994111651028|24455&4&531.9678372772544|24461&4&6.402143100329796|24465&4&1.509903313490213E-14|24466&4&5.4915656868305405|24467&4&630.9757329029553|24473&4&432.2490196556334|24476&4&1113.5027239986575|24477&4&9.510464983857004|24478&4&1063.9411584676493|24479&4&575.1009942666768|24483&4&508.5913983019353|24495&4&242.9690166402139|24496&4&313.95241134293104|24513&4&46.72530365458508|24515&4&75.95334104989584,2|24406&4&182.6732425175665|24410&4&166.87177008419678|24426&4&402.3237236201806|24428&4&531.6926845663645|24430&4&647.8645214501137|24432&4&1441.9561874171932|24440&4&669.9339047155056|24442&4&1085.5584668085453|24444&4&274.9936945631797|24450&4&78.70075626968863|24456&4&763.2469667568678|24468&4&74.98419083372757|24471&4&61.469996961915875|24490&4&436.01189855043293|24492&4&385.20279830276894|24505&4&41.72546955525732,2|24399&4&1051.8994372289171|24412&4&785.0445851227894|24419&4&273.83971874361947|24420&4&250.49243406623367|24425&4&0.0|24441&4&328.41972443367007|24446&4&128.63784752242665|24455&4&315.0156307486893|24457&4&325.5430578672766|24461&4&1024.6105376080973|24464&4&296.1777517637974|24465&4&536.6572418250495|24466&4&243.22612698375332|24472&4&231.7977614648257|24475&4&332.82982290193075|24485&4&262.296472452416|24489&4&651.5001983484931|24493&4&1168.4440218365094|24498&4&15.761719793490293|24506&4&10.963250591599037|24509&4&0.344934576952619|24511&4&44.462499172284446|24512&4&18.369677669694557|24515&4&13.573656996695622|24516&4&104.80448196440378,2|24411&4&771.7701913515725|24421&4&505.58810416015694|24429&4&510.75576443019185|24437&4&529.4335512679193|24443&4&715.2564808682318|24446&4&1211.7927952387022|24449&4&368.84911904098317|24451&4&1488.0737046188156|24453&4&1034.2167077775011|24477&4&662.0321181955875|24483&4&892.2060214156588|24485&4&266.50029650998135|24490&4&233.74206658877995|24498&4&37.63612499507513|24507&4&1.0824453843142265|24513&4&74.4358162081128|24516&4&6.645800619651318,2|24398&4&624.638023076081|24403&4&342.01779969288873|24418&4&905.9069404026368|24422&4&9.132249070729642|24423&4&890.3900204050767|24424&4&580.7513305031591|24436&4&-5.5067062021407764E-14|24438&4&460.66231076492164|24457&4&44.6599147588928|24466&4&58.75678697027607|24481&4&4.8672854749462555|24484&4&847.5241317404232|24488&4&866.8152805420374|24495&4&397.971088349652|24497&4&162.9519090634635|24498&4&25.065679609452026|24500&4&131.4669898378974|24505&4&178.57870436255962|24507&4&206.77172461615206|24511&4&19.09437353663784,2|24399&4&239.99213539314366|24400&4&102.44488713274289|24405&4&440.21579588979733|24410&4&180.32126310007627|24413&4&781.8782084513055|24414&4&473.39456516711334|24415&4&867.8414983036471|24418&4&28.507557173818654|24419&4&556.6698776711496|24435&4&546.3419282582526|24451&4&29.506648673579424|24459&4&555.7917105848962|24467&4&1299.2296316787883|24470&4&368.3146202429742|24485&4&295.74704411472305|24490&4&19.96251601515572|24491&4&966.6614143962368|24494&4&408.99108452712164|24496&4&66.95498841459309|24504&4&35.623358786139526
129|4,130,1,1,1,1,1,1,1,1,1,1,1,1,1,1,1,1,1,1,1,1,1,1,1,1,1,1,1,1,1,1,1,1,1,1,1,1,1,1,1,1,1,1,1,1,1,1,1,1,1,1,1,1,1,1,1,1,1,1,1,1,1,1,1,1,1,1,1,1,1,1,1,1,1,1,1,1,1,1,1,1,1,1,1,1,1,1,1,1,1,1,1,1,1,1,1,1,1,1,1,1,0,0,0,0,0,0,0,0,0,0,0,0,0,0,0,0,0,0,0,0,2|24397&4&433.614279562854|24400&4&225.09238159777345|24401&4&183.69381265696848|24408&4&424.00959592096933|24412&4&39.53255632052106|24416&4&590.9671120798686|24426&4&263.98506484639665|24427&4&946.2955416170815|24429&4&617.774834371396|24430&4&294.05530376776187|24434&4&1647.890817310381|24436&4&930.1719678644284|24448&4&122.55610373072324|24450&4&101.04322658092394|24452&4&309.61481621826397|24454&4&103.54496159255146|24458&4&51.99026474694499|24461&4&309.53053469606743|24465&4&442.8998395725919|24474&4&189.10748122091547|24479&4&708.7193472911603|24485&4&452.5198955302297|24488&4&91.6573558668373|24500&4&15.719418166949907|24506&4&5.314781618102886,2|24400&4&287.0614111941627|24403&4&336.05038726223734|24405&4&98.73393646769112|24417&4&1160.617413364852|24426&4&31.48536622229864|24434&4&39.839095695197614|24439&4&392.14891119843827|24447&4&137.15563285505326|24452&4&414.43531540690344|24454&4&910.798941496947|24460&4&38.142822224713726|24462&4&603.1681047263155|24466&4&18.182005362566954|24468&4&444.06531064990423|24471&4&203.8346332945572|24472&4&642.4786217128207|24475&4&62.2911413410653|24477&4&327.5759268793013|24480&4&178.86571284330293|24490&4&79.34284891573704|24497&4&5.740872600121727|24498&4&106.40036399593359|24499&4&50.200082748411646|24500&4&36.68223063009085|24505&4&23.86251706462629|24511&4&103.30743602222057|24512&4&174.7639573154675|24513&4&47.01105671528475,2|24401&4&103.34041997995949|24402&4&736.2585143027014|24409&4&1643.8789929760992|24410&4&182.00335026421132|24416&4&236.9921327883739|24422&4&308.95497132611257|24423&4&315.62233828816846|24427&4&3.1733054752926946|24455&4&-4.085620730620576E-14|24460&4&176.96643599055722|24461&4&16.862128187739245|24463&4&606.5723594831751|24471&4&33.335872638872814|24482&4&1139.7524640238705|24486&4&922.0539749621041|24489&4&45.27387962091331|24506&4&-2.1094237467877974E-15|24513&4&11.814024197773051,2|24407&4&565.1885586841163|24416&4&303.5905287797151|24421&4&0.11004509829888498|24431&4&1520.4043216189007|24442&4&186.40295319111792|24443&4&597.661889111331|24445&4&725.5128445049322|24446&4&5.196112466813808|24448&4&199.45573282113|24450&4&788.9447244200337|24453&4&75.46724014589934|24460&4&391.83076218023643|24473&4&87.28373518787191|24475&4&123.8416616731025|24480&4&50.02166889798894|24487&4&232.560854819853|24494&4&588.2487705317337|24498&4&120.99980642899936|24509&4&153.21883959181687|24511&4&70.89321767800712,2|24398&4&11.927956207437376|24404&4&1332.0147045322133|24410&4&497.8314515410066|24411&4&0.8108939430122905|24412&4&17.972722957904594|24433&4&392.92052899646814|24435&4&622.3548466753612|24449&4&551.829144438538|24455&4&705.9761550153593|24461&4&6.032034554790654|24466&4&5.148342831403632|24467&4&535.4701836736359|24473&4&396.40018195086805|24476&4&1096.9308615762043|24477&4&4.148735140686359|24478&4&1085.4155059237173|24479&4&673.0002166699753|24483&4&479.04828863396034|24495&4&229.64834827600455|24496&4&284.0171156939673|24513&4&36.55874551451288|24515&4&70.33137762977172,2|24406&4&170.7784162779569|24410&4&155.93875070795187|24426&4&371.04748411869696|24428&4&494.919362979574|24430&4&604.4607521172352|24432&4&1304.0663622623945|24440&4&597.5568398570481|24442&4&1129.9805044643992|24444&4&251.26153663698682|24450&4&49.58400712042017|24456&4&841.4534355095004|24468&4&50.80670162749881|24471&4&56.886490685484695|24490&4&512.9828875487175|24492&4&358.4865494940685|24505&4&32.74368673925853,2|24399&4&1377.4961136691818|24412&4&788.8439570447954|24419&4&245.66414512109543|24420&4&224.63719858079853|24432&4&204.86164509736125|24441&4&355.90739344149813|24446&4&100.45145830670887|24455&4&265.71482089839435|24457&4&392.55396659404795|24461&4&924.7253396605188|24464&4&273.7530545516779|24465&4&481.3155787357029|24466&4&219.66074926119938|24472&4&187.52352435050742|24475&4&297.1476817427599|24485&4&238.983071390406|24489&4&602.422214795531|24493&4&1149.9273969443825|24498&4&14.185547814141263|24506&4&7.3636384048116|24509&4&0.3267801255340601|24511&4&38.62792421010214|24512&4&14.52124891771764|24515&4&10.520034352013163|24516&4&93.62139602711525,2|24411&4&719.8980196092297|24421&4&575.8511628686487|24429&4&442.25837112496913|24437&4&475.9232660761071|24443&4&638.5267607293588|24446&4&1324.7186016408857|24449&4&314.3689440971775|24451&4&1451.4110892252663|24453&4&1122.099829295445|24472&4&66.19229145841996|24477&4&593.1244143064607|24483&4&790.0441172428835|24485&4&211.27891981280413|24490&4&199.47546627219702|24498&4&33.35758385260868|24507&4&0.0|24513&4&68.93215335751351|24516&4&3.398696941480223,2|24398&4&672.6428327605142|24403&4&365.5582986529766|24418&4&833.6031968471957|24422&4&8.67563661719316|24423&4&851.6149194688273|24424&4&682.5785141598491|24438&4&477.2716027170268|24457&4&27.939936807483306|24466&4&47.58189458641274|24481&4&4.5809745646553|24484&4&811.777637910892|24488&4&822.4139135528408|24495&4&349.55952942525926|24497&4&147.4294404531781|24498&4&18.19416462032379|24500&4&121.76596517600845|24505&4&164.25256115997087|24507&4&188.94203625773793|24511&4&12.781258156044059,2|24399&4&174.12916960202128|24400&4&186.16022537260648|24405&4&560.3383595024775|24410&4&167.0417027912523|24413&4&784.3783137918913|24414&4&749.9187677818196|24415&4&791.3020150933772|24418&4&19.00503811587911|24419&4&502.4514355600925|24435&4&508.5619134957239|24451&4&6.816999552270257|24459&4&661.5668994111666|24467&4&1386.3033899258044|24470&4&331.10379714495076|24485&4&274.0330258577826|24490&4&18.53662201407317|24491&4&973.81098748778|24494&4&351.7693330583783|24496&4&62.172489242122154|24504&4&30.841083457023306
130|4,130,1,1,1,1,1,1,1,1,1,1,1,1,1,1,1,1,1,1,1,1,1,1,1,1,1,1,1,1,1,1,1,1,1,1,1,1,1,1,1,1,1,1,1,1,1,1,1,1,1,1,1,1,1,1,1,1,1,1,1,1,1,1,1,1,1,1,1,1,1,1,1,1,1,1,1,1,1,1,1,1,1,1,1,1,1,1,1,1,1,1,1,1,1,1,1,1,1,1,1,1,0,0,0,0,0,0,0,0,0,0,0,0,0,0,0,0,0,0,0,0,2|24397&4&399.921573215939|24400&4&190.28943251776423|24401&4&172.20786525484098|24408&4&591.5113397244476|24412&4&27.819180532829797|24416&4&696.0709367578713|24426&4&417.4774984461005|24427&4&912.2841010358958|24429&4&838.2611339020018|24430&4&239.76441393248388|24434&4&1579.5713678844304|24436&4&849.5062643258921|24448&4&107.96639794068693|24450&4&86.14431896668624|24452&4&277.03135975966086|24454&4&67.86375574318437|24458&4&49.00359832857479|24461&4&351.94005450490465|24465&4&498.0852526046801|24474&4&179.0149959055181|24479&4&630.962172785036|24485&4&676.5905567922453|24488&4&61.131234282624405|24500&4&12.066233927315686|24506&4&3.986086213577163,2|24400&4&241.52248313839505|24403&4&292.4348134909808|24405&4&74.0508695932419|24417&4&1296.635990183499|24426&4&12.593505214673199|24434&4&29.56691436126937|24439&4&359.3655150145294|24447&4&120.89880797046251|24452&4&452.4530741576926|24454&4&954.9698656867649|24460&4&33.904730866412194|24462&4&542.5279895417307|24466&4&0.0|24468&4&402.55224865371036|24471&4&182.24253355687097|24472&4&599.6402747833636|24475&4&58.961532869553295|24477&4&435.59206293125965|24480&4&201.78345819293546|24490&4&71.46126105960265|24497&4&3.357908236120804|24498&4&137.5230746162275|24499&4&46.1585768503459|24500&4&29.875640240484373|24505&4&48.354554110849946|24511&4&94.248450870304|24512&4&191.2157762268696|24513&4&41.787605969142,2|24401&4&90.06044654859856|24402&4&669.7076307880087|24409&4&1486.462893254169|24410&4&155.52042992755122|24416&4&200.51672764646383|24422&4&266.45635579678986|24423&4&249.47323281976367|24427&4&-1.865174681370263E-14|24455&4&256.1641030311643|24460&4&137.83491641955297|24461&4&4.909915469097811|24463&4&700.8708164783314|24471&4&24.23584272329889|24482&4&1113.6746521079317|24486&4&992.0323888710425|24489&4&27.067520249198026|24513&4&40.7129876597992,2|24397&4&2.5735331698730306|24407&4&560.0565577226007|24415&4&9.94856043042995|24416&4&280.9009419031239|24421&4&0.05502254914942739|24431&4&1439.1352095242923|24442&4&153.58853243464813|24443&4&606.8879831757498|24445&4&745.6214852603182|24446&4&1.3986501970280072|24448&4&182.72876980486336|24450&4&832.6530678012643|24453&4&45.944490324022816|24460&4&441.7459504248349|24469&4&525.2355405654239|24473&4&79.0194997609018|24475&4&124.70712941119626|24480&4&35.72098719981735|24487&4&216.44724026603404|24494&4&694.8553223856868|24498&4&111.45093049856098|24509&4&135.7541666058694|24511&4&100.65853205942182,2|24398&4&3.760686369175824|24404&4&1252.5200823206449|24410&4&469.8965755617547|24411&4&-5.10702591327572E-15|24412&4&6.610065420760088|24433&4&362.329435366609|24435&4&639.3435545278057|24449&4&686.2497057028486|24455&4&666.1955306705231|24461&4&5.661926009251513|24466&4&0.0|24467&4&452.3996690385645|24473&4&360.5513442461027|24476&4&1006.4690949741785|24477&4&-3.019806626980426E-14|24478&4&1211.9795674031475|24479&4&730.7100607713068|24483&4&479.88873442372415|24495&4&233.984280267825|24496&4&254.08182004500364|24513&4&27.530316815068353|24515&4&64.70941420964762,2|24406&4&161.21442519596312|24410&4&145.00573133170695|24426&4&339.7712446172133|24428&4&444.76203631521344|24430&4&561.0569827843565|24432&4&1167.0766955491924|24440&4&525.1797749985902|24442&4&1154.4184136086808|24444&4&227.52937871079402|24450&4&27.812010949052322|24456&4&972.8008943725405|24468&4&26.629212421270047|24471&4&52.302984409053515|24490&4&556.6426010369664|24492&4&327.86749500860225|24505&4&24.998092749432573,2|24399&4&1531.6471228933071|24412&4&823.4976622510167|24418&4&72.3003502295162|24419&4&217.48857149857136|24420&4&198.78196309536338|24425&4&0.0|24432&4&405.62276496604636|24436&4&1.561784642635871|24441&4&317.7518245090542|24446&4&72.26506909099109|24455&4&216.41401104809947|24457&4&449.225392160491|24461&4&824.8401417129403|24464&4&251.32835733955838|24465&4&425.97391564635643|24466&4&0.0|24472&4&143.24928723618916|24475&4&264.4100379754327|24485&4&215.669670328396|24489&4&609.4295991392132|24493&4&1159.601747518658|24498&4&12.609375834792232|24506&4&3.764026218024164|24509&4&14.457873921324971|24511&4&32.79334924791982|24512&4&10.672820165740724|24515&4&7.466411707330703|24516&4&82.43831008982676,2|24411&4&668.0258478668868|24421&4&534.2840773923394|24429&4&373.76097781974653|24437&4&497.813938629415|24443&4&571.3947571437448|24446&4&1330.6044890636012|24449&4&262.0805143729376|24451&4&1395.6576017420366|24453&4&1103.4074056916274|24472&4&151.80386788086204|24477&4&524.216710417334|24483&4&689.4496704587309|24485&4&167.48400692748658|24490&4&168.08011546448563|24498&4&29.079042710142225|24513&4&63.428490506914244|24516&4&1.1362694997031928,2|24398&4&750.7225336434549|24403&4&345.54730677884254|24418&4&761.2994532917546|24422&4&83.5375567753855|24423&4&902.7573709905835|24424&4&808.2295675986113|24438&4&505.724696003201|24457&4&15.188268028710214|24466&4&0.0|24481&4&4.294663654364344|24484&4&868.776972771405|24488&4&863.7320221916433|24495&4&301.36879192913864|24497&4&131.90697184289274|24498&4&12.43027576830319|24500&4&112.06494051411954|24505&4&149.92641795738214|24507&4&171.11234789932382|24511&4&7.650500062975183,2|24399&4&115.2978111341217|24400&4&273.0292971712412|24405&4&669.4726497402826|24410&4&153.76214248242835|24413&4&712.4753201401504|24414&4&696.1506671999198|24415&4&714.7625318831073|24418&4&9.502519057939564|24419&4&547.1564398266032|24435&4&470.78189873319513|24451&4&0.0|24459&4&604.7701512456696|24467&4&1395.2842512880625|24470&4&293.8929740469273|24485&4&252.31900760084218|24490&4&17.11072801299062|24491&4&937.0210526138336|24494&4&303.7466996170657|24496&4&57.38999006965122|24504&4&27.417415057916337
131|4,130,1,1,1,1,1,1,1,1,1,1,1,1,1,1,1,1,1,1,1,1,1,1,1,1,1,1,1,1,1,1,1,1,1,1,1,1,1,1,1,1,1,1,1,1,1,1,1,1,1,1,1,1,1,1,1,1,1,1,1,1,1,1,1,1,1,1,1,1,1,1,1,1,1,1,1,1,1,1,1,1,1,1,1,1,1,1,1,1,1,1,1,1,1,1,1,1,1,1,1,1,0,0,0,0,0,0,0,0,0,0,0,0,0,0,0,0,0,0,0,0,2|24397&4&366.2288668690242|24400&4&155.48648343775503|24401&4&174.135413840404|24408&4&586.4421650002896|24412&4&16.105804745138535|24416&4&733.0761282440333|24426&4&596.2143512288385|24427&4&828.4739909088368|24429&4&865.7416599019559|24430&4&186.90546942696375|24434&4&1537.9027120576366|24436&4&768.8405607873556|24448&4&93.37669215065061|24450&4&71.24541135244853|24452&4&244.44790330105766|24454&4&40.86751667729578|24458&4&46.01693191020458|24461&4&425.75474098827334|24465&4&470.225607426536|24474&4&168.9225105901207|24479&4&557.7346574650312|24485&4&760.6291500658336|24488&4&37.08019934422422|24500&4&8.413049687681465|24506&4&2.6573908090514395,2|24400&4&201.54098279380656|24403&4&250.33779766567702|24405&4&53.97405860081791|24417&4&1389.630878328207|24426&4&2.4868995751603507E-14|24434&4&19.294733027341124|24439&4&326.58211883062063|24447&4&104.64198308587177|24452&4&424.278807478613|24454&4&886.3426764267102|24460&4&29.666639508110666|24462&4&484.75769324567534|24467&4&163.33579750438878|24468&4&559.7845183444581|24471&4&160.6504338191847|24472&4&556.8019278539067|24475&4&55.6319243980413|24477&4&658.4316723910456|24480&4&365.99293072686567|24490&4&63.57967320346825|24497&4&1.1157446785883365|24498&4&164.61026609613018|24499&4&42.11707095228015|24500&4&35.1558804929276|24505&4&75.80106457939249|24511&4&85.18946571838742|24512&4&207.15404662485258|24513&4&36.56415522299925,2|24401&4&76.78047311723763|24402&4&691.9257437347007|24409&4&1505.1361523800563|24410&4&130.93181789596323|24416&4&166.58709924494417|24422&4&224.93289751500726|24423&4&189.8100077022357|24455&4&346.05298277990494|24460&4&104.79495606652743|24461&4&2.1316282072803006E-14|24463&4&657.2788595212323|24471&4&15.135812807724967|24482&4&1131.9924815067106|24486&4&1051.0770347975824|24489&4&14.223053577565999|24513&4&68.9447025730562,2|24397&4&2.444856511379379|24407&4&544.4127801053812|24415&4&166.14520651957127|24416&4&258.2113550265327|24421&4&0.0|24431&4&1601.0529959015046|24442&4&129.0874740583547|24443&4&614.6624559800372|24445&4&691.4158299171802|24446&4&0.0|24448&4&166.0018067885967|24450&4&913.7265482448684|24453&4&27.458283505517603|24460&4&536.4358953223164|24469&4&498.9737635371527|24473&4&70.75526433393169|24475&4&172.14082094995067|24480&4&21.420305501645807|24487&4&200.3336257122151|24494&4&661.8025365334198|24498&4&101.90205456812258|24509&4&119.15690264653144|24511&4&127.31945793463372,2|24398&4&0.7423253413515547|24404&4&1278.3907313401332|24410&4&460.06684804846344|24412&4&-4.085620730620576E-14|24433&4&355.42391582331095|24435&4&739.5286905055169|24449&4&786.3199811577706|24455&4&626.414906325687|24461&4&5.291817463712371|24466&4&218.7179993859363|24467&4&379.28043847022263|24473&4&324.70250654133747|24476&4&965.8337152119126|24478&4&1125.6512398831305|24479&4&777.4448409985139|24483&4&448.82644698286225|24495&4&280.21431179724254|24496&4&224.14652439603992|24513&4&19.816640420054952|24515&4&59.0874507895235,2|24406&4&237.02683158919626|24410&4&134.072711955462|24426&4&308.49500511572967|24428&4&443.75949830677956|24430&4&664.5433858447474|24432&4&1037.7825206915302|24440&4&452.8027101401326|24442&4&1191.17453034766|24444&4&203.79722078460117|24450&4&10.211527748996556|24456&4&943.7941253999728|24468&4&8.285170297354435|24471&4&47.71947813262234|24474&4&15.871291866922036|24490&4&522.5885773421512|24492&4&297.2484405231361|24505&4&18.200145767700903,2|24399&4&1647.1486995666082|24412&4&757.9207682481949|24418&4&210.56957692718288|24419&4&189.3129978760473|24420&4&225.81492957996664|24425&4&130.59336284786642|24432&4&384.82947260500066|24436&4&38.9864375858076|24441&4&279.61301418264077|24446&4&44.0786798752733|24455&4&178.7426458114446|24457&4&616.242062443406|24461&4&724.9549437653618|24464&4&228.90366012743888|24465&4&376.59009030397567|24472&4&102.48338937827606|24475&4&238.61647762864195|24485&4&192.356269266386|24489&4&683.3284853191681|24493&4&1330.0482474514229|24497&4&9.13942443955591|24498&4&11.033203855443201|24506&4&1.2851547104557994|24509&4&40.00888623763295|24511&4&26.95877428573751|24512&4&6.824391413763806|24515&4&4.412789062648245|24516&4&71.25522415253826,2|24411&4&616.1536761245442|24421&4&492.7169919160302|24429&4&319.3163804948241|24437&4&538.8471201097517|24443&4&505.4225968731273|24446&4&1464.118644392962|24449&4&221.96680395983344|24451&4&1459.9298277226364|24453&4&1300.0804229227751|24472&4&310.990817687435|24477&4&455.309006528207|24483&4&595.4555342893224|24485&4&130.06595855522832|24490&4&136.68476465677426|24498&4&24.800501567675774|24513&4&57.924827656314974|24516&4&-5.773159728050814E-15,2|24398&4&757.7946970627365|24403&4&368.1332029503967|24418&4&688.9957097363133|24422&4&145.95175472936094|24423&4&836.5683649173757|24424&4&955.1070647960481|24438&4&453.22386448694135|24457&4&4.592950387152246|24481&4&4.008352744073388|24484&4&968.0821072411636|24488&4&889.8999286743717|24495&4&253.17805443301808|24497&4&116.38450323260736|24498&4&6.886179979389643|24500&4&102.3639158522306|24505&4&135.60027475479342|24507&4&153.28265954090972|24511&4&3.836691474382172,2|24399&4&67.98355099500142|24400&4&491.64802104915475|24405&4&746.9586062229353|24410&4&140.48258217360438|24413&4&642.0012140237038|24414&4&767.7047631606868|24415&4&638.2230486728372|24418&4&1.7763568394002505E-14|24419&4&591.3798929224981|24435&4&433.0018839706664|24459&4&548.5919555845173|24467&4&1305.486982282509|24470&4&256.6821509489039|24485&4&230.60498934390176|24490&4&15.68483401190807|24491&4&1087.7610790053795|24494&4&261.41457177949474|24496&4&52.607490897180284|24504&4&25.397778147770822
132|4,130,1,1,1,1,1,1,1,1,1,1,1,1,1,1,1,1,1,1,1,1,1,1,1,1,1,1,1,1,1,1,1,1,1,1,1,1,1,1,1,1,1,1,1,1,1,1,1,1,1,1,1,1,1,1,1,1,1,1,1,1,1,1,1,1,1,1,1,1,1,1,1,1,1,1,1,1,1,1,1,1,1,1,1,1,1,1,1,1,1,1,1,1,1,1,1,1,1,1,1,1,0,0,0,0,0,0,0,0,0,0,0,0,0,0,0,0,0,0,0,0,2|24397&4&332.5361605221093|24400&4&120.6835343577458|24401&4&295.58143641153924|24408&4&627.5620760956588|24412&4&4.3924289574472715|24416&4&851.2340472505357|24426&4&563.3473210920911|24427&4&744.6638807817781|24429&4&898.1825157937651|24430&4&138.52364634370375|24434&4&1487.238122833069|24436&4&688.1748572488192|24448&4&254.22514798782382|24450&4&56.34650373821082|24452&4&211.86444684245456|24454&4&18.69431829385944|24458&4&43.03026549183438|24461&4&603.2388447226626|24465&4&474.817491940539|24474&4&158.8300252747233|24479&4&488.7454881305323|24485&4&721.891428457871|24488&4&15.67854435306745|24500&4&4.759865448047242|24506&4&1.3286954045257162,2|24400&4&170.31891962846194|24403&4&210.97761145005495|24405&4&40.32159741548745|24417&4&1412.0244978026199|24434&4&9.647366513670562|24439&4&293.7987226467118|24447&4&156.12946960905384|24452&4&512.4789994530182|24454&4&1129.6653131395801|24459&4&12.63495081066469|24460&4&25.42854814980914|24462&4&474.50540138697863|24467&4&155.16900762916933|24468&4&675.746694513153|24471&4&139.0583340814985|24472&4&513.9635809244498|24475&4&52.3023159265293|24477&4&622.4585602437201|24480&4&360.81625439532456|24490&4&55.69808534733386|24494&4&61.072015223987535|24497&4&3.552713678800501E-15|24498&4&189.85047698623995|24499&4&38.07556505421441|24500&4&30.05937013995218|24505&4&102.47355023713075|24511&4&76.13048056647085|24512&4&222.19648389477516|24513&4&31.340704476856494,2|24401&4&63.5004996858767|24402&4&620.9364103969388|24409&4&1514.6523357406531|24410&4&106.34320586437522|24416&4&134.2551625604724|24422&4&185.20484638613976|24423&4&134.64392729205622|24455&4&395.3934578464825|24460&4&75.70950711906085|24463&4&613.6869025641334|24471&4&6.035782892151044|24482&4&1152.9355299193749|24486&4&965.3769556356416|24489&4&4.28451317766439|24513&4&94.88155943177709,2|24397&4&2.3161798528857274|24407&4&495.8120600619822|24415&4&181.424418977928|24416&4&235.52176814994155|24431&4&1476.8498619313461|24442&4&104.58641568206136|24443&4&626.103728597276|24445&4&751.2955048273043|24448&4&149.2748437723301|24450&4&929.5758096711825|24453&4&14.939945196526953|24460&4&779.012746343642|24469&4&472.7119865088815|24473&4&152.93385059797666|24475&4&183.07804609835662|24480&4&16.21740439980691|24487&4&184.22001115839618|24494&4&622.4056983144964|24498&4&92.35317863768418|24509&4&103.52059337286633|24511&4&152.01396469780488,2|24398&4&5.10702591327572E-15|24404&4&1263.2896300754078|24410&4&462.01809995883855|24433&4&323.64854348912377|24435&4&728.7638115072587|24449&4&834.4189112943352|24455&4&586.6342819808508|24461&4&4.921708918173229|24466&4&311.51643779012164|24467&4&316.88620474982457|24473&4&288.8536688365721|24476&4&1148.3315776249838|24478&4&1032.7433619843175|24479&4&815.0682606529599|24483&4&646.2739797626652|24495&4&320.7928168313341|24496&4&194.21122874707623|24513&4&13.375537712341576|24515&4&53.4654873693994,2|24406&4&228.201366318665|24410&4&123.13969257921708|24426&4&277.218765614246|24428&4&723.0518967706307|24430&4&894.2106639493991|24432&4&912.8010452383888|24440&4&534.6351477675112|24442&4&1139.2743975885608|24444&4&233.4722195121537|24450&4&3.7029064175598823|24456&4&874.6774288951267|24468&4&-6.039613253960852E-14|24471&4&230.21157184948905|24474&4&15.077727273575935|24490&4&488.5345536473361|24492&4&269.2676940559725|24505&4&12.395711359077207,2|24399&4&1765.6249255314974|24412&4&890.0630551829245|24418&4&270.4490996340928|24419&4&161.13742425352325|24420&4&227.95037154248323|24425&4&124.0636947054731|24427&4&11.330066567820836|24432&4&364.03618024395496|24436&4&166.0512748804493|24441&4&360.4622188922828|24446&4&15.892290659555515|24455&4&150.06127515880974|24457&4&640.2168634603738|24461&4&625.0697458177833|24464&4&221.71112734231468|24465&4&327.2062649615949|24472&4&67.89448459820828|24475&4&215.1953165588599|24485&4&169.04286820437596|24489&4&759.8321637737085|24493&4&1250.6749755327978|24497&4&37.39009684700198|24498&4&9.45703187609417|24506&4&0.0|24509&4&37.969437914849564|24511&4&21.124199323555196|24512&4&3.4503235190820973|24515&4&2.2063945313241105|24516&4&60.07213821524975,2|24411&4&567.7445591853336|24421&4&451.149906439721|24429&4&268.9437440474647|24437&4&625.0817486326049|24443&4&439.45043660250974|24446&4&1581.336520506423|24449&4&186.39661534247705|24451&4&1502.2176479731338|24453&4&1427.9377022103283|24472&4&507.36264648250693|24477&4&391.0510415363156|24483&4&501.46139811991384|24485&4&93.85125815458451|24490&4&106.22456737233642|24498&4&20.521960425209322|24513&4&52.42116480571569,2|24398&4&728.163797804805|24403&4&363.36894328745825|24418&4&616.6919661808722|24422&4&202.85383618885814|24423&4&1011.0479221066245|24424&4&983.6190061061948|24438&4&417.9148934090623|24457&4&0.096123624643701|24481&4&3.722041833782432|24484&4&1010.9815149314232|24488&4&936.6024274818709|24495&4&204.98731693689749|24497&4&100.86203462232199|24498&4&3.460556209232123|24500&4&92.66289119034167|24505&4&121.27413155220468|24507&4&135.4529711824956|24511&4&1.2949487308796224,2|24399&4&36.97453699079959|24400&4&791.0172157305387|24405&4&699.4463378580723|24410&4&127.2030218647804|24413&4&575.1088564055891|24414&4&752.7681740006128|24415&4&561.8059624736353|24419&4&543.0606206884415|24435&4&395.2218692081377|24459&4&492.413759923365|24467&4&1215.6897132769554|24470&4&219.4713278508805|24485&4&208.89097108696134|24490&4&14.258940010825519|24491&4&1187.9342513506747|24494&4&222.52220684567484|24496&4&47.82499172470935|24504&4&23.378141237625318
133|4,130,1,1,1,1,1,1,1,1,1,1,1,1,1,1,1,1,1,1,1,1,1,1,1,1,1,1,1,1,1,1,1,1,1,1,1,1,1,1,1,1,1,1,1,1,1,1,1,1,1,1,1,1,1,1,1,1,1,1,1,1,1,1,1,1,1,1,1,1,1,1,1,1,1,1,1,1,1,1,1,1,1,1,1,1,1,1,1,1,1,1,1,1,1,1,1,1,1,1,1,1,0,0,0,0,0,0,0,0,0,0,0,0,0,0,0,0,0,0,0,0,2|24397&4&298.84345417519444|24400&4&85.88058527773657|24401&4&355.42215580394173|24408&4&579.3336330469134|24412&4&3.019806626980426E-14|24416&4&893.8788923087374|24426&4&530.4802909553437|24427&4&660.8537706547194|24429&4&834.1882272580808|24430&4&95.85653485770061|24434&4&1540.427875073628|24436&4&607.5091537102828|24448&4&232.41784907946257|24450&4&41.44759612397311|24452&4&179.28099038385142|24454&4&7.95585177226349|24458&4&40.04359907346418|24461&4&766.6600784186128|24465&4&557.4596573025499|24474&4&0.0|24479&4&430.67810988098273|24485&4&769.0724803422564|24488&4&-2.4868995751603507E-14|24500&4&1.106681208413021|24506&4&-7.105427357601002E-15,2|24400&4&144.5284773515877|24403&4&173.85092251998378|24405&4&34.498310767136985|24417&4&1447.1460646188632|24432&4&281.42382471858764|24434&4&0.0|24439&4&272.3608823532663|24447&4&219.6301088022609|24452&4&662.2473322051999|24454&4&1263.7603604500976|24459&4&12.003203270131456|24460&4&21.19045679150761|24462&4&448.2582185414775|24467&4&147.00221775394988|24468&4&626.4906668196727|24471&4&117.46623434381226|24472&4&471.12523399499287|24475&4&48.9727074550173|24477&4&586.4854480963945|24480&4&337.513212060918|24490&4&47.81649749119947|24494&4&58.01841446278816|24498&4&212.88239128435941|24499&4&34.03405915614866|24500&4&42.83411302021841|24505&4&96.83578401538462|24511&4&67.07149541455428|24512&4&236.9861858548819|24513&4&26.117253730713742,2|24401&4&50.22052625451576|24402&4&549.9470770591768|24409&4&1460.9258456509178|24410&4&82.79500120249143|24416&4&107.25722756161437|24422&4&146.98013372355996|24423&4&93.34418847314811|24455&4&425.86151231809094|24460&4&54.33256146451319|24463&4&570.0949456070346|24471&4&3.5314344074494373|24478&4&63.92863686901637|24482&4&1146.720530893846|24486&4&879.676876473701|24489&4&2.1316282072803006E-14|24513&4&120.22539476222533|24516&4&8.949517452158602,2|24397&4&2.1875031943920757|24407&4&447.635052884673|24415&4&346.2061218707741|24416&4&212.83218127335036|24431&4&1458.1551989660932|24442&4&80.08535730576797|24443&4&706.2478541831805|24445&4&902.4512059816016|24448&4&132.54788075606342|24450&4&954.4218862409903|24453&4&7.469972598263497|24460&4&791.2554100691179|24469&4&446.45020948061034|24473&4&140.1474740864558|24475&4&172.82509694637304|24480&4&11.014503297967988|24487&4&168.10639660457724|24494&4&583.0088600955727|24498&4&82.8043027072458|24509&4&88.50041532135492|24511&4&174.3782737063901,2|24404&4&1219.243237654091|24410&4&467.1542821745277|24433&4&291.87317115493664|24435&4&698.899981272456|24449&4&783.5559542469368|24455&4&546.8536576360145|24461&4&4.551600372634087|24466&4&343.949079044869|24467&4&257.05321672415016|24473&4&253.00483113180684|24476&4&1203.7938230775105|24478&4&939.8354840855046|24479&4&765.8595500861419|24483&4&603.7862013107701|24495&4&518.312546522328|24496&4&164.27593309811255|24513&4&8.18438492732037|24515&4&47.84352394927529,2|24406&4&296.2022572388731|24410&4&112.20667320297215|24426&4&245.9425261127624|24428&4&816.9833254857831|24430&4&956.4023712205905|24432&4&787.8195697852475|24440&4&916.368232182091|24442&4&1049.814536220221|24444&4&306.847237407768|24450&4&-2.7533531010703882E-14|24456&4&805.5607323902806|24471&4&216.274285573393|24474&4&0.0|24490&4&454.48052995252095|24492&4&0.0|24505&4&7.6264659131752754,2|24399&4&1798.6782903928893|24412&4&934.4038032990692|24418&4&265.6811064651669|24419&4&132.9618506309992|24420&4&220.8043947575404|24425&4&117.53402656307978|24427&4&259.94549236332546|24432&4&343.24288788290926|24436&4&157.6471453577754|24441&4&415.9283450013096|24446&4&6.477444056650135|24455&4&126.42688972315864|24457&4&591.9175754562697|24461&4&525.1845478702046|24464&4&319.53315530543847|24465&4&279.4953638067742|24472&4&38.86961220936041|24475&4&191.77415548907786|24483&4&171.24171710883192|24485&4&145.72946714236593|24489&4&733.8174062971201|24493&4&1141.0071641684758|24497&4&35.49774344355299|24498&4&7.88085989674514|24509&4&35.92998959206618|24511&4&15.289624361372885|24512&4&1.172323614439255|24515&4&-1.7763568394002505E-14|24516&4&48.88905227796124,2|24411&4&519.4737892889763|24421&4&409.5828209634118|24429&4&226.31588233314028|24437&4&646.8249632882391|24443&4&373.47827633189223|24446&4&1476.3529036302023|24449&4&152.1505108040452|24451&4&1641.7576658720618|24453&4&1308.6567794355017|24472&4&711.6751878811215|24477&4&331.10574547838036|24483&4&417.47070197961636|24485&4&60.26100196791883|24490&4&75.76437008789861|24498&4&16.243419282742867|24513&4&46.91750195511642,2|24398&4&819.0890649958759|24403&4&443.27517494403924|24418&4&552.0467289324438|24422&4&365.2845343220214|24423&4&1403.1352184513923|24424&4&959.0180958925996|24438&4&560.2377846930707|24457&4&6.38378239159465E-16|24481&4&124.13243440749766|24484&4&996.5775656309776|24488&4&1227.2835011938173|24495&4&158.7018108596536|24497&4&85.33956601203663|24498&4&1.1620895560413422|24500&4&82.96186652845273|24505&4&106.94798834961594|24507&4&136.43016371248768|24509&4&36.296326619041224|24511&4&-3.552713678800501E-15,2|24399&4&16.590709046770584|24400&4&746.1150052681967|24405&4&701.6110232647427|24410&4&113.92346155595644|24413&4&510.8859676928346|24414&4&704.5162418295452|24415&4&489.75941421726685|24419&4&780.1990666291862|24435&4&357.44185444560907|24459&4&436.23556426221273|24467&4&1125.892444271402|24470&4&259.7103958937902|24485&4&187.17695283002092|24490&4&12.833046009742969|24491&4&1294.0166630794615|24494&4&188.9126457441751|24496&4&43.042492552238414|24504&4&21.358504327479814
134|4,130,1,1,1,1,1,1,1,1,1,1,1,1,1,1,1,1,1,1,1,1,1,1,1,1,1,1,1,1,1,1,1,1,1,1,1,1,1,1,1,1,1,1,1,1,1,1,1,1,1,1,1,1,1,1,1,1,1,1,1,1,1,1,1,1,1,1,1,1,1,1,1,1,1,1,1,1,1,1,1,1,1,1,1,1,1,1,1,1,1,1,1,1,1,1,1,1,1,1,1,1,0,0,0,0,0,0,0,0,0,0,0,0,0,0,0,0,0,0,0,0,2|24397&4&265.1507478282796|24400&4&51.07763619772734|24401&4&370.33929678521423|24408&4&531.105189998168|24416&4&972.6516588906677|24426&4&497.61326081859613|24427&4&585.3232310945006|24429&4&770.1939387223969|24430&4&59.16425045993978|24434&4&1507.8964301944452|24436&4&526.8434501717463|24448&4&210.6105501711013|24450&4&26.5486885097354|24452&4&153.64621007449733|24454&4&1.9539925233402755E-14|24458&4&37.05693265509397|24461&4&911.1532688351856|24465&4&668.7892242103335|24479&4&372.6107316314332|24485&4&836.2072494258052|24500&4&-1.0658141036401503E-14,2|24400&4&120.67615909306001|24403&4&146.53459472014495|24405&4&28.67502411878652|24417&4&1407.9586673120039|24422&4&107.10493263059709|24423&4&240.60355420044743|24432&4&354.88195253750024|24439&4&381.40174618203235|24447&4&199.33012313299446|24452&4&648.1082740775195|24454&4&1295.094162928663|24459&4&11.371455729598221|24460&4&16.952365433206083|24462&4&392.3719217339667|24467&4&138.83542787873043|24468&4&574.8333761255508|24471&4&95.87413460612602|24472&4&428.28688706553595|24475&4&45.6430989835053|24477&4&550.5123359490691|24480&4&314.21016972651154|24490&4&39.934909635065075|24494&4&54.96481370158878|24498&4&235.8818954298451|24499&4&29.992553258082907|24500&4&36.844040005580915|24505&4&91.19801779363847|24511&4&58.012510262637704|24512&4&251.31706820666008|24513&4&20.89380298457099,2|24401&4&36.94055282315483|24402&4&715.0645603194623|24409&4&1516.9859082431637|24410&4&60.688909752766655|24416&4&84.32468228279706|24422&4&115.7938729488082|24423&4&65.45746085708427|24455&4&440.0622597725786|24460&4&32.95561580996555|24463&4&526.5029886499354|24471&4&1.027085922747831|24478&4&118.95814403760536|24482&4&1103.024048111433|24486&4&794.5134344638952|24513&4&144.9307831617681|24516&4&24.082256432268075,2|24397&4&2.058826535898424|24407&4&399.45804570736374|24415&4&439.33364635506393|24416&4&190.14259439675916|24431&4&1499.2425187270694|24442&4&55.5842989294746|24443&4&760.493051277168|24445&4&845.5375420877214|24448&4&115.82091773979677|24450&4&986.650974916099|24453&4&1.2434497875801753E-14|24460&4&783.790654205262|24469&4&420.18843245233916|24473&4&127.36109757493492|24475&4&162.57214779438945|24480&4&5.811602196129066|24487&4&151.9927820507583|24494&4&543.6120218766491|24498&4&73.2554267768074|24509&4&74.53799160203289|24511&4&198.30122852824096,2|24404&4&1244.0555143541499|24410&4&575.5924300161766|24433&4&351.91940390784754|24435&4&641.9176115975534|24449&4&856.4171366990727|24455&4&507.0730332911784|24461&4&4.181491827094945|24466&4&325.3986992497621|24467&4&200.95822556916391|24473&4&217.1559934270415|24476&4&1106.0317923912942|24478&4&846.9276061866917|24479&4&716.6508395193241|24483&4&561.298422858875|24495&4&649.2776706139512|24496&4&134.4702853552389|24513&4&4.209269219694104|24515&4&42.221560529151176,2|24406&4&358.1437946707755|24410&4&101.27365382672723|24426&4&214.66628661127874|24428&4&758.5484985056253|24430&4&964.8632248757157|24432&4&672.0822855337102|24440&4&990.5122534232003|24442&4&1023.8274612071283|24444&4&429.37906256451123|24456&4&736.4440358854345|24471&4&336.1731466114945|24490&4&420.4265062577058|24505&4&3.9353934220134255,2|24399&4&1730.1519638024351|24412&4&1030.6568250298153|24418&4&408.34781043801814|24419&4&104.78627700847517|24420&4&285.8794690164572|24425&4&111.00435842068646|24427&4&345.8667271963586|24432&4&322.44959552186356|24436&4&208.22044592896322|24441&4&490.84506070759903|24446&4&0.0|24455&4&106.8206202604853|24457&4&543.6182874521656|24461&4&437.8744437406932|24464&4&344.81860112010645|24465&4&235.211064928731|24472&4&19.850569333351416|24475&4&168.3529944192958|24483&4&389.8520935284157|24485&4&122.4160660803559|24489&4&794.4498298942241|24493&4&1154.394838920855|24497&4&33.605390040104|24498&4&6.304687917396111|24509&4&33.89054126928279|24511&4&9.455049399190573|24512&4&-1.1546319456101628E-14|24516&4&40.606389984633665,2|24411&4&515.4556239392808|24421&4&449.46486200764593|24429&4&183.6880206188158|24437&4&722.1400677468048|24443&4&307.5061160612747|24446&4&1607.2183540112578|24449&4&118.17632496311118|24451&4&1612.6087450746058|24453&4&1283.086191008829|24472&4&782.9871335193961|24477&4&271.21950542357655|24483&4&345.91302697738|24485&4&33.17432597351881|24490&4&51.239156902745954|24498&4&11.964878140276415|24513&4&41.413839104517145,2|24398&4&754.9881233582983|24403&4&460.71977088599897|24418&4&488.1139578996975|24422&4&345.8469406692689|24423&4&1301.3972976860068|24424&4&964.7531973654095|24438&4&747.0481241614857|24481&4&117.8112883230064|24484&4&904.021667442589|24488&4&1205.8067876577084|24495&4&120.81190846997231|24497&4&71.01505601940393|24498&4&-5.329070518200751E-15|24500&4&73.26084186656381|24505&4&92.62184514702719|24507&4&148.96789647439263|24509&4&34.48151028808916,2|24399&4&7.792490952570601|24400&4&853.8481150391785|24405&4&651.7066265368056|24410&4&100.64390124713246|24413&4&667.7995404542526|24414&4&652.8991905553692|24415&4&427.94577588094137|24419&4&791.684596582681|24435&4&319.6618396830803|24459&4&385.34441041803734|24467&4&1036.0951752658486|24470&4&235.2378176358408|24485&4&165.4629345730805|24490&4&11.407152008660418|24491&4&1199.1391194917671|24494&4&155.30308464267534|24496&4&38.25999337976748|24504&4&19.33886741733431
135|4,130,1,1,1,1,1,1,1,1,1,1,1,1,1,1,1,1,1,1,1,1,1,1,1,1,1,1,1,1,1,1,1,1,1,1,1,1,1,1,1,1,1,1,1,1,1,1,1,1,1,1,1,1,1,1,1,1,1,1,1,1,1,1,1,1,1,1,1,1,1,1,1,1,1,1,1,1,1,1,1,1,1,1,1,1,1,1,1,1,1,1,1,1,1,1,1,1,1,1,1,1,0,0,0,0,0,0,0,0,0,0,0,0,0,0,0,0,0,0,0,0,2|24397&4&231.45804148136475|24400&4&26.47593139377387|24401&4&345.68428019779026|24408&4&482.8767469494226|24416&4&966.1427532702322|24426&4&495.42400679218554|24427&4&516.1989525635262|24429&4&897.6908319086663|24430&4&31.837114822166555|24434&4&1699.0395037406092|24436&4&453.7614782691514|24448&4&330.48267307976346|24450&4&15.873702341713944|24452&4&131.2332435611595|24458&4&34.07026623672376|24461&4&871.0339468636643|24465&4&813.7634923892833|24479&4&316.69425973680575|24485&4&778.3997067298294,2|24400&4&96.82384083453232|24401&4&107.50352541229779|24403&4&120.59184065682962|24405&4&22.851737470436056|24417&4&1594.111107556939|24422&4&157.48551109517666|24423&4&228.57337649042506|24432&4&529.6742826335521|24439&4&498.71141399935215|24447&4&179.030137463728|24452&4&638.2232089775284|24454&4&1208.057325736759|24455&4&98.60803796588459|24459&4&64.37981571895143|24460&4&12.714274074904555|24462&4&562.4888179147919|24467&4&148.0221760280583|24468&4&694.230257648045|24471&4&74.28203486843978|24472&4&385.4485401360789|24475&4&42.31349051199331|24477&4&600.7943231932566|24480&4&425.3187865015268|24490&4&32.05332177893068|24494&4&208.25619477633836|24498&4&257.61882472282315|24499&4&38.42959496216341|24500&4&30.85396699094342|24505&4&163.12139277409938|24511&4&48.953525110721124|24512&4&264.6456468834948|24513&4&15.670352238428235,2|24401&4&23.660579391793892|24402&4&702.6526090385761|24409&4&1610.4829030796373|24410&4&40.921196506936994|24416&4&64.06038063038783|24422&4&88.86592869989042|24423&4&39.51671989670566|24455&4&414.26142171809175|24460&4&17.038727001513486|24463&4&482.91103169283645|24466&4&48.834948112915335|24471&4&0.5135429613739243|24478&4&317.63135179968185|24482&4&1106.96422774958|24486&4&854.2441048081757|24513&4&169.7282280260461|24516&4&46.96844686798925,2|24397&4&1.9301498774047725|24407&4&385.12728812462063|24415&4&418.9923154637871|24416&4&167.45300752016797|24431&4&1530.4213128104852|24442&4&31.083240553181223|24443&4&796.2389038225917|24445&4&769.6625260528517|24448&4&99.09395472353012|24450&4&1070.3628777343404|24460&4&755.0949680570775|24469&4&393.926655424068|24473&4&403.05756451679895|24475&4&152.31919864240587|24480&4&0.6087010942901429|24487&4&135.87916749693935|24494&4&504.21518365772556|24498&4&63.70655084636901|24509&4&61.692016656921155|24511&4&221.113159627721,2|24404&4&1164.8534453597904|24410&4&536.4072508660843|24433&4&341.72113952416726|24435&4&584.935241922651|24449&4&799.3679726766977|24455&4&467.2924089463422|24461&4&3.8113832815558024|24466&4&306.84831945465527|24467&4&152.60909946648295|24473&4&181.30715572227618|24476&4&1009.2875714501386|24478&4&754.0197282878789|24479&4&667.4421289525061|24483&4&518.8106444069798|24495&4&745.6042398723005|24496&4&104.66463761236528|24513&4&1.4688330973869939|24515&4&36.59959710902707,2|24406&4&332.9751650793596|24410&4&90.3406344504823|24426&4&183.3900471097951|24428&4&724.1988932376087|24430&4&992.0073098571154|24432&4&572.116533004019|24440&4&1001.2885051295451|24442&4&931.1939605210264|24444&4&445.4342125718209|24456&4&670.8368941446723|24471&4&315.54405296968855|24490&4&421.94743402880067|24505&4&1.3758468654558782,2|24399&4&1944.882242519182|24412&4&1098.0540927830305|24418&4&492.3481455714959|24419&4&76.6107033859511|24420&4&259.9468329496922|24425&4&104.47469027829314|24427&4&398.48569563487786|24432&4&301.65630316081786|24436&4&325.5956690354229|24441&4&446.2304596843551|24455&4&87.21435079781196|24457&4&507.36436442038104|24461&4&364.94732054646516|24464&4&312.8557706209092|24465&4&195.6050579289843|24472&4&6.256701844378383|24475&4&144.93183334951377|24483&4&392.13679035009307|24485&4&99.10266501834587|24489&4&925.4231024067858|24493&4&1138.7414544330609|24497&4&31.71303663665501|24498&4&4.728515938047081|24509&4&31.85109294649941|24511&4&4.916189663116207|24516&4&33.442626422732324,2|24411&4&464.97222381559044|24419&4&59.94699153765856|24421&4&537.3757770869236|24429&4&141.06015890449135|24437&4&802.1968893319292|24443&4&246.00461480142957|24446&4&1568.6118551077195|24449&4&91.6273435913121|24451&4&1572.2771217585619|24453&4&1381.7891598030349|24472&4&951.0538437817813|24477&4&213.50855390829997|24483&4&282.41246254390046|24485&4&16.09823387048863|24490&4&26.71394371759326|24498&4&7.686336997809963|24513&4&35.91017625391787,2|24398&4&692.5280410645864|24403&4&487.2375508958092|24418&4&426.388897225876|24422&4&326.40934701651645|24423&4&1199.6593769206213|24424&4&1059.9244301651756|24438&4&701.0939515089369|24481&4&131.94961360133843|24484&4&975.1033196371791|24488&4&1121.9399639898063|24495&4&88.44264957351854|24497&4&57.949265172263836|24500&4&63.55981720467488|24505&4&78.29570194443846|24507&4&131.88825590201535|24509&4&32.6666939571371,2|24399&4&-7.815970093361102E-14|24400&4&943.4037331766576|24405&4&611.660407575687|24410&4&87.36434093830849|24413&4&602.0837986259003|24414&4&601.2821392811929|24415&4&368.6570164522261|24419&4&738.4829405602151|24435&4&281.88182492055165|24459&4&334.4532565738619|24467&4&946.297906260295|24470&4&354.8190791673219|24485&4&143.74891631614008|24490&4&9.981258007577868|24491&4&1273.4865787459044|24494&4&121.69352354117555|24496&4&33.477494207296544|24504&4&17.319230507188806
136|4,130,1,1,1,1,1,1,1,1,1,1,1,1,1,1,1,1,1,1,1,1,1,1,1,1,1,1,1,1,1,1,1,1,1,1,1,1,1,1,1,1,1,1,1,1,1,1,1,1,1,1,1,1,1,1,1,1,1,1,1,1,1,1,1,1,1,1,1,1,1,1,1,1,1,1,1,1,1,1,1,1,1,1,1,1,1,1,1,1,1,1,1,1,1,1,1,1,1,1,1,1,0,0,0,0,0,0,0,0,0,0,0,0,0,0,0,0,0,0,0,0,2|24397&4&199.27876582941042|24400&4&10.987622260162361|24401&4&321.02926361036634|24408&4&434.6483039006773|24416&4&1014.4916049008716|24426&4&461.02308784992124|24427&4&449.53598454554333|24429&4&1032.4582955279604|24430&4&13.507053003312471|24434&4&1856.585710429512|24436&4&389.71920551734524|24448&4&309.2873807317788|24450&4&5.198716173692519|24452&4&110.6679116601026|24458&4&31.083599818353555|24461&4&817.3808075929979|24465&4&790.5036484434022|24479&4&260.7777878421783|24485&4&720.5921640338535,2|24400&4&72.97152257600465|24401&4&102.1283491416829|24403&4&94.64908659351431|24405&4&17.02845082208559|24417&4&1612.2285720029358|24422&4&330.54076582730454|24423&4&289.37120508675116|24432&4&658.8380837154893|24439&4&456.5332860258309|24447&4&158.73015179446156|24452&4&596.1012981197857|24454&4&1179.0366451294717|24455&4&208.25316725643802|24459&4&261.2845334545245|24460&4&8.476182716603027|24462&4&708.8692613174824|24467&4&427.9454354563054|24468&4&620.6891640888452|24471&4&52.689935130753554|24472&4&342.61019320662206|24475&4&38.983882040481305|24477&4&738.8032295828368|24480&4&494.69368946972037|24485&4&57.501024541701554|24490&4&24.171733922796292|24494&4&206.0973080229038|24498&4&278.9125044889531|24499&4&33.76416168399035|24500&4&24.863893976305917|24505&4&192.05962010912054|24511&4&39.89453995880455|24512&4&277.27533918099004|24513&4&10.44690149228548,2|24401&4&15.432350585952488|24402&4&636.8444095473951|24409&4&1764.676876803531|24410&4&23.154746973647754|24413&4&81.80253267131934|24416&4&44.41473539261493|24422&4&61.93798445097265|24423&4&13.582884511066016|24455&4&388.4605836636048|24460&4&3.7521338414429084|24463&4&439.31907473573744|24466&4&110.41413341258931|24471&4&3.774758283725532E-15|24478&4&386.68727669131835|24482&4&1110.3371107399141|24486&4&914.3884334387549|24500&4&15.428827346337243|24513&4&159.94143814856636|24516&4&68.7523021233498,2|24397&4&1.8014732189111209|24407&4&750.9086818865636|24415&4&458.55262508679965|24416&4&144.76342064357678|24431&4&1731.7867920394483|24442&4&13.333512729527012|24443&4&985.6528230189903|24445&4&693.7875100179818|24448&4&82.36699170726347|24450&4&1034.2964578152457|24460&4&774.190780206631|24469&4&367.6648783957968|24473&4&558.5770005066904|24475&4&142.0662494904223|24480&4&4.218847493575595E-15|24487&4&119.76555294312041|24494&4&464.81834543880194|24498&4&54.15767491593061|24509&4&50.012139119331835|24511&4&243.4301523946851,2|24404&4&1343.4713283071214|24410&4&533.5949046930455|24433&4&452.28945767418577|24435&4&527.9528722477485|24449&4&742.3188086543225|24455&4&427.511784601506|24461&4&3.44127473601666|24466&4&288.29793965954843|24467&4&108.83604198436973|24473&4&145.45831801751086|24476&4&959.2045094595851|24478&4&662.2685487065338|24479&4&926.8114911938985|24483&4&476.32286595508464|24495&4&713.8485140124978|24496&4&74.85898986949167|24513&4&9.325873406851315E-15|24515&4&30.977633688902962,2|24406&4&307.8065354879437|24410&4&79.40761507423738|24426&4&152.11380760831142|24428&4&788.1614325437622|24430&4&1217.5621933927098|24432&4&487.6477366259353|24440&4&916.5115592531612|24442&4&838.5604598349244|24444&4&472.908602375751|24456&4&607.5016413111604|24471&4&370.7400534496041|24490&4&566.8904295244672|24492&4&32.13455016656182|24505&4&-9.325873406851315E-15,2|24399&4&1793.8863278274907|24412&4&1124.8616014813358|24418&4&501.2729846455718|24419&4&48.43512976342704|24420&4&234.01419688292714|24425&4&97.94502213589982|24427&4&376.98315862171177|24432&4&280.86301079977216|24436&4&434.14003123562674|24441&4&419.84037264339975|24455&4&67.60808133513862|24457&4&471.9286562429056|24461&4&295.2645074797848|24464&4&280.8929401217119|24465&4&164.74492148327184|24472&4&3.730349362740526E-14|24475&4&121.51067227973171|24483&4&556.975136788514|24485&4&75.78926395633584|24489&4&848.732511803024|24493&4&1034.3744696922317|24497&4&29.82068323320602|24498&4&3.152343958698051|24509&4&29.811644623716028|24511&4&1.7068661120660376|24516&4&27.417538776446378,2|24411&4&414.48882369190005|24419&4&294.21594019427613|24421&4&494.0363458955596|24429&4&98.54510196206232|24437&4&739.1118816485503|24442&4&263.00253867301683|24443&4&184.50311354158433|24446&4&1714.9396511570471|24449&4&67.40074310441278|24451&4&1502.038976067358|24453&4&1448.0757931314427|24472&4&1076.2056339768021|24477&4&161.43002367931058|24483&4&218.91189811042074|24485&4&4.431137781385358|24490&4&9.042164185756535|24498&4&3.4077958553435126|24513&4&30.4065134033186,2|24398&4&636.9964332045945|24403&4&510.0011290507509|24418&4&368.5863541863543|24422&4&306.971753363764|24423&4&1097.9214561552358|24424&4&975.1260987384976|24438&4&689.5691303761548|24481&4&124.605493948706|24484&4&930.4200101729718|24488&4&1025.7365105988358|24495&4&65.677615918491|24497&4&46.21164383556614|24500&4&53.85879254278595|24505&4&63.969558741849724|24507&4&115.97089716855848|24509&4&30.851877626185036,2|24400&4&928.9646535136947|24405&4&608.2166901687222|24410&4&74.08478062948451|24413&4&541.9177280212323|24414&4&549.665088007017|24415&4&312.2283688009346|24419&4&686.2770022764807|24435&4&244.10181015802297|24459&4&283.5621027296864|24467&4&856.5006372547416|24470&4&356.5666235983548|24485&4&122.03489805919966|24490&4&8.555364006495317|24491&4&1410.895134036584|24494&4&93.43504472287808|24496&4&47.86907109196156|24504&4&15.299593597043298
137|4,130,1,1,1,1,1,1,1,1,1,1,1,1,1,1,1,1,1,1,1,1,1,1,1,1,1,1,1,1,1,1,1,1,1,1,1,1,1,1,1,1,1,1,1,1,1,1,1,1,1,1,1,1,1,1,1,1,1,1,1,1,1,1,1,1,1,1,1,1,1,1,1,1,1,1,1,1,1,1,1,1,1,1,1,1,1,1,1,1,1,1,1,1,1,1,1,1,1,1,1,1,0,0,0,0,0,0,0,0,0,0,0,0,0,0,0,0,0,0,0,0,2|24397&4&167.09949017745612|24400&4&7.460698725481052E-14|24401&4&296.3742470229423|24408&4&386.41986085193196|24416&4&962.7588594123397|24426&4&435.4129153821817|24427&4&382.8730165275605|24429&4&1072.1620900087155|24430&4&4.77778758703966|24434&4&1869.3750167760375|24436&4&333.5633498251634|24448&4&333.1292007488094|24450&4&4.618527782440651E-14|24452&4&92.4498724931812|24458&4&28.09693339998335|24461&4&946.739351851057|24465&4&820.0798879914817|24479&4&208.67545490146202|24485&4&662.7846213378775,2|24400&4&49.11920431747696|24401&4&133.03534460986046|24403&4&70.34187336727122|24405&4&11.205164173735124|24417&4&1676.250793340063|24422&4&457.1973415805494|24423&4&592.5885969292503|24432&4&678.1207145368373|24437&4&113.38236989685936|24439&4&539.1731252153994|24447&4&0.0|24452&4&553.979387262043|24454&4&1146.4165460886866|24455&4&197.5939887987014|24459&4&247.95985700486688|24460&4&4.2380913583014985|24462&4&661.1061690996162|24467&4&903.9735288311908|24468&4&558.5476472179366|24471&4&31.09783539306732|24472&4&299.7718462771651|24475&4&35.654273568969316|24477&4&689.6026237906117|24480&4&459.70013776693906|24485&4&54.62597331461647|24490&4&16.290146066661904|24494&4&194.79086001492888|24498&4&260.8109365440706|24499&4&29.314212280320707|24500&4&21.969719640089117|24505&4&215.54724526319802|24511&4&30.835554806887977|24512&4&272.0914474574301|24513&4&5.223450746142726,2|24401&4&7.716175292976247|24402&4&571.0362100562144|24409&4&1937.4196152640359|24410&4&11.602453970878935|24413&4&130.30635258778534|24416&4&29.49875626383907|24422&4&42.61656266951692|24423&4&0.0|24455&4&362.65974560911786|24460&4&-6.217248937900877E-15|24463&4&395.7271177786384|24466&4&0.0|24468&4&26.418882549145497|24478&4&405.5540498312954|24482&4&1310.51421096676|24486&4&828.289591376795|24500&4&42.94507623261649|24513&4&150.15464827108661|24516&4&88.77353903600243,2|24397&4&1.6727965604174693|24407&4&693.143896925505|24415&4&670.1193900979115|24416&4&122.07383376698559|24431&4&1720.1866337772192|24442&4&4.187688084823741|24443&4&1053.4315699440576|24445&4&635.6240914436968|24448&4&65.64002869099681|24450&4&956.363185972367|24460&4&760.423415202469|24469&4&341.4031013675256|24473&4&649.4992677545824|24475&4&177.49872659554686|24487&4&103.65193838930146|24494&4&425.4215072198784|24498&4&44.608798985492214|24509&4&39.486383732523144|24511&4&264.5068347215483,2|24404&4&1331.8332361412363|24410&4&730.1966998077783|24433&4&438.4034586242766|24435&4&478.2865690948782|24449&4&700.7516534576982|24455&4&387.73116025666985|24461&4&3.071166190477518|24466&4&0.0|24467&4&70.08903869433233|24473&4&123.67615702301907|24476&4&1069.6430048955303|24478&4&574.5966577261302|24479&4&927.8163037354976|24483&4&433.8350875031896|24495&4&730.2611059097597|24496&4&45.05334212661806|24515&4&25.35567026877885,2|24406&4&282.63790589652774|24410&4&68.47459569799246|24426&4&120.83756810682777|24428&4&734.5873181933637|24430&4&1214.5074921705334|24432&4&406.9544203366287|24440&4&832.5057414136706|24442&4&745.9269591488226|24444&4&461.16501211074984|24456&4&544.1663884776486|24471&4&473.8818660467207|24490&4&828.6613075460115|24492&4&140.58491350819781|24494&4&49.7496917263164,2|24399&4&1693.6969581198855|24412&4&1184.4540710588144|24418&4&486.3109970449151|24419&4&24.555979583801147|24420&4&244.09722758884396|24425&4&91.4153539935065|24427&4&355.4806216085457|24432&4&260.06971843872645|24436&4&458.080087398954|24441&4&603.373023093068|24455&4&53.3516910227911|24457&4&575.7049580878022|24461&4&225.5816944131044|24464&4&248.93010962251466|24465&4&133.88478503755937|24475&4&98.08951120994965|24483&4&807.4258068476088|24485&4&52.47586289432583|24489&4&775.5882857773423|24493&4&1011.2083146966701|24497&4&27.92832982975703|24498&4&1.5761719793490208|24509&4&27.77219630093264|24511&4&1.199040866595169E-14|24516&4&22.67212497610322,2|24411&4&364.00542356820966|24419&4&552.591643428749|24421&4&450.6969147041956|24429&4&65.07014469950164|24437&4&676.026873965171|24442&4&453.15358335756355|24443&4&133.65216327074563|24446&4&1641.3063280083343|24449&4&44.28158711750059|24451&4&1491.9432013237988|24453&4&1486.8109806284733|24459&4&73.17622064670178|24472&4&1167.2739333895138|24477&4&314.65541990131265|24483&4&157.4910724306959|24485&4&167.85888470387562|24490&4&1.0658141036401503E-14|24497&4&9.18301607906858|24498&4&2.398081733190338E-14|24513&4&24.902850552719322,2|24398&4&581.5490902077664|24403&4&473.13502428151355|24418&4&314.88264102138413|24422&4&287.5341597110115|24423&4&996.1835353898502|24424&4&1008.035005506032|24438&4&642.8357117717298|24481&4&117.26137429607357|24484&4&1086.9097654287689|24488&4&929.5330572078649|24495&4&46.37186995763906|24497&4&35.984743431619236|24500&4&44.15776788089702|24505&4&49.643415539260985|24507&4&101.362461965113|24509&4&29.037061295232974,2|24400&4&1124.9040734323357|24405&4&620.8701335623163|24410&4&60.80522032066054|24413&4&486.7689033847677|24414&4&498.04803673284084|24415&4&258.55201229626107|24419&4&634.0710639927462|24435&4&206.3217953954943|24459&4&233.5078268699408|24467&4&766.7033682491881|24470&4&320.2439571234738|24485&4&100.32087980225924|24490&4&7.129470005412766|24491&4&1376.3216699877837|24494&4&68.91449383434136|24496&4&220.6817997014673|24504&4&13.279956686897794
138|4,130,1,1,1,1,1,1,1,1,1,1,1,1,1,1,1,1,1,1,1,1,1,1,1,1,1,1,1,1,1,1,1,1,1,1,1,1,1,1,1,1,1,1,1,1,1,1,1,1,1,1,1,1,1,1,1,1,1,1,1,1,1,1,1,1,1,1,1,1,1,1,1,1,1,1,1,1,1,1,1,1,1,1,1,1,1,1,1,1,1,1,1,1,1,1,1,1,1,1,1,1,0,0,0,0,0,0,0,0,0,0,0,0,0,0,0,0,0,0,0,0,2|24397&4&134.92021452550182|24401&4&271.7192304355184|24408&4&378.4742804021147|24416&4&946.7797892235213|24426&4&493.09533611812304|24427&4&321.35106876510736|24429&4&1001.1882867413494|24430&4&-3.375077994860476E-14|24434&4&1759.4786091351225|24436&4&280.70529646976263|24448&4&402.15168324062563|24452&4&74.23183332625982|24458&4&49.76785622472141|24461&4&1294.0897777599457|24465&4&762.73639743803|24479&4&161.91685575947065|24485&4&604.9770786419016,2|24400&4&25.266886058949275|24401&4&222.7569386553061|24403&4&48.92333770170768|24405&4&5.381877525384659|24417&4&1779.7093984771946|24422&4&432.8025151497658|24423&4&690.5869970006252|24432&4&970.3380191166367|24437&4&107.7132514020164|24439&4&537.5891421932716|24452&4&633.658076622253|24454&4&1362.7202206202182|24455&4&186.9348103409648|24459&4&234.63518055520927|24460&4&-3.019806626980426E-14|24462&4&638.6703026378334|24467&4&1043.4520843437735|24468&4&507.1067964825297|24471&4&15.497446604522688|24472&4&256.9334993477081|24475&4&32.32466509745731|24477&4&640.4020179983866|24480&4&427.83929112656824|24485&4&51.75092208753139|24490&4&8.408558210527513|24494&4&183.48441200695396|24498&4&242.70936859918808|24499&4&24.864262876651065|24500&4&20.528105760320198|24505&4&240.04013428377976|24511&4&21.776569654971404|24512&4&302.731851419965|24513&4&-2.8421709430404007E-14,2|24401&4&5.329070518200751E-15|24402&4&557.515304293015|24409&4&2094.6861133752946|24410&4&7.0726965106894975|24413&4&123.58652862671778|24416&4&14.582777135063253|24422&4&30.75489378756359|24455&4&336.85890755463095|24463&4&378.5780986794814|24468&4&229.65589090290771|24478&4&600.6189868102364|24482&4&1335.5640190536024|24486&4&954.6942170185291|24498&4&125.7250173235177|24500&4&40.75925035261982|24513&4&140.36785839360687|24516&4&83.94741197372264,2|24397&4&1.5441199019238177|24407&4&639.9038893537743|24415&4&769.0608596305381|24416&4&99.3842468903944|24431&4&1805.5770012968787|24442&4&-1.7763568394002505E-15|24443&4&1172.4525905633925|24445&4&644.4765716855652|24448&4&48.91306567473016|24450&4&928.9424100150331|24460&4&922.795238701693|24469&4&315.1413243392544|24473&4&612.931363804832|24475&4&236.83026954874902|24487&4&87.53832383548252|24494&4&386.02466900095476|24498&4&35.05992305505383|24509&4&30.13950803404937|24511&4&285.52860493748364,2|24404&4&1345.063007972823|24410&4&677.3125982131493|24433&4&535.4075590190912|24435&4&696.4343835066544|24449&4&642.9283889940358|24455&4&347.9505359118337|24461&4&2.7010576449383756|24467&4&37.119708575566996|24473&4&101.8939960285272|24476&4&967.3378538373761|24478&4&489.4225359510346|24479&4&859.8965681908279|24483&4&391.34730905129436|24495&4&854.6409854148815|24496&4&20.190852596348904|24515&4&19.73370684865474,2|24406&4&257.46927630511186|24410&4&57.541576321747534|24426&4&89.5613286053441|24428&4&857.3554683708549|24430&4&1167.4050631956268|24432&4&327.26754760004997|24440&4&893.1799328806815|24442&4&653.2934584627207|24444&4&625.9971657573858|24456&4&480.8311356441367|24471&4&484.02429057266176|24474&4&9.815133425808568|24490&4&846.1383872612955|24492&4&133.4753314573715|24494&4&47.26220714000058,2|24399&4&1803.2894477292089|24412&4&1189.8228665157806|24418&4&647.3298966144085|24419&4&12.391619393276384|24420&4&319.0754212301761|24425&4&129.87616120665788|24427&4&508.16084463454314|24432&4&239.27642607768075|24436&4&604.6370888884176|24441&4&635.2228067539208|24455&4&39.095300710443546|24457&4&539.8112394932432|24461&4&158.87661182812815|24464&4&278.60863876816995|24465&4&104.39247877780276|24475&4&75.70533046605553|24483&4&970.5095538128608|24485&4&29.162461832315802|24489&4&704.0446676470206|24493&4&1127.9512201590705|24497&4&26.03597642630804|24498&4&-9.325873406851315E-15|24509&4&25.732747978149256|24516&4&17.926711175760058,2|24403&4&8.405536774987581|24411&4&313.5220234445193|24419&4&628.3003321100309|24421&4&410.5839863148805|24429&4&39.95827359747292|24437&4&620.1528934532464|24442&4&559.0564065181138|24443&4&89.4201097216325|24446&4&1587.6821265884496|24449&4&26.906222034798066|24451&4&1363.2610986587677|24453&4&1613.058607377142|24459&4&79.32389043387913|24472&4&1096.2300024914734|24477&4&456.5274001410386|24483&4&106.87878531342086|24485&4&165.711159781969|24497&4&35.35347010386523|24513&4&40.444190529829186,2|24398&4&526.1017472109385|24403&4&436.2689195122761|24418&4&262.3742120024274|24422&4&268.09656605825904|24423&4&894.4456146244648|24424&4&1034.2653914533048|24438&4&596.1022931673052|24481&4&109.91725464344114|24484&4&1136.3335361307963|24488&4&833.3296038168941|24495&4&27.066123996787134|24497&4&27.3662926194254|24500&4&34.45674321900808|24505&4&35.31727233667225|24507&4&88.19893967485257|24509&4&27.22224496428091,2|24400&4&1270.7896937243966|24405&4&759.1276786002313|24410&4&47.525660011836564|24413&4&432.36825852092755|24414&4&446.4309854586648|24415&4&211.8560855189588|24419&4&581.8651257090117|24435&4&168.5417806329656|24459&4&188.4467586739133|24467&4&676.9060992436348|24470&4&333.92279943916833|24485&4&78.60686154531882|24490&4&5.703576004330214|24491&4&1257.517055656672|24494&4&47.583579245808096|24496&4&371.68738362611384|24504&4&11.26031977675229
139|4,130,1,1,1,1,1,1,1,1,1,1,1,1,1,1,1,1,1,1,1,1,1,1,1,1,1,1,1,1,1,1,1,1,1,1,1,1,1,1,1,1,1,1,1,1,1,1,1,1,1,1,1,1,1,1,1,1,1,1,1,1,1,1,1,1,1,1,1,1,1,1,1,1,1,1,1,1,1,1,1,1,1,1,1,1,1,1,1,1,1,1,1,1,1,1,1,1,1,1,1,1,0,0,0,0,0,0,0,0,0,0,0,0,0,0,0,0,0,0,0,0,2|24397&4&102.74093887354749|24401&4&247.0642138480944|24408&4&396.72168629810636|24416&4&958.2259852250983|24420&4&122.7959574582197|24426&4&683.3751557029013|24427&4&261.7143109983865|24429&4&1171.1379106434233|24434&4&1759.1570416969055|24436&4&233.41560999155664|24448&4&375.9596702423713|24452&4&57.564913229150356|24458&4&138.29828647628966|24461&4&1502.090413628856|24465&4&923.6221234817853|24479&4&121.08361591188392|24485&4&547.1695359459256|24489&4&23.305980982634594,2|24400&4&9.060895328018756|24401&4&210.72210985260156|24403&4&30.81357596312847|24405&4&-2.3092638912203256E-14|24417&4&1638.4813423419062|24422&4&408.4076887189821|24423&4&750.6508393227789|24432&4&1211.7786151956884|24437&4&160.09059511267537|24439&4&626.0110759166544|24447&4&95.78883660174273|24452&4&585.4461357536127|24454&4&1352.3416877667453|24455&4&191.49790110316616|24459&4&221.31050410555167|24462&4&583.547489146791|24467&4&1163.8045320341048|24468&4&456.2257943099674|24471&4&4.587642158685339|24472&4&216.02865959273984|24475&4&28.99505662594532|24477&4&591.2014122061612|24480&4&395.9784444861974|24485&4&48.87587086044631|24490&4&3.948954856441056|24494&4&172.177963998979|24498&4&224.60780065430555|24499&4&20.918472702013204|24500&4&19.08649188055127|24505&4&263.29715989878105|24511&4&12.717584503054834|24512&4&277.30143892370535,2|24402&4&596.1312447360201|24409&4&2153.1275901365416|24410&4&3.5363482553447607|24413&4&172.09070162727772|24416&4&4.49451092267179|24422&4&18.893224905610285|24455&4&311.0580695001441|24463&4&370.44118812755175|24468&4&310.15365122542516|24478&4&678.799079574575|24482&4&1218.4208322228749|24486&4&885.6671671629492|24498&4&146.43363743010352|24500&4&56.296319288339284|24513&4&130.5810685161271|24516&4&104.16203117064498,2|24397&4&92.22326518984187|24407&4&586.6638817820437|24415&4&929.2586166802478|24416&4&76.69466001380322|24431&4&1737.6607178505842|24443&4&1089.4737997762359|24445&4&714.1963720810228|24448&4&32.18610265846351|24450&4&858.1198224043326|24460&4&1064.5250690449323|24469&4&288.87954731098324|24473&4&576.3634598550816|24475&4&223.47597268195707|24487&4&103.63486405549898|24494&4&346.62783078203114|24498&4&25.511047124615427|24509&4&21.941465436351955|24511&4&306.14779004886964,2|24404&4&1219.7033080429203|24410&4&624.4284966185203|24433&4&493.1512478363646|24435&4&885.639477706629|24449&4&664.2414643725983|24455&4&308.1699115669975|24461&4&2.3309490993992337|24467&4&11.74455179594973|24473&4&80.11183503403531|24476&4&954.1398018496373|24478&4&408.78231581781756|24479&4&896.0207335574487|24483&4&348.85953059939925|24495&4&796.2148719756192|24496&4&5.4579933245025165|24515&4&14.32320612060628,2|24406&4&321.15463148592744|24410&4&46.60855694550261|24426&4&61.082610920739725|24428&4&820.5038050044801|24430&4&1104.3583131612008|24432&4&258.7919250741156|24440&4&903.2721406281177|24442&4&560.6599577766187|24443&4&176.01320446942145|24444&4&584.8510634112213|24456&4&417.4958828106248|24464&4&131.8917529498409|24471&4&558.209719342796|24474&4&0.0|24490&4&782.0506677134549|24492&4&126.36574940654523|24494&4&96.89996632929301|24495&4&106.40284508459372|24512&4&39.96610810350632,2|24399&4&1676.5622566148604|24412&4&1126.8875633157957|24418&4&675.6265607966538|24419&4&4.6830176108522075|24420&4&291.03003392865554|24425&4&121.09696929648733|24427&4&681.2429485286777|24432&4&218.48313371663502|24436&4&653.770744359231|24441&4&687.6360914976203|24455&4&24.838910398095994|24457&4&496.48934679446444|24461&4&106.68568358420032|24464&4&245.32395590932666|24465&4&78.41393008980232|24475&4&53.454617319826745|24483&4&1134.5633925262791|24485&4&8.52966856166151|24489&4&632.5010495166985|24493&4&1021.6297131495484|24497&4&24.14362302285905|24509&4&23.693299655365873|24516&4&13.181297375416897,2|24403&4&7.985259936238203|24411&4&298.8544046773596|24419&4&707.8093653145017|24421&4&370.4710579255655|24422&4&81.83496531078634|24429&4&15.044675395863633|24437&4&564.2789129413218|24442&4&803.3415139519271|24443&4&56.06695317778271|24446&4&1658.234133508084|24449&4&10.425532872577264|24451&4&1315.298392049127|24452&4&89.80615598205753|24453&4&1718.7548370008749|24459&4&237.54141446243156|24472&4&1025.186071593433|24477&4&547.234735883245|24483&4&63.74704126728767|24485&4&450.7066017561425|24497&4&60.51733692610809|24513&4&63.30589673696477,2|24398&4&470.65440421411046|24403&4&399.4028147430388|24418&4&212.89073205427255|24422&4&248.65897240550657|24423&4&796.1714131281091|24424&4&1198.0462309629731|24438&4&549.3688745628806|24481&4&197.36267926427968|24484&4&1217.5414279422043|24488&4&737.1261504259235|24495&4&8.78847699748383|24497&4&20.04804169073688|24500&4&24.755718557119156|24505&4&25.38747617391655|24507&4&76.37941293272995|24509&4&25.40742863332885,2|24400&4&1253.6692037741843|24405&4&788.0681956372671|24410&4&34.24609970301259|24413&4&382.1779843821986|24414&4&394.8139341844887|24415&4&169.79793188958513|24419&4&529.6591874252774|24435&4&130.76176587043693|24459&4&151.7098915329097|24467&4&587.1088302380813|24470&4&506.6723664631804|24485&4&56.892843288378415|24490&4&4.277682003247663|24491&4&1142.020832069693|24494&4&29.961866425538155|24496&4&564.3327163460148|24504&4&9.240682866606784
140|4,130,1,1,1,1,1,1,1,1,1,1,1,1,1,1,1,1,1,1,1,1,1,1,1,1,1,1,1,1,1,1,1,1,1,1,1,1,1,1,1,1,1,1,1,1,1,1,1,1,1,1,1,1,1,1,1,1,1,1,1,1,1,1,1,1,1,1,1,1,1,1,1,1,1,1,1,1,1,1,1,1,1,1,1,1,1,1,1,1,1,1,1,1,1,1,1,1,1,1,1,1,0,0,0,0,0,0,0,0,0,0,0,0,0,0,0,0,0,0,0,0,2|24397&4&73.86935175795593|24401&4&222.40919726067045|24408&4&445.61767733887496|24416&4&878.1198661018396|24420&4&116.65615958530871|24426&4&632.421234601771|24427&4&209.0708049335967|24429&4&1286.1309803121444|24434&4&1816.4962873094664|24436&4&194.35153104689073|24448&4&387.01638107304683|24452&4&41.22693165669371|24458&4&328.1606284513694|24461&4&1673.2222899917947|24465&4&855.3671720984732|24479&4&84.1635201407481|24485&4&489.3619932499497|24489&4&140.27157508218184,2|24400&4&6.039613253960852E-14|24401&4&198.68728104989702|24403&4&12.703814224549244|24417&4&1534.4739134024858|24422&4&384.01286228819845|24423&4&810.6939370161842|24432&4&1327.0811079363928|24437&4&151.51915350755732|24439&4&688.3202463234443|24447&4&219.88190760797056|24452&4&537.2341948849723|24454&4&1324.3740343666148|24455&4&408.9730071549684|24459&4&207.98582765589407|24462&4&607.6966668850946|24467&4&1359.0608529995052|24468&4&405.3447921374051|24471&4&0.0|24472&4&180.20533188199332|24475&4&25.66544815443332|24477&4&542.0008064139361|24480&4&522.3702594127078|24485&4&46.00081963336123|24490&4&8.881784197001252E-16|24494&4&160.8715159910041|24498&4&206.50623270942305|24499&4&17.629804085340204|24500&4&17.644878000782345|24505&4&246.31215316390467|24511&4&8.892032642316567|24512&4&253.00080622447456,2|24402&4&780.7803856202789|24409&4&2163.545927206414|24410&4&2.398081733190338E-14|24413&4&339.8343269114884|24416&4&-3.552713678800501E-14|24422&4&7.631789586881814|24427&4&83.27732050441898|24435&4&69.66173027828654|24455&4&285.25723144565717|24463&4&323.6882246126522|24466&4&123.06881880393422|24468&4&381.11246230161356|24478&4&918.1065238546018|24482&4&1139.6696926797217|24486&4&949.8613757327279|24498&4&167.4739773475831|24500&4&81.84534648558021|24513&4&120.79427863864734|24516&4&126.56605747566613,2|24397&4&357.1379299137661|24407&4&533.4238742103131|24415&4&872.9688024242718|24416&4&54.00507313721204|24431&4&1674.5781923472155|24443&4&1006.4950089890788|24445&4&636.8214665681361|24448&4&17.18948935068855|24450&4&841.75846985712|24460&4&1007.4979360325943|24469&4&262.61777028271206|24473&4&749.0267805566406|24475&4&348.745462091844|24487&4&167.2249466181085|24494&4&307.2309925631076|24498&4&15.96217119417703|24509&4&14.940678803117962|24511&4&325.29741270025124,2|24404&4&1103.505364745253|24410&4&647.8910076963155|24433&4&497.45863553134217|24435&4&821.2295151094388|24449&4&650.8109674249683|24455&4&268.38928722216133|24461&4&1.9608405538600913|24467&4&7.460698725481052E-14|24473&4&58.329674039543434|24476&4&1012.0815438468858|24478&4&340.2145301970159|24479&4&822.8988029672142|24483&4&306.37175214750414|24495&4&737.7887585363567|24496&4&-3.730349362740526E-14|24515&4&21.281160572377352,2|24406&4&416.87757861545856|24410&4&35.67553756925769|24426&4&39.15541062997473|24428&4&755.1983799210248|24430&4&1007.8957864352315|24432&4&199.02381735185983|24440&4&909.4461432970284|24442&4&476.82200356457906|24443&4&236.19088240908917|24444&4&543.7049610650566|24456&4&389.47081520579167|24464&4&125.29716530234886|24471&4&520.0126724410328|24474&4&15.60543348279738|24490&4&717.9629481656145|24492&4&119.25616735571894|24494&4&196.94662122195706|24495&4&149.904319435162|24512&4&78.14690419800226,2|24399&4&1615.6623778102662|24412&4&1035.3201860694553|24418&4&691.4400362496121|24419&4&3.375077994860476E-14|24420&4&265.63879829310986|24425&4&189.71109806075208|24427&4&640.8665845680905|24432&4&197.6898413555893|24436&4&716.7205822221015|24441&4&755.7667438335147|24455&4&10.582520085748442|24457&4&475.60985707013884|24461&4&64.33630023265448|24464&4&218.8461068827517|24465&4&58.193355675720234|24475&4&31.203904173597973|24483&4&1164.3895431269823|24485&4&-1.4210854715202004E-14|24489&4&562.7565505474536|24493&4&1020.1390810644484|24497&4&22.25126961941006|24509&4&21.65385133258249|24516&4&8.435883575073735,2|24403&4&193.84361551479515|24404&4&185.79351841231562|24411&4&246.58021548584264|24419&4&904.0826807653558|24421&4&330.35812953625043|24422&4&162.0688570731948|24429&4&1.7763568394002505E-14|24437&4&511.2995785674067|24442&4&917.0762812775912|24443&4&29.880918721196316|24446&4&1874.9546641911336|24449&4&3.870089464674797|24451&4&1308.6074009713707|24452&4&103.14863774551418|24453&4&1633.0279413397034|24459&4&233.0971517336122|24472&4&954.1421406953928|24477&4&763.5146705541517|24483&4&32.399123958474924|24485&4&687.5914806019683|24497&4&84.71608192985877|24513&4&55.279102785024016,2|24398&4&415.20706121728244|24403&4&362.5367099738014|24418&4&165.9282075424453|24422&4&229.22137875275413|24423&4&699.1237458643755|24424&4&1109.1358687132665|24426&4&84.37205017208049|24438&4&502.6354559584557|24445&4&186.8261498002807|24481&4&0.0|24484&4&1262.7700825198172|24488&4&709.7375648231736|24495&4&4.263256414560601E-14|24497&4&14.054791614187636|24500&4&17.085185380392325|24505&4&16.987187021247728|24507&4&65.78688799851395|24509&4&23.592612302376786|24513&4&34.62460195861616,2|24400&4&1259.0808266881213|24405&4&725.2337204589793|24410&4&20.966539394188622|24413&4&332.8178935408781|24414&4&343.1968829103126|24415&4&134.36375174663218|24419&4&477.4532491415429|24435&4&92.98175110790824|24459&4&119.3820777325411|24467&4&497.3115612325279|24470&4&464.5350189284389|24471&4&78.70471565510576|24485&4&35.178825031438|24490&4&2.8517880021651116|24491&4&1257.534062265537|24494&4&16.034214706770477|24496&4&672.5447610778408|24504&4&8.514886267574337
141|4,130,1,1,1,1,1,1,1,1,1,1,1,1,1,1,1,1,1,1,1,1,1,1,1,1,1,1,1,1,1,1,1,1,1,1,1,1,1,1,1,1,1,1,1,1,1,1,1,1,1,1,1,1,1,1,1,1,1,1,1,1,1,1,1,1,1,1,1,1,1,1,1,1,1,1,1,1,1,1,1,1,1,1,1,1,1,1,1,1,1,1,1,1,1,1,1,1,1,1,1,1,0,0,0,0,0,0,0,0,0,0,0,0,0,0,0,0,0,0,0,0,2|24397&4&55.760355830675024|24401&4&197.75418067324648|24408&4&405.9853387860426|24416&4&1046.8707033902365|24420&4&110.51636171239772|24426&4&581.4673135006406|24427&4&159.6614754842153|24429&4&1352.5550185501345|24434&4&1669.172334711644|24436&4&155.28745210222473|24448&4&493.7999892756777|24452&4&26.365797383127713|24458&4&0.0|24461&4&1769.0659672412892|24465&4&789.9442489970505|24479&4&48.93888672475226|24485&4&431.55445055397377|24489&4&248.91716512759993,2|24401&4&236.15943705925724|24403&4&2.91052188176981|24417&4&1704.2307275670325|24422&4&359.61803585741484|24423&4&863.7403410369567|24432&4&1439.4384208111428|24437&4&142.94771190243927|24439&4&642.0273072949601|24447&4&208.64834013606765|24452&4&489.022254016332|24454&4&1214.7619732589487|24455&4&386.1079453377081|24459&4&194.66115120623647|24462&4&694.5689469832525|24467&4&1279.1947300536388|24468&4&360.49754524224426|24472&4&147.97206220695583|24475&4&22.335839682921325|24477&4&492.8002006217108|24480&4&483.67272948422885|24485&4&43.12576840627615|24494&4&149.56506798302914|24498&4&188.40466476454054|24499&4&26.83150534691375|24500&4&16.20326412101342|24505&4&229.32714642902826|24511&4&5.066480781578328|24512&4&229.80156635539038,2|24402&4&851.365227987136|24409&4&2295.441321823675|24413&4&497.6384781117575|24422&4&1.9259778384170523|24427&4&218.98504107371414|24435&4&217.36434042409581|24455&4&259.45639339117025|24463&4&503.506321183439|24466&4&116.9153778637375|24468&4&510.7310454048425|24478&4&976.7162243148445|24482&4&1110.533994268214|24486&4&979.6465436717691|24498&4&193.1222852240917|24500&4&77.34232597389656|24513&4&111.00748876116758|24516&4&138.83015419704867,2|24397&4&338.98967553396494|24407&4&480.1838666385825|24415&4&883.389692815763|24416&4&31.31548626062085|24431&4&1710.2221947344792|24443&4&923.5162182019219|24445&4&567.515781856892|24448&4&6.954894784894462|24450&4&757.1573679121684|24460&4&933.313287823853|24469&4&236.35599325444088|24473&4&813.626010989527|24475&4&461.7615961378767|24487&4&145.43511408284178|24494&4&267.83415434418396|24498&4&10.240390782900132|24509&4&9.170335257831555|24511&4&346.89969153130113,2|24403&4&104.89873165522579|24404&4&993.6368878715654|24410&4&757.8590106641868|24433&4&581.780524865007|24435&4&756.8195525122487|24449&4&586.6134067437874|24455&4&228.60866287732517|24461&4&1.590732008320949|24473&4&38.01009982063771|24476&4&1162.356696752105|24478&4&282.247677439018|24479&4&944.6568677581001|24483&4&263.8839736956089|24495&4&679.3626450970946|24507&4&0.12209409879608302|24515&4&29.593444339992114,2|24406&4&420.87373992698053|24410&4&24.74251819301277|24426&4&20.85241900241533|24428&4&690.2039375297563|24430&4&911.4332597092625|24432&4&144.48434656088594|24440&4&837.6167486570407|24442&4&404.87876327069444|24443&4&367.81015444420035|24444&4&502.55885871889205|24456&4&528.167484660895|24464&4&234.76765886215998|24470&4&192.00288615260536|24471&4&481.8156255392697|24474&4&115.60466815434351|24490&4&683.5328104499283|24492&4&112.14658530489265|24494&4&254.12292526778796|24495&4&244.0678756636292|24512&4&116.23047821917638,2|24399&4&1463.3694750328355|24412&4&943.7528088231144|24418&4&917.1856498091051|24420&4&241.0675459371518|24425&4&247.46509936744604|24427&4&600.4902206075033|24432&4&176.8965489945436|24436&4&758.4276384438792|24441&4&706.3201184444407|24455&4&2.87260440871499|24457&4&431.4573192527479|24461&4&34.2530596924287|24464&4&192.68021073045946|24465&4&37.97278126163818|24475&4&14.071979369117695|24483&4&1311.7397195530848|24489&4&493.01205157820846|24493&4&1051.1067287522096|24497&4&20.358916215961074|24509&4&19.614403009799105|24516&4&4.25637060899713,2|24403&4&184.10940705518044|24404&4&394.85464950679557|24411&4&416.09651729086545|24419&4&852.9030100481871|24421&4&295.6457012062432|24422&4&246.3418847913912|24437&4&458.3202441934915|24442&4&968.5193929550192|24443&4&9.762641788040158|24446&4&1883.8325547379077|24449&4&1.9350447323374178|24451&4&1496.6659946739794|24452&4&97.76669046828331|24453&4&1617.1338806417698|24459&4&388.03073440183294|24472&4&883.0982097973524|24477&4&740.893215452657|24483&4&9.960600325333022|24485&4&966.5456348131695|24497&4&80.21087094395997|24513&4&48.558033489477424,2|24398&4&393.1323784165602|24403&4&325.670605204564|24418&4&128.24361687321186|24422&4&209.7837851000017|24423&4&611.8231179977691|24424&4&1020.2255064635598|24426&4&99.06271767404837|24438&4&455.9020373540309|24445&4&247.3581403648395|24481&4&10.113158346893332|24484&4&1253.517560224279|24488&4&806.7818839547647|24497&4&9.381358709955537|24500&4&10.591420198935403|24505&4&10.176768569223267|24507&4&56.405182786498884|24509&4&21.777795971424723|24513&4&69.3750303035983,2|24400&4&1322.3153777584696|24405&4&713.6724405980824|24410&4&7.68697908536465|24413&4&287.865849261882|24414&4&503.129950953788|24415&4&101.75427015293117|24419&4&425.2473108578085|24435&4&70.06319928694519|24459&4&91.71504751343508|24467&4&895.0479733657239|24470&4&428.36682895460456|24471&4&148.50580632837872|24485&4&13.464806774497587|24487&4&113.59465485448962|24490&4&1.4258940010825605|24491&4&1381.3287561819354|24494&4&10.689476471180354|24496&4&709.2745660445967|24504&4&16.59206354778497|24505&4&36.4178558704715
142|4,130,1,1,1,1,1,1,1,1,1,1,1,1,1,1,1,1,1,1,1,1,1,1,1,1,1,1,1,1,1,1,1,1,1,1,1,1,1,1,1,1,1,1,1,1,1,1,1,1,1,1,1,1,1,1,1,1,1,1,1,1,1,1,1,1,1,1,1,1,1,1,1,1,1,1,1,1,1,1,1,1,1,1,1,1,1,1,1,1,1,1,1,1,1,1,1,1,1,1,1,1,0,0,0,0,0,0,0,0,0,0,0,0,0,0,0,0,0,0,0,0,2|24397&4&43.66789833750889|24401&4&173.09916408582254|24408&4&366.3530002332102|24416&4&1249.6131432918487|24420&4&182.82981717002394|24426&4&530.51339239951|24427&4&123.67463810627531|24429&4&1380.2139207420387|24434&4&1704.605946856649|24436&4&118.37484123442024|24448&4&480.47612024332795|24452&4&11.504663109561728|24461&4&1762.137965956576|24465&4&830.6670153800089|24479&4&25.92923267180656|24485&4&373.7469078579978|24489&4&358.0296739422049,2|24401&4&437.7360454023375|24403&4&2.4868995751603507E-14|24417&4&1765.3462791194056|24422&4&335.2232094266312|24423&4&931.3585462910273|24432&4&1498.5435578985239|24437&4&134.37627029732118|24439&4&626.3902550795074|24447&4&197.4147726641648|24452&4&440.81031314769166|24454&4&1105.1499121512827|24455&4&363.2428835204478|24459&4&181.33647475657887|24462&4&704.4743296124842|24467&4&1199.3286071077719|24468&4&320.00074012084247|24472&4&115.73879253191839|24475&4&19.00623121140933|24477&4&443.5995948294856|24480&4&444.97519955574984|24485&4&40.25071717919107|24494&4&138.2586199750542|24498&4&170.303096819658|24499&4&42.96988470377127|24500&4&14.761650241244492|24505&4&212.34213969415185|24511&4&2.5332403907891603|24512&4&207.6743665353808,2|24402&4&783.6236958668362|24409&4&2309.9314855717366|24413&4&528.4707167861536|24422&4&0.9629889192085218|24427&4&461.30405893252544|24435&4&327.1122968023667|24455&4&233.65555533668336|24463&4&457.3978978221713|24466&4&123.44202221606187|24468&4&573.2412361678247|24478&4&1047.478098066162|24482&4&988.2336384294663|24486&4&939.2785900165304|24498&4&202.25473752712097|24500&4&72.83930546221292|24513&4&101.22069888368785|24516&4&167.19888579270423,2|24397&4&320.84142115416375|24407&4&682.8042411227448|24415&4&823.7643433274135|24416&4&8.625899384029665|24431&4&1893.0165877494157|24443&4&840.5374274147648|24445&4&505.0726196408234|24448&4&4.636596523262972|24450&4&829.8918362955937|24460&4&859.9428294228992|24469&4&210.0942162261697|24473&4&844.9017807289913|24475&4&527.2923305889187|24487&4&127.58494021129201|24494&4&228.43731612526037|24498&4&4.518610371623232|24509&4&4.696439856317456|24511&4&334.3826192025091,2|24403&4&143.5497210664198|24404&4&892.4945373016116|24410&4&920.2019893297747|24433&4&638.323289390134|24435&4&692.4095899150587|24449&4&522.4158460626065|24455&4&188.82803853248896|24461&4&1.220623462781807|24473&4&24.01147612141306|24476&4&1228.676200009037|24478&4&235.19278868106508|24479&4&1181.6496334366975|24483&4&221.3961952437138|24495&4&620.9365316578322|24507&4&43.09834988994275|24515&4&46.98169575579375,2|24406&4&455.4565742086605|24410&4&13.809498816767848|24426&4&6.876418879445994|24428&4&625.2094951384878|24430&4&888.6332893906792|24432&4&95.38786483427418|24440&4&771.2128653744142|24442&4&336.5768055910194|24443&4&561.4313311461021|24444&4&461.4127563727275|24456&4&599.6705116242103|24464&4&222.36981715430278|24470&4&251.21291753016217|24471&4&447.441728849244|24474&4&109.78542116291935|24490&4&632.6241035374906|24492&4&105.03700325406636|24494&4&276.85085075449166|24495&4&236.72999199057398|24512&4&154.77915769608023,2|24399&4&1631.3987875055059|24412&4&926.6528833064754|24418&4&1001.8288020500416|24420&4&216.49629358119373|24425&4&233.13631597162882|24427&4&560.1138566469161|24432&4&156.1032566334979|24436&4&820.885724027023|24441&4&656.8734930553665|24455&4&1.436302204357519|24457&4&469.0839718600755|24461&4&13.693229501924808|24463&4&173.8657685821983|24464&4&171.67810313175747|24465&4&17.75220684755613|24475&4&3.6074568407369965|24482&4&254.3046400821088|24483&4&1230.3996303581325|24489&4&429.7844042031094|24493&4&999.1925611863792|24497&4&18.466562812512084|24509&4&17.574954687015722|24516&4&1.4261234480231006,2|24403&4&174.37519859556576|24404&4&627.3082004878996|24411&4&656.488428094123|24419&4&859.873822033449|24421&4&369.8233990702761|24422&4&277.0650099335668|24437&4&407.24303714690706|24442&4&1103.976891264862|24443&4&-1.7763568394002505E-14|24446&4&1894.5422370679921|24449&4&4.884981308350689E-15|24451&4&1610.461225615009|24452&4&250.31799416221685|24453&4&1622.6040795254844|24459&4&483.6794514262238|24472&4&885.1230421312321|24477&4&734.1877834269447|24483&4&0.0|24485&4&1207.0712930227214|24497&4&87.44224819522137|24513&4&43.24113387193895,2|24398&4&407.32418240910624|24403&4&288.80450043532676|24418&4&95.4059854524833|24422&4&190.34619144724923|24423&4&534.8145772164607|24424&4&931.3151442138529|24426&4&93.89865166491575|24438&4&425.73279329879756|24445&4&324.23032626163916|24458&4&108.61677476297189|24481&4&9.607500429548665|24484&4&1204.7880876732168|24488&4&896.5306577928271|24497&4&4.707925805723444|24500&4&6.090590651711017|24505&4&5.113417047046583|24507&4&47.02347757448382|24509&4&19.96297964047266|24513&4&104.08954347248198,2|24400&4&1274.4158891178695|24405&4&733.8031753844655|24410&4&5.5067062021407764E-14|24413&4&248.20903607655376|24414&4&492.7954260655596|24415&4&257.1935128259528|24419&4&374.01846087990987|24424&4&62.272071400220966|24435&4&49.76529274960457|24459&4&70.1418983602024|24467&4&883.8730290655312|24470&4&397.84523123559336|24471&4&237.651373711103|24485&4&-8.171241461241152E-14|24487&4&157.66061049522324|24490&4&9.325873406851315E-15|24491&4&1532.3561075025918|24494&4&5.34473823559016|24496&4&788.763318853442|24504&4&33.955196393142685|24505&4&34.59696307694792
143|4,130,1,1,1,1,1,1,1,1,1,1,1,1,1,1,1,1,1,1,1,1,1,1,1,1,1,1,1,1,1,1,1,1,1,1,1,1,1,1,1,1,1,1,1,1,1,1,1,1,1,1,1,1,1,1,1,1,1,1,1,1,1,1,1,1,1,1,1,1,1,1,1,1,1,1,1,1,1,1,1,1,1,1,1,1,1,1,1,1,1,1,1,1,1,1,1,1,1,1,1,1,0,0,0,0,0,0,0,0,0,0,0,0,0,0,0,0,0,0,0,0,2|24397&4&31.5754408443428|24401&4&155.01916683919592|24408&4&374.34791757861865|24416&4&1378.045992972784|24420&4&214.01213576325384|24426&4&479.55947129837966|24427&4&95.82136877269969|24429&4&1491.5169052214887|24434&4&1907.5175378401732|24436&4&85.19013595167617|24448&4&541.2373087915095|24452&4&1.5844455790090308|24461&4&1763.1775123925377|24465&4&1103.3227518224305|24479&4&9.633306497945162|24482&4&212.06143954255967|24485&4&315.9393651620219|24489&4&580.7410293758567,2|24401&4&412.4215280397103|24417&4&1610.9488240038188|24422&4&310.8283829958475|24423&4&993.9867869677084|24432&4&1705.2445139785004|24437&4&312.0946666525542|24439&4&638.1944264942074|24447&4&186.18120519226187|24452&4&392.5983722790513|24454&4&1083.303069029018|24455&4&340.3778217031875|24459&4&168.01179830692126|24462&4&765.6649089068812|24467&4&1119.462484161905|24468&4&287.9566042916787|24472&4&83.50552285688093|24475&4&15.676622739897333|24477&4&394.39898903726043|24480&4&406.2776696272707|24485&4&37.37566595210599|24494&4&126.95217196707925|24498&4&152.20152887477548|24499&4&59.545652290226144|24500&4&13.320036361475566|24505&4&195.35713295927548|24511&4&0.0|24512&4&186.7151280171443,2|24402&4&727.2759067645568|24409&4&2302.2075819899196|24413&4&516.6247644114668|24422&4&2.220446049250313E-16|24427&4&705.9100552745873|24435&4&310.0304090692076|24455&4&207.8547172821964|24463&4&413.51658849563125|24466&4&116.6545770112391|24468&4&540.702146237282|24478&4&1274.4467725801837|24482&4&879.7132376723273|24486&4&889.980428464449|24498&4&190.4521119760527|24500&4&79.98104558056559|24513&4&91.43390900620808|24516&4&183.81420656289043,2|24397&4&302.6931667743626|24407&4&713.5665215705167|24415&4&764.1389938390639|24416&4&2.8421709430404007E-14|24431&4&1728.5561747292402|24443&4&757.5586366276082|24445&4&450.95887994196954|24448&4&2.318298261631494|24450&4&824.2475773695774|24460&4&786.5723710219452|24469&4&183.8324391978985|24473&4&933.1100069654531|24475&4&563.6947341596981|24487&4&115.1528411588633|24494&4&189.04047790633678|24498&4&1.5085409327563835|24509&4&1.6116932405263455|24511&4&384.77354216258635,2|24403&4&136.10998818396075|24404&4&791.3521867316576|24410&4&925.3941298839284|24417&4&336.03116368851386|24433&4&691.6825514380955|24435&4&627.9996273178687|24449&4&468.07768010900793|24455&4&149.0474141876528|24461&4&0.8505149172426648|24473&4&14.966332299254002|24476&4&1196.868092279402|24478&4&192.10867935755957|24479&4&1462.8553126333913|24483&4&178.90841679181867|24495&4&562.51041821857|24507&4&66.8875314085999|24515&4&63.8126187388313,2|24406&4&511.6237175195998|24410&4&2.8764794405229246|24426&4&4.796163466380676E-14|24428&4&560.2150527472193|24430&4&855.528869107583|24432&4&53.57150055115338|24440&4&922.6689270023849|24442&4&271.2789948148947|24443&4&569.304261632887|24444&4&473.3762724309562|24456&4&688.3377530352755|24464&4&349.3943994170701|24470&4&238.17226443827255|24471&4&413.4798504671258|24474&4&165.26405005476838|24490&4&724.307899857025|24492&4&97.92742120324007|24494&4&424.4219864389917|24495&4&223.59655102160448|24512&4&192.78172769942606,2|24399&4&1927.8843385067385|24412&4&967.4787104394131|24418&4&1088.132789007348|24420&4&195.82110593358686|24425&4&0.0|24427&4&519.737492686329|24432&4&135.30996427245216|24436&4&766.5199311061076|24441&4&607.4268676662923|24455&4&1.1102230246251565E-14|24457&4&521.6512278845568|24461&4&5.3290705182007514E-14|24463&4&180.61084381366962|24464&4&150.67599553305547|24465&4&2.017698507247894|24475&4&1.0130661529317557|24482&4&241.58940807800334|24483&4&1266.1563897319743|24489&4&373.8024812601939|24493&4&1152.3723424985988|24497&4&16.574209409063094|24509&4&15.53550636423234|24516&4&-4.884981308350689E-15,2|24403&4&164.64099013595109|24404&4&732.4421901051601|24411&4&753.820525684598|24419&4&805.7866271811588|24421&4&581.903236439623|24422&4&261.94491635195493|24437&4&356.16583010032264|24442&4&1178.3315145577772|24446&4&1732.363679734922|24451&4&1542.5739781649022|24452&4&283.08033208887645|24453&4&1642.6230568463745|24459&4&516.8768536221198|24472&4&1109.4688862146927|24477&4&801.9867267901608|24485&4&1305.2650006833173|24497&4&111.82543025807819|24513&4&39.31784748007811,2|24398&4&352.5794622141214|24403&4&251.93839566608938|24418&4&65.10977152852743|24422&4&241.08066723209453|24423&4&468.77681966350247|24424&4&844.5658608283883|24426&4&301.8909259644903|24436&4&261.59393678889205|24438&4&378.1711659669132|24445&4&493.4906187945484|24458&4&103.18593602482329|24481&4&144.17468624525574|24484&4&1283.2768623047627|24488&4&996.471618025778|24497&4&1.5786033982293959|24500&4&2.3959845959046326|24505&4&1.7329426433265818|24507&4&39.8322586180702|24509&4&18.148163309520598|24513&4&124.56291086855703,2|24400&4&1279.2878805187534|24405&4&724.7334474240482|24413&4&212.57572873721497|24414&4&589.6560066821297|24415&4&260.80679725081166|24419&4&327.45469125954077|24424&4&167.65937986384762|24435&4&30.489331424952198|24459&4&55.09884127504355|24467&4&797.551488280559|24470&4&370.4773165771194|24471&4&253.12039154926083|24487&4&149.49359333332583|24491&4&1599.014276246457|24494&4&-3.375077994860476E-14|24496&4&742.6282663984537|24504&4&51.166154291498565|24505&4&61.262923815950884
144|4,130,1,1,1,1,1,1,1,1,1,1,1,1,1,1,1,1,1,1,1,1,1,1,1,1,1,1,1,1,1,1,1,1,1,1,1,1,1,1,1,1,1,1,1,1,1,1,1,1,1,1,1,1,1,1,1,1,1,1,1,1,1,1,1,1,1,1,1,1,1,1,1,1,1,1,1,1,1,1,1,1,1,1,1,1,1,1,1,1,1,1,1,1,1,1,1,1,1,1,1,1,0,0,0,0,0,0,0,0,0,0,0,0,0,0,0,0,0,0,0,0,2|24397&4&19.482983351176713|24401&4&136.93916959256936|24408&4&448.5776076054736|24416&4&1257.3988632347214|24420&4&201.8874362671826|24426&4&428.6055501972492|24427&4&73.72492909814942|24429&4&1473.0849607695113|24434&4&2006.4413090662683|24436&4&60.80661024580651|24448&4&551.9566033999652|24452&4&9.325873406851315E-15|24461&4&1820.9868260631501|24465&4&1139.5229185269868|24479&4&2.391906925139818|24482&4&250.9427240675859|24485&4&267.1732827213371|24489&4&549.7014236693406,2|24401&4&387.10701067708317|24417&4&1459.9830895212322|24422&4&286.4335565650639|24423&4&1007.1143713956673|24432&4&1593.7075760894008|24437&4&302.60464629181854|24439&4&587.3871978858799|24447&4&174.947637720359|24452&4&344.386431410411|24454&4&1190.4274226236605|24455&4&317.51275988592715|24459&4&154.68712185726366|24462&4&808.4358272244917|24467&4&1039.5963612160385|24468&4&255.9124684625148|24472&4&55.72225112339539|24475&4&12.347014268385335|24477&4&345.19838324503525|24480&4&367.58013969879175|24485&4&34.50061472502091|24494&4&115.64572395910432|24498&4&134.09996092989297|24499&4&75.48353122420679|24500&4&11.87842248170664|24505&4&178.37212622439904|24512&4&167.0814987743559,2|24402&4&797.4632495507008|24409&4&2318.577034476721|24413&4&485.66596125747947|24427&4&748.3863618524069|24435&4&292.94852133604854|24455&4&182.0538792277095|24463&4&369.6352791690912|24466&4&109.86713180641632|24468&4&591.9881961340982|24478&4&1344.963338587611|24482&4&780.855596245931|24486&4&894.2204108046711|24498&4&178.64948642498447|24500&4&102.52985164642605|24513&4&81.64711912872832|24516&4&199.7600191163187,2|24397&4&284.54491239456144|24407&4&732.3804750979823|24415&4&704.5136443507143|24431&4&1567.3236574695584|24443&4&674.5798458404511|24445&4&403.17102760725743|24448&4&1.687538997430238E-14|24450&4&769.2416516640312|24460&4&713.2019126209913|24469&4&157.57066216962733|24473&4&979.3614413170377|24475&4&556.0697115175868|24487&4&102.7207421064346|24494&4&149.64363968741318|24498&4&9.325873406851315E-15|24509&4&7.549516567451064E-15|24511&4&399.8185555390718,2|24403&4&128.6702553015017|24404&4&692.627086033573|24410&4&844.9105348294453|24417&4&442.3641083698631|24433&4&750.9893415499369|24435&4&687.7170670664086|24449&4&495.9658296909823|24455&4&109.26678984281662|24461&4&0.4804063717035227|24473&4&8.979788965800845|24476&4&1319.4805892184063|24478&4&155.96759744338576|24479&4&1362.1394069336288|24483&4&143.63367012901182|24495&4&504.0843047793077|24507&4&63.4350884664357|24515&4&70.75849045791765,2|24406&4&539.3869400504703|24410&4&0.0|24428&4&581.8733047678613|24430&4&898.1705130726983|24432&4&29.495645220106592|24440&4&910.5201240991369|24442&4&214.17202792533305|24443&4&537.3095742337615|24444&4&615.9223618203807|24456&4&735.9717761549431|24464&4&349.4441028441982|24470&4&225.13161134638293|24471&4&379.5179720850075|24474&4&156.37990926918056|24490&4&734.127193398891|24492&4&110.37471562338344|24494&4&454.93215618130074|24495&4&236.25212031810614|24512&4&229.8171010219371,2|24399&4&1870.0328828312704|24412&4&876.4245832679203|24418&4&1082.0121003978056|24420&4&179.2168050375904|24427&4&479.36112872574176|24432&4&114.51667191140643|24436&4&712.1541381851923|24441&4&557.9802422772182|24457&4&574.4914548804338|24463&4&171.14563720153063|24464&4&135.33272703602367|24465&4&-1.509903313490213E-14|24475&4&-7.549516567451064E-15|24482&4&228.8741760738979|24483&4&1181.5496366361629|24489&4&326.3293041907077|24493&4&1208.3377101118213|24497&4&14.681856005614108|24509&4&13.496058041448954,2|24403&4&154.9067816763364|24404&4&797.0090848619437|24411&4&768.2724848706766|24419&4&751.6994323288685|24421&4&533.5037057219547|24422&4&246.8248227703432|24437&4&310.90916909541227|24442&4&1192.2330055524167|24446&4&1580.03334897682|24451&4&1557.4506849772442|24452&4&297.5988561192612|24453&4&1634.1406896091914|24459&4&487.0007675458312|24472&4&1019.8193564979015|24477&4&914.682190335341|24485&4&1392.462621185258|24497&4&133.34258443916957|24513&4&36.794716378736624,2|24398&4&441.3537874538233|24403&4&215.072290896852|24418&4&43.2568853346436|24422&4&276.8865057494093|24423&4&403.00169910177374|24424&4&757.8165774429235|24425&4&13.572160661003046|24426&4&286.06904293992227|24436&4&297.0073708596914|24438&4&330.6095386350288|24445&4&597.0623144391689|24458&4&97.7550972866747|24481&4&146.64604105982738|24484&4&1385.7012549122765|24488&4&980.5683570043918|24489&4&59.28434178967734|24497&4&-6.661338147750939E-15|24500&4&-2.3092638912203256E-14|24505&4&-2.220446049250313E-15|24507&4&32.64103966165659|24509&4&16.333346978568535|24513&4&175.49086161332576,2|24400&4&1175.9820799912482|24401&4&24.303582363947783|24405&4&760.9549111782248|24413&4&179.1159450306883|24414&4&651.5094375935314|24415&4&322.0238520438407|24419&4&280.8909216391716|24424&4&227.99454633146445|24432&4&197.9462214863412|24435&4&12.656736195999649|24443&4&25.90990349077299|24459&4&45.671049265117574|24467&4&773.5741076116885|24470&4&343.10940191864535|24471&4&239.26348592338366|24487&4&141.32657617142846|24491&4&1574.6282908186624|24496&4&696.4932139434651|24504&4&68.79949214660088|24505&4&85.69083729052846
145|4,130,1,1,1,1,1,1,1,1,1,1,1,1,1,1,1,1,1,1,1,1,1,1,1,1,1,1,1,1,1,1,1,1,1,1,1,1,1,1,1,1,1,1,1,1,1,1,1,1,1,1,1,1,1,1,1,1,1,1,1,1,1,1,1,1,1,1,1,1,1,1,1,1,1,1,1,1,1,1,1,1,1,1,1,1,1,1,1,1,1,1,1,1,1,1,1,1,1,1,1,1,0,0,0,0,0,0,0,0,0,0,0,0,0,0,0,0,0,0,0,0,2|24397&4&7.70845168206103|24401&4&118.8591723459428|24408&4&464.87309831733955|24416&4&1136.751733496659|24420&4&189.76273677111135|24426&4&377.6516290961188|24427&4&53.515093659927885|24429&4&1540.680203727849|24434&4&2061.664913359683|24436&4&39.89992651664835|24448&4&527.0644967573569|24461&4&1779.3427132628397|24465&4&1041.9760820995737|24479&4&1.687538997430238E-14|24482&4&498.32283509576854|24485&4&224.09333010141455|24489&4&518.6618179628244,2|24401&4&361.792493314456|24417&4&1318.9403125028398|24422&4&262.03873013428023|24423&4&1062.4225386008497|24432&4&1482.1706382003017|24437&4&284.2989171315629|24439&4&536.5799692775522|24447&4&163.7140702484561|24452&4&296.17449054177064|24454&4&1188.8189450584491|24455&4&294.64769806866684|24459&4&141.3624454076061|24462&4&755.4418838813594|24467&4&959.7302382701715|24468&4&223.86833263335095|24472&4&27.938979389909825|24475&4&9.017405796873337|24477&4&295.99777745281006|24480&4&373.64372907550023|24485&4&31.625563497935833|24494&4&104.33927595112938|24498&4&115.99839298501044|24499&4&70.37544589073691|24500&4&10.436808601937713|24505&4&161.38711948952266|24512&4&149.02902616309137,2|24402&4&942.264116014537|24409&4&2159.261074853306|24411&4&148.89751328365736|24413&4&541.9883939561632|24427&4&707.1467581770705|24430&4&56.1896147479398|24435&4&275.8666336028895|24455&4&156.25304117322264|24463&4&325.7539698425512|24466&4&103.07968660159356|24468&4&677.4392386072219|24478&4&1257.8373059252726|24482&4&685.4246981099978|24486&4&1041.3052739660613|24498&4&166.8468608739162|24500&4&96.06288987278829|24513&4&71.86032925124857|24516&4&186.69767574473858,2|24397&4&463.9025560146625|24407&4&715.2339378402925|24415&4&644.8882948623648|24431&4&1532.2571163121302|24443&4&591.6010550532943|24445&4&355.38317527254526|24450&4&840.5247716185079|24460&4&639.8314542200374|24469&4&131.30888514135614|24473&4&912.6794573642702|24475&4&516.0082140766549|24487&4&90.28864305400592|24494&4&114.56822989702331|24511&4&368.7255929824691,2|24403&4&121.23052241904267|24404&4&599.8232038070435|24410&4&902.1828814711448|24417&4&687.8758981304682|24433&4&713.0804306306824|24435&4&829.3374153989556|24449&4&564.307927659906|24455&4&218.8519933565749|24461&4&0.11029782616438057|24473&4&5.1650849621155555|24476&4&1492.7523167207175|24478&4&121.76071371643386|24479&4&1243.4200052205845|24483&4&113.00413247237132|24495&4&445.6581913400454|24507&4&59.982645524271504|24515&4&66.84813921202579,2|24406&4&501.57936240172427|24428&4&708.060793870794|24430&4&812.4326977677015|24432&4&16.632845695704187|24440&4&901.6027565627221|24442&4&166.6581891385355|24443&4&505.31488683463607|24444&4&599.4301299182459|24456&4&726.2566991859346|24464&4&329.1042066211339|24470&4&212.09095825449327|24471&4&345.55609370288926|24474&4&161.5004848965125|24490&4&738.3283061331545|24492&4&146.28736768624213|24494&4&488.09213713323|24495&4&221.82922883586312|24512&4&216.7700264466474,2|24399&4&1707.3844340668252|24412&4&785.4291717822698|24418&4&1195.6914046513723|24420&4&162.6125041415939|24427&4&438.98476476515464|24432&4&93.7233795503607|24436&4&657.7883452642772|24441&4&508.5336168881439|24457&4&521.4293529077306|24463&4&210.50120118065314|24464&4&120.52448800351402|24482&4&216.15894406979245|24483&4&1197.3514131928216|24489&4&283.4159599955157|24493&4&1249.8715777103218|24497&4&12.78950260216512|24509&4&11.456609718665572,2|24403&4&145.17257321672173|24404&4&847.7382332661225|24411&4&709.1557947268209|24419&4&697.6122374765783|24421&4&485.10417500428645|24422&4&231.70472918873136|24437&4&274.45401171318224|24442&4&1177.6033905459894|24446&4&1427.7030182187182|24451&4&1605.5971864205417|24452&4&335.65473997189497|24453&4&1574.7371250777435|24459&4&457.12468146954257|24472&4&930.1698267811103|24477&4&929.2818545374369|24485&4&1489.5941536504808|24497&4&125.37263513328814|24513&4&34.27158527739515,2|24398&4&464.2784598995343|24403&4&180.12625001152307|24418&4&23.68609279570208|24422&4&251.00270684267963|24423&4&337.226578540045|24424&4&673.1090830718995|24425&4&12.893552627952895|24426&4&270.2471599153543|24436&4&380.21734147130377|24438&4&283.04791130314453|24445&4&667.800273181155|24458&4&92.3242585485261|24481&4&138.90020820990168|24484&4&1482.6168881619978|24488&4&904.3122356549761|24489&4&56.95101604817731|24507&4&26.092006403272926|24509&4&14.518530647616474|24513&4&165.84025551449267,2|24400&4&1073.5930893411883|24401&4&68.9915852583996|24405&4&838.6671106682724|24413&4&147.5864605975649|24414&4&591.0597098880658|24415&4&422.2630494780371|24416&4&258.6927042821337|24419&4&235.48329286150212|24424&4&322.6699052186533|24432&4&315.1211687008264|24435&4&-8.171241461241152E-14|24443&4&203.3410563009915|24459&4&36.24325725519156|24467&4&1065.2177219234572|24470&4&315.7414872601713|24471&4&225.40658029750648|24472&4&100.22201037251546|24487&4&139.39479532517632|24491&4&1456.610629470395|24496&4&650.3581614884768|24504&4&65.11858730673754|24505&4&81.0619443731422
146|4,130,1,1,1,1,1,1,1,1,1,1,1,1,1,1,1,1,1,1,1,1,1,1,1,1,1,1,1,1,1,1,1,1,1,1,1,1,1,1,1,1,1,1,1,1,1,1,1,1,1,1,1,1,1,1,1,1,1,1,1,1,1,1,1,1,1,1,1,1,1,1,1,1,1,1,1,1,1,1,1,1,1,1,1,1,1,1,1,1,1,1,1,1,1,1,1,1,1,1,1,1,0,0,0,0,0,0,0,0,0,0,0,0,0,0,0,0,0,0,0,0,2|24397&4&5.5067062021407764E-14|24401&4&100.77917509931622|24408&4&619.7388974348228|24416&4&1022.6842964145696|24420&4&177.63803727504012|24426&4&326.6977079949884|24427&4&36.29284496818738|24429&4&1692.4580991214234|24434&4&2082.42977290297|24436&4&24.694054065039637|24448&4&506.90285310331996|24461&4&1653.4429992339617|24465&4&1014.7738078020104|24482&4&617.1589344103346|24485&4&181.81803907189231|24489&4&487.62221225630833,2|24401&4&336.47797595182885|24417&4&1184.8177409331875|24422&4&237.6439037034966|24423&4&1374.6202852857273|24432&4&1370.6337003112021|24437&4&265.9931879713073|24439&4&549.4206480577348|24447&4&152.48050277655324|24452&4&247.96254967313027|24454&4&1255.724895119698|24455&4&271.7826362514066|24459&4&128.0377689579485|24462&4&694.0379397039444|24467&4&879.8641153243046|24468&4&194.61727562012402|24472&4&8.456869169114192|24475&4&5.687797325361339|24477&4&249.83962305817056|24480&4&334.84210273243343|24485&4&28.750512270850756|24494&4&93.03282794315443|24498&4&97.89682504012794|24499&4&65.26736055726704|24500&4&8.995194722168788|24505&4&144.40211275464628|24512&4&130.97655355182684,2|24402&4&1122.1960675142986|24409&4&2047.0257400463342|24411&4&299.13848836028455|24413&4&557.0968460010963|24427&4&665.9071545017341|24430&4&53.38013401054281|24435&4&258.7847458697304|24455&4&130.4522031187357|24463&4&283.5937431943144|24466&4&96.29224139677079|24468&4&634.5998222155596|24478&4&1256.900216568385|24482&4&601.6319621314235|24486&4&1042.8125710948239|24498&4&155.04423532284795|24500&4&89.59592809915054|24511&4&130.9474519201076|24513&4&62.07353937376882|24516&4&173.63533237315843,2|24397&4&759.950531285122|24407&4&772.3865615995095|24415&4&585.2629453740152|24430&4&25.573613876353733|24431&4&1506.2152752764518|24443&4&508.62226426613734|24445&4&311.3467820620024|24450&4&815.7169937370795|24460&4&599.4847891260521|24469&4&105.04710811308495|24473&4&842.9637194166894|24475&4&475.94671663572285|24487&4&77.85654400157722|24494&4&80.83709593498229|24511&4&337.6326304258664,2|24403&4&139.92727168547017|24404&4&514.3599800595543|24410&4&878.1843568197806|24417&4&951.1968432291337|24433&4&780.5899736196423|24435&4&824.9429261690223|24437&4&41.961401393314475|24449&4&613.687088212391|24455&4&432.10680227778755|24461&4&0.05514891308218958|24473&4&2.5825424810577826|24476&4&1394.9466075746668|24478&4&87.55382998948197|24479&4&1124.70060350754|24483&4&91.58286151154985|24495&4&387.4832486936342|24507&4&56.530202582107314|24515&4&62.93778796613392,2|24406&4&463.77178475297825|24428&4&641.3568722578786|24430&4&731.3763788436603|24432&4&7.008867292546847|24440&4&842.6775836848169|24442&4&128.26674180350017|24443&4&473.32019943551063|24444&4&552.5639920186069|24456&4&858.8099048247763|24464&4&341.4597747383969|24470&4&199.05030516260365|24471&4&311.86350704429924|24474&4&151.91610829027866|24490&4&857.436097891102|24492&4&149.54743175817666|24494&4&458.6965739372771|24495&4&356.0710182645856|24512&4&346.8894506364644,2|24399&4&1577.8037937874415|24412&4&840.353155290567|24418&4&1342.0848800652439|24420&4&146.00820324559743|24427&4&398.6084008045674|24432&4&72.93008718931499|24436&4&603.4225523433618|24441&4&459.08699149906977|24457&4&468.3672509350273|24463&4&198.59495603895107|24464&4&105.71624897100438|24482&4&203.443712065687|24483&4&1134.7018812020729|24489&4&244.79477577294602|24493&4&1422.5928321878887|24497&4&10.897149198716132|24509&4&9.41716139588219,2|24403&4&135.43836475710702|24404&4&1005.2110788246788|24411&4&655.4708172159085|24419&4&697.1158250193879|24421&4&437.8750932249875|24422&4&216.58463560711957|24437&4&238.2996526382803|24442&4&1097.0152310701992|24446&4&1278.925823950935|24451&4&1709.3700578687433|24452&4&452.03604612662787|24453&4&1490.3950203264299|24459&4&427.24859539325405|24472&4&840.520297064319|24477&4&868.5867065871562|24485&4&1487.2258018147431|24497&4&117.40268582740674|24513&4&31.748454176053677,2|24398&4&500.47499627394325|24403&4&150.5392509637369|24418&4&7.711833250259901|24422&4&225.11890793594992|24423&4&274.2822452842601|24424&4&591.9627662101502|24425&4&12.214944594902743|24426&4&472.1784875925573|24436&4&415.2931983349743|24438&4&352.54649547434826|24445&4&719.6153996237967|24458&4&176.27191800447684|24481&4&131.154375359976|24484&4&1364.2142379295667|24488&4&1029.6695436624336|24489&4&53.95525439129425|24498&4&77.89883274716601|24507&4&19.542973144889267|24509&4&12.703714316664414|24513&4&156.18964941565957,2|24400&4&971.2040986911286|24401&4&65.48124703956975|24405&4&762.7757052173647|24413&4&118.03538634768304|24414&4&578.6468558540073|24415&4&429.12613171619887|24416&4&471.60792761852576|24419&4&190.6537832177146|24424&4&314.3996418306965|24432&4&598.2341155437624|24443&4&459.2876170543962|24459&4&26.81546524526554|24467&4&1186.0146118053558|24470&4&288.37357260169733|24471&4&211.54967467162928|24472&4&214.9892372957366|24487&4&249.9955801347791|24491&4&1372.8197208103502|24496&4&604.2231090334882|24504&4&61.43768246687421|24505&4&76.43305145575592
147|4,130,1,1,1,1,1,1,1,1,1,1,1,1,1,1,1,1,1,1,1,1,1,1,1,1,1,1,1,1,1,1,1,1,1,1,1,1,1,1,1,1,1,1,1,1,1,1,1,1,1,1,1,1,1,1,1,1,1,1,1,1,1,1,1,1,1,1,1,1,1,1,1,1,1,1,1,1,1,1,1,1,1,1,1,1,1,1,1,1,1,1,1,1,1,1,1,1,1,1,1,1,0,0,0,0,0,0,0,0,0,0,0,0,0,0,0,0,0,0,0,0,2|24401&4&82.69917785268967|24408&4&642.0810088079232|24416&4&919.4894911359124|24420&4&165.5133377789689|24426&4&276.16619016678226|24427&4&19.070596276446885|24429&4&1561.01567500971|24434&4&2222.022941093218|24436&4&9.488181613430893|24448&4&465.2027077289343|24461&4&1537.571726040061|24465&4&1221.7593383774963|24482&4&685.3332353662202|24485&4&146.16797027697828|24489&4&456.5826065497922,2|24401&4&311.1634585892017|24417&4&1061.6463330855454|24422&4&213.24907727271295|24423&4&1442.7423465865722|24432&4&1259.0967624221025|24437&4&247.6874588110517|24439&4&495.43102407998185|24447&4&141.24693530465035|24452&4&199.89456779890898|24454&4&1132.4923237456967|24455&4&248.91757443414627|24459&4&114.71309250829091|24462&4&632.6339955265294|24467&4&799.9979923784379|24468&4&165.36621860689712|24472&4&0.8718568171000047|24475&4&2.3581888538493425|24477&4&205.58114331915272|24480&4&344.1165642119801|24485&4&25.87546104376568|24494&4&81.7263799351795|24498&4&81.95485263869224|24499&4&60.86509483766441|24500&4&7.553580842399862|24505&4&127.41710601976986|24512&4&112.9240809405623,2|24402&4&1044.5017018030217|24409&4&1865.5980821174562|24411&4&401.78868591777194|24413&4&564.9595095920215|24427&4&781.9867744161351|24430&4&50.57065327314582|24435&4&241.7028581365713|24442&4&36.13653675444135|24455&4&104.65136506424878|24463&4&241.4335165460776|24466&4&89.50479619194802|24468&4&591.7604058238974|24478&4&1271.8258842416012|24482&4&528.3925711117805|24486&4&1024.5494515658881|24498&4&143.24160977177968|24500&4&83.12896632551278|24511&4&124.40007932410222|24513&4&52.28674949628906|24516&4&160.57298900157832,2|24397&4&715.723405777813|24407&4&861.9479287175322|24415&4&525.6375958856656|24430&4&50.99435900651777|24431&4&1605.4117211113676|24443&4&438.9680526644238|24445&4&272.1115978622407|24450&4&820.9857901046953|24460&4&524.5452109640096|24469&4&78.78533108481375|24473&4&773.2479814691084|24475&4&465.59209023344556|24487&4&72.1803260201294|24494&4&48.55397930483138|24511&4&306.53966786926367,2|24403&4&215.0064472735006|24404&4&440.72192076868595|24410&4&1016.895990492043|24417&4&899.8299196429635|24433&4&844.013203123222|24435&4&941.3205597782053|24437&4&39.86333132364875|24449&4&671.8545670248966|24455&4&662.7913780682035|24461&4&3.7470027081099033E-16|24473&4&1.687538997430238E-14|24476&4&1283.10246648689|24478&4&55.271464595339786|24479&4&1011.5068654775038|24483&4&70.16159055072838|24495&4&338.9296467412845|24507&4&53.077759639943125|24515&4&59.02743672024205,2|24406&4&425.9642071042323|24428&4&582.6741356146046|24430&4&656.849825414191|24432&4&-3.019806626980426E-14|24440&4&772.1211222602323|24442&4&93.19220744841354|24443&4&441.32551203638513|24444&4&505.6978541189681|24456&4&830.0759089538376|24464&4&319.4851052983163|24470&4&186.00965207071403|24471&4&278.24996641896723|24474&4&241.39495028077226|24490&4&939.7522391591557|24492&4&269.3693759597511|24494&4&477.69974250003486|24495&4&497.1059295066108|24512&4&383.65348912116525,2|24399&4&1654.6180002022193|24412&4&751.9879980568337|24418&4&1314.9090382388613|24420&4&129.40390234960097|24427&4&358.2320368439802|24432&4&52.13679482826927|24436&4&549.0567594224465|24441&4&411.7395753344758|24457&4&415.3051489623241|24463&4&244.81497964396723|24464&4&93.09604770168399|24479&4&170.50016186504183|24482&4&190.72848006158156|24483&4&1126.7725254426227|24489&4&206.1735915503764|24493&4&1497.0152287266612|24497&4&9.004795795267142|24509&4&7.377713073098807,2|24403&4&125.70415629749235|24404&4&1161.8350553821501|24411&4&608.3557343237158|24419&4&767.3141432479861|24421&4&434.8745479287565|24422&4&201.46454202550777|24437&4&202.14529356337835|24442&4&1016.4270715944087|24446&4&1135.0289444317398|24451&4&1570.805605732685|24452&4&577.6694072154384|24453&4&1568.91749031652|24459&4&425.9572624812953|24472&4&750.8707673475279|24477&4&807.8915586368756|24485&4&1390.5504135186054|24497&4&109.43273652152531|24513&4&29.225323074712204,2|24398&4&568.4109893720599|24403&4&120.95225191595071|24418&4&4.085620730620576E-14|24422&4&199.2351090292202|24423&4&224.25421886483755|24424&4&510.81644934840097|24425&4&15.670838663744275|24426&4&627.8657596549017|24436&4&506.8290735852586|24438&4&417.5662918820385|24443&4&36.527049822363665|24445&4&676.7515436976403|24458&4&166.3721543566233|24481&4&123.4085425100503|24484&4&1279.0497805092523|24488&4&1116.8064468182843|24489&4&170.71078651112373|24498&4&133.24413184235064|24507&4&15.597932025614762|24509&4&10.888897985712353|24513&4&146.53904331682648,2|24400&4&868.8151080410688|24401&4&61.9709088207399|24405&4&688.5448903530837|24413&4&90.98916497282838|24414&4&705.2149861597417|24415&4&629.8135159501539|24416&4&551.2752621038852|24419&4&154.31840380363005|24424&4&389.0015363047186|24432&4&699.3770833433645|24443&4&435.74687006426063|24459&4&17.387673235339523|24467&4&1201.0321671048728|24470&4&261.00565794322335|24471&4&197.6927690457521|24472&4&242.076060016182|24487&4&235.56282296773531|24491&4&1490.043596542124|24496&4&558.0880565784998|24500&4&6.260119942119559|24504&4&57.75677762701087|24505&4&71.80415853836963
148|4,130,1,1,1,1,1,1,1,1,1,1,1,1,1,1,1,1,1,1,1,1,1,1,1,1,1,1,1,1,1,1,1,1,1,1,1,1,1,1,1,1,1,1,1,1,1,1,1,1,1,1,1,1,1,1,1,1,1,1,1,1,1,1,1,1,1,1,1,1,1,1,1,1,1,1,1,1,1,1,1,1,1,1,1,1,1,1,1,1,1,1,1,1,1,1,1,1,1,1,1,1,0,0,0,0,0,0,0,0,0,0,0,0,0,0,0,0,0,0,0,0,2|24401&4&64.61918060606311|24408&4&589.3616933560335|24416&4&826.8969683319895|24420&4&153.38863828289766|24426&4&234.3330185779829|24427&4&6.487333880986785|24429&4&1429.573250897996|24434&4&2032.8643827001342|24436&4&0.7930232356863254|24448&4&423.50256235454856|24461&4&1803.5523418806988|24465&4&1169.4139547742943|24482&4&823.3493806855479|24485&4&110.51790148206422|24489&4&425.5430008432761,2|24401&4&285.8489412265745|24417&4&938.474925237903|24422&4&188.8542508419293|24423&4&1429.1743347567326|24432&4&1147.559824533003|24437&4&229.38172965079605|24439&4&590.7404833757182|24447&4&130.01336783274746|24452&4&161.69256017830043|24454&4&1011.5304712583313|24455&4&226.05251261688596|24459&4&101.38841605863331|24462&4&674.3510912923344|24467&4&720.1318694325712|24468&4&136.11516159367022|24472&4&0.0|24475&4&-1.0658141036401503E-14|24477&4&162.3897142200061|24480&4&332.5127427281274|24485&4&23.0004098166806|24494&4&70.41993192720456|24498&4&66.01288023725654|24499&4&56.46282911806178|24500&4&6.111966962630936|24505&4&111.57136529280419|24512&4&96.61176226357745,2|24402&4&966.8073360917446|24403&4&189.0455052162183|24409&4&1698.5138287304108|24411&4&380.56054942861306|24413&4&767.0500900767393|24427&4&876.6147243501935|24430&4&47.761172535748834|24435&4&224.62097040341226|24442&4&295.50205665363103|24455&4&78.85052700976188|24463&4&201.24464545652867|24466&4&82.71735098712526|24468&4&548.920989432235|24478&4&1510.0305693370124|24482&4&461.0197362865092|24486&4&940.0370601510385|24498&4&131.43898422071146|24500&4&76.66200455187503|24511&4&228.7080978742295|24513&4&42.499959618809314|24516&4&147.51064562999818,2|24397&4&671.496280270504|24407&4&835.8201712061352|24415&4&466.01224639731606|24430&4&50.68634585049466|24431&4&1734.4223743159205|24443&4&372.4558987970312|24445&4&232.8764136624791|24450&4&802.4484825433741|24460&4&631.2515705458477|24469&4&58.95317227538363|24473&4&703.5322435215274|24475&4&479.4030432732227|24487&4&66.50410803868161|24494&4&22.740124626595318|24511&4&275.44670531266104,2|24403&4&202.06860365470055|24404&4&369.57643817929545|24410&4&1088.4192869303558|24417&4&848.4629960567933|24433&4&782.6366462105522|24435&4&887.0945187117668|24437&4&185.68610077255252|24449&4&747.666580076793|24455&4&772.6329492689654|24476&4&1299.4429555305485|24478&4&30.722858875904535|24479&4&904.9373398613977|24483&4&48.74031958990691|24495&4&293.8242016662316|24507&4&49.62531669777893|24515&4&55.1170854743502,2|24398&4&129.9622518706745|24399&4&243.82163180359998|24406&4&388.1566294554864|24428&4&578.0645709964942|24430&4&582.3232719847216|24434&4&66.55810883576203|24440&4&732.0969022777206|24442&4&59.85141717125743|24443&4&409.3308246372597|24444&4&458.8317162193291|24456&4&774.3754200045155|24464&4&297.5104358582356|24470&4&172.9689989788244|24471&4&244.6364257936352|24474&4&0.0|24490&4&954.1146162437092|24492&4&358.0523829949768|24494&4&568.23864867383|24495&4&597.8137097735779|24512&4&360.59961770770786,2|24399&4&1478.8015305990239|24412&4&667.1917790245691|24418&4&1211.5372977187035|24420&4&112.79960145360452|24427&4&317.855672883393|24432&4&31.343502467223544|24436&4&494.6909665015312|24441&4&504.6864721833859|24457&4&470.80099878695853|24463&4&472.8225692157613|24464&4&80.4758464323636|24479&4&516.4947530550721|24482&4&178.01324805747612|24483&4&1369.7207795824247|24489&4&170.8468101766992|24493&4&1441.9188487272004|24497&4&7.1124423918181545|24509&4&5.356419201733983,2|24403&4&115.96994783787764|24404&4&1350.4085659600946|24411&4&566.5789767188414|24419&4&876.8617269350109|24421&4&605.7017103845267|24422&4&186.34444844389594|24437&4&165.99093448847634|24442&4&935.8389121186186|24446&4&997.3152325441954|24451&4&1500.8439927343447|24452&4&587.6206362667538|24453&4&1417.8326527225997|24459&4&482.18630460287983|24472&4&661.2212376307367|24477&4&786.4902654920112|24485&4&1293.8750252224675|24497&4&101.46278721564389|24513&4&26.70219197337073,2|24398&4&516.6845722851006|24403&4&94.89972105434032|24412&4&254.7292655099523|24422&4&173.3513101224905|24423&4&177.92493615778784|24424&4&431.72807949048115|24425&4&14.78550552559954|24426&4&652.5209493827982|24436&4&761.0171360188142|24438&4&511.6165088515762|24443&4&46.68942903321319|24445&4&741.492308687022|24458&4&156.47239070876975|24481&4&115.6627096601246|24484&4&1218.6870705269625|24488&4&1038.5434847479476|24489&4&194.47275738198744|24498&4&126.38717816836518|24507&4&13.242130284999387|24509&4&9.074081654760292|24513&4&136.88843721799338,2|24400&4&766.4261173910088|24401&4&186.71090315836153|24405&4&697.3801920997425|24413&4&69.47799709186329|24414&4&842.9738290247981|24415&4&797.5123682637511|24416&4&600.3119024661646|24419&4&122.12264754287739|24424&4&481.2818874159701|24432&4&670.0373210174358|24443&4&412.206123074125|24459&4&7.959881225413508|24467&4&1201.2505408164873|24470&4&233.63774328474932|24471&4&183.83586341987495|24472&4&229.1717011449057|24487&4&221.13006580069154|24491&4&1517.8299605437687|24496&4&511.9530041235114|24500&4&5.947113945013581|24504&4&54.07587278714753|24505&4&67.17526562098335
149|4,130,1,1,1,1,1,1,1,1,1,1,1,1,1,1,1,1,1,1,1,1,1,1,1,1,1,1,1,1,1,1,1,1,1,1,1,1,1,1,1,1,1,1,1,1,1,1,1,1,1,1,1,1,1,1,1,1,1,1,1,1,1,1,1,1,1,1,1,1,1,1,1,1,1,1,1,1,1,1,1,1,1,1,1,1,1,1,1,1,1,1,1,1,1,1,1,1,1,1,1,1,0,0,0,0,0,0,0,0,0,0,0,0,0,0,0,0,0,0,0,0,2|24401&4&46.53918335943655|24408&4&537.2301837867977|24416&4&738.6267076511906|24420&4&172.58405827447348|24426&4&197.7753194574657|24427&4&2.3713652164701453|24429&4&1342.818619228904|24434&4&1856.001473189052|24436&4&0.0|24448&4&381.802416980163|24461&4&1808.1158815698543|24465&4&1089.4991872534085|24482&4&938.0058900159536|24485&4&74.86783268715016|24489&4&394.50339513676,2|24401&4&260.5344238639473|24417&4&815.3035173902608|24422&4&164.45942441114565|24423&4&1321.6578254083697|24432&4&1036.0228866439033|24437&4&211.0760004905404|24439&4&596.7221249744068|24447&4&118.77980036084459|24452&4&126.67721758999144|24454&4&1087.8324083080574|24455&4&203.18745079962565|24459&4&88.06373960897574|24462&4&615.159972056894|24467&4&640.2657464867043|24468&4&106.8641045804433|24477&4&119.19828512085948|24480&4&424.6366683326503|24485&4&20.125358589595525|24494&4&59.11348391922961|24498&4&50.145105616236876|24499&4&52.06056339845915|24500&4&4.670353082862011|24505&4&95.72562456583852|24512&4&80.29944358659262,2|24402&4&981.3996139959447|24403&4&267.67811887417395|24409&4&1659.4499090482768|24411&4&371.9874070417275|24413&4&909.7011704876277|24427&4&828.6697939212819|24430&4&44.951691798351845|24435&4&207.5390826702532|24442&4&534.2794862601113|24455&4&53.049688955274945|24459&4&139.88755761578898|24463&4&172.6908814757533|24466&4&75.92990578230248|24468&4&506.08157304057283|24478&4&1552.4761654058975|24482&4&394.2325492635763|24486&4&910.7539549140458|24498&4&156.04722599696674|24500&4&70.19504277823727|24511&4&263.13615843858196|24512&4&53.96244580108214|24513&4&32.71316974132956|24516&4&134.44830225841807,2|24397&4&627.2691547631949|24407&4&819.8467378398332|24415&4&406.38689690896643|24430&4&135.54352375887555|24431&4&1780.4901748767656|24438&4&194.90319667767778|24443&4&313.75785873486217|24445&4&195.8378580677848|24450&4&992.1155201524303|24460&4&633.1147848951409|24468&4&4.5952518805279965|24469&4&315.5405375822671|24473&4&633.8165055739466|24475&4&446.2209654270339|24487&4&60.82789005723383|24494&4&7.542352241640197|24511&4&244.52935488413075,2|24403&4&189.1307600359005|24404&4&303.9793976586449|24410&4&1120.964868658466|24417&4&797.0960724706231|24433&4&721.2600892978824|24435&4&934.4938506132943|24437&4&176.1919887269583|24449&4&773.7183419167421|24455&4&904.4149932783217|24476&4&1325.4672180480268|24478&4&12.695791481201427|24479&4&815.8567648506846|24483&4&35.79565080598666|24495&4&248.71875659117862|24507&4&46.17287375561474|24515&4&51.206734228458345,2|24398&4&200.14533575696402|24399&4&480.4509440033908|24406&4&374.17504095526056|24428&4&515.2551980008508|24430&4&507.796718555252|24434&4&63.23020339397392|24440&4&652.8583374300478|24442&4&38.140488104060516|24443&4&377.33613723813426|24444&4&411.96557831969017|24456&4&722.5982892559501|24464&4&285.16544581841407|24470&4&159.92834588693478|24471&4&211.02288516830322|24474&4&14.111949265801144|24490&4&973.979325886455|24492&4&350.0332295081023|24494&4&696.5728814156654|24495&4&561.2776095256332|24512&4&337.5457462942506|24513&4&34.047317501527004,2|24399&4&1311.7620346374183|24412&4&587.5387689759199|24418&4&1108.1655571985452|24420&4&96.19530055760805|24427&4&277.4793089228058|24432&4&10.550210106177826|24436&4&440.32517358061597|24441&4&486.4552762082554|24457&4&418.77519037562774|24463&4&503.9125426980168|24464&4&67.85564516304322|24479&4&779.4694022034043|24482&4&165.29801605337067|24483&4&1302.5449235891283|24489&4&136.49127334959707|24493&4&1488.9810323028464|24497&4&5.220088988369166|24509&4&3.335125330369159,2|24403&4&106.23573937826295|24404&4&1409.6011251187517|24411&4&524.8022191139671|24419&4&841.3522470790082|24421&4&558.2594783225259|24422&4&171.22435486228414|24437&4&130.9972329181655|24442&4&855.2507526428284|24446&4&1047.064561213717|24451&4&1472.216694236746|24452&4&647.1133823118364|24453&4&1474.6724597182074|24459&4&446.50426257557024|24472&4&571.5717079139455|24477&4&1124.9312198335228|24485&4&1197.1996369263297|24497&4&93.49283790976247|24513&4&24.179060872029257,2|24398&4&466.5622099645833|24403&4&76.49909873146927|24412&4&241.9928022344547|24422&4&147.92412366929727|24423&4&135.7494428720151|24424&4&357.0241056646069|24425&4&13.900172387454804|24426&4&635.9711649093385|24436&4&860.2499487175204|24438&4&461.3176106403261|24443&4&310.78069625580645|24445&4&693.2482217150886|24458&4&146.57262706091618|24481&4&107.91687681019891|24484&4&1172.924128778377|24488&4&1047.182371115321|24489&4&225.00825618043848|24498&4&119.53022449437975|24507&4&10.886328544384021|24509&4&7.259265323808231|24513&4&127.23783111916029,2|24400&4&802.4641991180197|24401&4&286.5730669536545|24405&4&788.6522050329969|24413&4&54.797469600191384|24414&4&965.0378605013491|24415&4&751.7652994981986|24416&4&694.941808116703|24419&4&93.3046071336025|24424&4&661.3459649688173|24432&4&812.392006842287|24443&4&388.6653760839895|24459&4&5.329070518200751E-15|24467&4&1506.9737101110966|24470&4&206.2698286262753|24471&4&169.97895779399778|24472&4&216.26734227362942|24487&4&206.69730863364776|24491&4&1374.6470281191455|24496&4&465.81795166852294|24500&4&5.634107947907603|24504&4&50.394967947284194|24505&4&62.546372703597086
150|4,130,1,1,1,1,1,1,1,1,1,1,1,1,1,1,1,1,1,1,1,1,1,1,1,1,1,1,1,1,1,1,1,1,1,1,1,1,1,1,1,1,1,1,1,1,1,1,1,1,1,1,1,1,1,1,1,1,1,1,1,1,1,1,1,1,1,1,1,1,1,1,1,1,1,1,1,1,1,1,1,1,1,1,1,1,1,1,1,1,1,1,1,1,1,1,1,1,1,1,1,1,0,0,0,0,0,0,0,0,0,0,0,0,0,0,0,0,0,0,0,0,2|24401&4&33.3701141741401|24408&4&632.146762250712|24416&4&651.7511081724606|24420&4&158.89335280401988|24426&4&161.21762033694856|24427&4&0.0|24429&4&1572.2533550665723|24434&4&1682.1418414648815|24448&4&340.1022716057774|24461&4&1701.81975091303|24465&4&1012.4324943574068|24467&4&168.94656028548957|24482&4&990.3990152266175|24485&4&44.974970952734864|24489&4&363.4637894302439,2|24401&4&235.21990650132017|24417&4&695.3272802969856|24422&4&140.064597980362|24423&4&1263.1101376552124|24432&4&924.4859487548038|24437&4&192.77027133028477|24439&4&542.7463762318245|24447&4&107.54623288894172|24452&4&99.73493439006924|24454&4&1366.800368959157|24455&4&180.32238898236537|24459&4&74.73906315931814|24462&4&555.9688528214537|24467&4&560.3996235408376|24468&4&77.61304756721637|24477&4&87.37662221444691|24480&4&516.0026275887233|24485&4&17.250307362510448|24491&4&70.95576579185945|24494&4&47.80703591125467|24498&4&37.691205091688865|24499&4&47.90441182578566|24500&4&3.228739203093085|24505&4&80.04767028498449|24512&4&64.93122051043031,2|24402&4&949.409628015336|24403&4&253.82159916742472|24409&4&1483.1261058652312|24411&4&391.3490614388009|24413&4&862.6525391340722|24427&4&771.9601878187467|24430&4&42.14221106095486|24435&4&190.4571949370941|24442&4&652.5229395359445|24455&4&27.24885090078804|24459&4&148.69805845160897|24463&4&151.35831785836427|24466&4&127.84819396109867|24468&4&463.24215664891057|24478&4&1658.8470504424076|24482&4&331.7152185751999|24486&4&1112.2547641465885|24498&4&185.73168019131018|24500&4&63.72808100459952|24511&4&297.9480500989615|24512&4&98.10792461424302|24513&4&23.51708107373846|24516&4&121.38595888683795,2|24397&4&583.0420292558858|24407&4&751.6299537568781|24412&4&125.89092726792092|24415&4&346.76154742061686|24430&4&128.43528424066673|24431&4&2060.9506189933804|24438&4&222.2953495016719|24443&4&263.36576074478154|24445&4&158.79930247309045|24450&4&1188.8494875207512|24460&4&590.8362663560022|24468&4&30.361304565288147|24469&4&0.0|24473&4&566.793504956798|24475&4&462.2988612086043|24485&4&276.42996189218206|24487&4&55.151672075786045|24494&4&0.30209773174555166|24511&4&216.08370190946184,2|24403&4&176.1929164171004|24404&4&249.162516606828|24410&4&1034.236403322269|24417&4&841.9615957815555|24433&4&659.8835323852123|24435&4&1022.8099086058546|24437&4&183.8782783169521|24449&4&841.3814318743908|24455&4&1048.7906687640434|24476&4&1304.080729682515|24478&4&0.6970612625172783|24479&4&733.1530922952528|24483&4&22.85098202206648|24495&4&203.61331151612566|24507&4&42.72043081345055|24515&4&47.29638298256648,2|24398&4&298.0919567603942|24399&4&740.9990669233457|24406&4&462.7245416195898|24428&4&453.0831585803299|24430&4&433.2701651257827|24434&4&81.79194620057743|24440&4&573.619772582375|24442&4&22.196789500601597|24443&4&345.3414498390087|24444&4&365.0994404200512|24456&4&685.5502953582203|24464&4&262.70929240832055|24470&4&146.88769279504513|24471&4&177.4093445429712|24474&4&13.406351802511086|24490&4&895.916023500395|24492&4&326.48001287204715|24494&4&699.0100505293375|24495&4&524.7415092776887|24512&4&314.4918748807932|24513&4&75.95113941646422,2|24399&4&1164.7890963590194|24404&4&115.92207264513434|24412&4&511.03512887553404|24418&4&1085.1432995389405|24420&4&79.59099966161159|24427&4&237.10294496221863|24432&4&9.947598300641403E-14|24436&4&385.9593806597006|24441&4&541.8796824980965|24457&4&371.38866965384545|24463&4&523.4295488256439|24464&4&55.23544389372283|24479&4&835.2167101141195|24482&4&152.58278404926523|24483&4&1297.1750398469735|24489&4&102.13573652249491|24493&4&1385.93640358618|24497&4&3.327735584920177|24509&4&1.3138314590043347,2|24403&4&96.50153091864824|24404&4&1318.535393058327|24411&4&483.0254615090929|24419&4&883.4008777188908|24421&4&516.142491221706|24422&4&156.10426128067235|24437&4&96.30686222435266|24442&4&774.662593167038|24446&4&1073.8901438781288|24451&4&1413.720318179694|24452&4&769.574314079422|24453&4&1422.4186589718024|24459&4&410.82222054826065|24472&4&485.23179277007523|24477&4&1046.3770331960557|24485&4&1100.5242486301922|24497&4&85.52288860388106|24513&4&21.655929770687784,2|24398&4&421.14210363135646|24403&4&60.19877547892094|24412&4&229.2563389589571|24422&4&122.49693721610406|24423&4&94.61331591341047|24424&4&290.92464658796985|24425&4&142.4348189525134|24426&4&821.1388995836387|24436&4&810.0222529108198|24438&4&414.36487687546725|24443&4&297.9826046302144|24445&4&704.2032990768703|24457&4&179.2277567152877|24458&4&136.6728634130626|24481&4&100.17104396027321|24484&4&1235.6156734785304|24488&4&1122.6054028989347|24489&4&471.89526392666784|24498&4&112.6732708203943|24507&4&8.530526803768657|24509&4&5.44444899285617|24513&4&117.5872250203272,2|24400&4&829.0749248562188|24401&4&271.16096117490486|24405&4&952.3526011244101|24413&4&43.83797568015309|24414&4&970.768856475198|24415&4&706.0182307326461|24416&4&863.5474534949432|24419&4&64.48656672432762|24424&4&790.5169599144285|24432&4&882.8336711766739|24443&4&365.12462909385386|24467&4&1408.3290543497371|24470&4&178.9019139678013|24471&4&156.12205216812058|24472&4&210.7634281407437|24487&4&192.26455146660402|24491&4&1236.6068127664253|24496&4&419.6828992135345|24500&4&5.3211019508016255|24504&4&46.714063107420856|24505&4&57.917479786210805
151|4,130,1,1,1,1,1,1,1,1,1,1,1,1,1,1,1,1,1,1,1,1,1,1,1,1,1,1,1,1,1,1,1,1,1,1,1,1,1,1,1,1,1,1,1,1,1,1,1,1,1,1,1,1,1,1,1,1,1,1,1,1,1,1,1,1,1,1,1,1,1,1,1,1,1,1,1,1,1,1,1,1,1,1,1,1,1,1,1,1,1,1,1,1,1,1,1,1,1,1,1,1,0,0,0,0,0,0,0,0,0,0,0,0,0,0,0,0,0,0,0,0,2|24401&4&20.201044988843655|24408&4&795.9208166369631|24409&4&191.60580424116654|24416&4&571.8192764405974|24420&4&247.30973963550397|24426&4&133.0543539954473|24429&4&1543.4287867078015|24434&4&1511.7444036609238|24448&4&298.40212623139183|24461&4&1583.0023477712757|24465&4&971.3365624911189|24467&4&160.49923227121508|24482&4&1034.1360683563796|24485&4&27.681376329498498|24489&4&332.42418372372777|24509&4&14.977204062581677,2|24401&4&209.905389138693|24416&4&49.31498919431931|24417&4&588.1448807556751|24422&4&115.66977154957834|24423&4&1254.503110861076|24432&4&812.9490108657042|24437&4&174.46454217002915|24439&4&488.7706274892419|24447&4&96.31266541703883|24452&4&76.20188592511906|24454&4&1310.7662816209472|24455&4&157.45732716510508|24459&4&61.414386709660555|24462&4&614.1465096046164|24467&4&480.53350059497086|24468&4&48.504787085575416|24477&4&61.8247132549228|24480&4&674.8805491889723|24485&4&14.37525613542537|24491&4&211.9728422747669|24494&4&36.50058790327973|24498&4&27.07582346917227|24499&4&43.74826025311216|24500&4&1.7871253233241593|24505&4&65.65967047914278|24512&4&51.084459237540855,2|24402&4&872.7732850396411|24403&4&239.96507946067547|24409&4&1306.8023026821852|24411&4&367.4270482149611|24413&4&811.9262392723948|24427&4&723.8311996929078|24430&4&39.33273032355787|24435&4&173.37530720393502|24442&4&766.242805528202|24455&4&14.25621799785929|24459&4&140.91343663498907|24463&4&136.90354714319494|24466&4&118.12546208709497|24468&4&420.4027402572483|24478&4&1537.1039959902423|24482&4&273.22871147167035|24486&4&1260.6684110419153|24498&4&215.45409141186576|24500&4&57.261119230961754|24511&4&330.1602594933892|24512&4&141.85769272184308|24513&4&15.795475639743108|24516&4&108.32361551525783,2|24397&4&538.9435804070705|24407&4&685.5193710092062|24412&4&311.5682346412923|24415&4&287.63362595378885|24430&4&296.85191555205535|24431&4&2181.8025324694854|24438&4&210.6933240348941|24443&4&215.06430209777568|24445&4&126.44949352347851|24450&4&1341.6661076006676|24460&4&753.5767627879129|24468&4&123.54377246892679|24473&4&499.7705043396492|24475&4&421.2345996946932|24485&4&369.2060055570201|24487&4&49.47545409433826|24494&4&1.3322676295501878E-15|24511&4&189.3190889268518,2|24403&4&163.25507279830032|24404&4&196.34336121148363|24410&4&947.5079379860724|24417&4&1020.0979969715343|24433&4&625.4770941588429|24435&4&1095.2223969148304|24437&4&314.5172284849873|24449&4&928.8354608930392|24455&4&1159.7077128546027|24476&4&1291.720251383007|24478&4&4.218847493575595E-15|24479&4&655.1356984027681|24483&4&11.425491011033245|24488&4&77.90835579523912|24495&4&159.39069645887423|24507&4&39.26798787128635|24515&4&43.38603173667462,2|24398&4&354.0767634917473|24399&4&823.7262159556602|24406&4&530.4962676912205|24428&4&505.02533047272806|24430&4&358.7436116963131|24434&4&275.82812191637316|24440&4&686.5339277398361|24442&4&11.309476458488932|24443&4&313.3467624398833|24444&4&390.82230466919646|24456&4&855.644722932253|24464&4&286.84516259298664|24469&4&82.82697653387068|24470&4&133.8470397031555|24471&4&143.7958039176392|24474&4&43.144141044125114|24490&4&821.5533752659094|24492&4&307.044675536353|24494&4&793.5544544315576|24495&4&488.2054090297441|24512&4&291.4380034673358|24513&4&72.06846415188718,2|24399&4&1030.3137602871795|24404&4&231.72271547925712|24412&4&439.3810438850356|24418&4&1115.0264952317552|24420&4&62.98669876561513|24427&4&196.72658100163142|24436&4&331.67167697091725|24441&4&483.8273399979624|24457&4&328.3564268480723|24463&4&491.10516841124013|24464&4&42.61524262440245|24479&4&844.6031568376936|24482&4&139.86755204515978|24483&4&1199.090704102754|24489&4&70.584468090225|24493&4&1307.5155193477112|24497&4&1.4353821814711882|24509&4&-1.1546319456101628E-14,2|24403&4&86.76732245903355|24404&4&1227.4696609979019|24411&4&441.24870390421864|24419&4&880.2910865445732|24421&4&482.3872802234078|24422&4&140.98416769906055|24437&4&65.48556283897099|24442&4&694.0744336912478|24446&4&989.7924945576226|24451&4&1315.985868909864|24452&4&891.4669602012802|24453&4&1537.005573462838|24459&4&375.1401785209511|24472&4&403.33793717597314|24477&4&1093.0670315906084|24485&4&1003.848860334054|24497&4&77.55293929799963|24513&4&19.13279866934631,2|24398&4&382.16311064471|24403&4&43.92619170850036|24412&4&216.51987568345947|24422&4&100.83567739349726|24423&4&59.06440122123277|24424&4&234.45682236157265|24425&4&246.0281328617085|24426&4&1035.3374704636433|24436&4&759.7945571041191|24438&4&371.38065323039194|24443&4&282.08328522577904|24445&4&652.999253888251|24457&4&228.42830056900345|24458&4&126.77309976520905|24481&4&92.4252111103475|24484&4&1446.1174369980158|24488&4&1020.7441300778906|24489&4&572.6985350845304|24498&4&105.81631714640886|24507&4&6.174725063153292|24509&4&3.629632661904109|24513&4&107.9366189214941,2|24400&4&918.5364770736669|24401&4&328.0940147161527|24405&4&1047.2937790189428|24413&4&32.87848176011483|24414&4&1029.4643883556234|24415&4&785.2234661504527|24416&4&813.3864857995223|24419&4&40.61469863393117|24424&4&951.0523051149639|24432&4&941.4239898730509|24443&4&341.58388210371834|24467&4&1314.3881190820834|24470&4&151.53399930932733|24471&4&142.26514654224343|24472&4&231.5360950667395|24487&4&177.83179429956022|24491&4&1101.4696476063364|24496&4&373.54784675854603|24500&4&22.908881073959424|24504&4&43.03315826755751|24505&4&53.288586868824524
152|4,130,1,1,1,1,1,1,1,1,1,1,1,1,1,1,1,1,1,1,1,1,1,1,1,1,1,1,1,1,1,1,1,1,1,1,1,1,1,1,1,1,1,1,1,1,1,1,1,1,1,1,1,1,1,1,1,1,1,1,1,1,1,1,1,1,1,1,1,1,1,1,1,1,1,1,1,1,1,1,1,1,1,1,1,1,1,1,1,1,1,1,1,1,1,1,1,1,1,1,1,1,0,0,0,0,0,0,0,0,0,0,0,0,0,0,0,0,0,0,0,0,2|24401&4&7.702650602931728|24408&4&750.2709363265899|24409&4&496.36180243093406|24416&4&495.7734691833523|24420&4&228.5136795499535|24426&4&114.96746303106426|24429&4&1509.8842861657517|24434&4&1346.314809153147|24448&4&451.5813723757889|24461&4&1500.0293028208046|24465&4&1108.391713189764|24467&4&205.00362543202357|24482&4&1076.3275107189697|24485&4&16.615408773578416|24488&4&271.41013062764546|24489&4&301.38457801721165|24509&4&31.398988582590846,2|24401&4&184.59087177606588|24416&4&87.12156780342335|24417&4&491.9144824930826|24422&4&91.2749451187947|24423&4&1470.335889782494|24432&4&701.4120729766046|24434&4&180.1201318126043|24437&4&156.15881300977355|24439&4&434.79487874665944|24447&4&178.23108954825685|24452&4&52.66883746016888|24454&4&1525.967968124009|24455&4&134.59226534784477|24459&4&48.08971026000297|24462&4&564.3082867850976|24467&4&408.83416752432345|24468&4&29.483729546446888|24477&4&48.59721961002313|24480&4&624.5048638863667|24485&4&11.500204908340294|24491&4&417.08115121825597|24494&4&25.194139895304797|24498&4&18.189110736769102|24499&4&39.592108680438656|24500&4&0.8935626616620808|24505&4&52.77384654317993|24512&4&38.809555432416964,2|24402&4&812.1302835100018|24403&4&299.8337263828343|24409&4&1139.2035952925646|24411&4&343.50503499112114|24413&4&761.2958172708261|24427&4&759.5930258086433|24430&4&36.52324958616088|24435&4&156.29341947077594|24442&4&723.9778153119668|24455&4&6.398439339945495|24459&4&133.12881481836914|24463&4&122.44877642802564|24466&4&108.40273021309126|24468&4&377.563323865586|24478&4&1403.874749656527|24482&4&220.6679106132015|24486&4&1162.1096320458719|24498&4&243.70018638653295|24500&4&50.794157457324005|24511&4&359.60465771013355|24512&4&134.3778868539875|24513&4&9.588715173584827|24516&4&95.2612721436777,2|24397&4&494.8451315582551|24407&4&667.6407963132422|24412&4&321.70067146241763|24415&4&236.3404081924939|24430&4&312.73558088607376|24431&4&2030.95086254435|24438&4&201.10080514095978|24443&4&168.8854336979918|24445&4&94.91083243365472|24450&4&1312.5458989129106|24460&4&1029.4408427564133|24468&4&249.48997917566723|24473&4&449.45573275911244|24475&4&382.86927078895707|24485&4&350.0546303744386|24487&4&43.79923611289048|24511&4&164.16434851059333,2|24403&4&150.31722917950026|24404&4&150.89008131698836|24410&4&861.6847300731738|24417&4&1208.3463362327689|24433&4&581.8577555589882|24435&4&1111.5686268283885|24437&4&544.1628967649956|24449&4&963.5911176270508|24455&4&1268.7780036804736|24476&4&1397.8045257772278|24479&4&581.4901439126718|24483&4&0.0|24488&4&74.01293800547717|24495&4&118.18975789719423|24507&4&35.81554492912216|24515&4&39.47568049078276,2|24398&4&382.437915337672|24399&4&1131.3768174076956|24406&4&524.270018964399|24428&4&912.68034738806|24430&4&291.5615668865072|24434&4&261.4828058836653|24440&4&879.83406032782|24442&4&6.3472786355246775|24443&4&281.3520750407578|24444&4&441.80283701234333|24456&4&831.1254259923712|24464&4&385.9006176046064|24469&4&78.68562770717715|24470&4&177.9944591604416|24471&4&110.18226329230723|24474&4&40.91637424558985|24490&4&776.4424995338327|24492&4&287.8899652749638|24494&4&835.928086518419|24495&4&451.6693087817995|24512&4&268.38413205387843|24513&4&123.5178897972381,2|24399&4&907.0284349046856|24404&4&243.18803776592503|24412&4&367.8074617994667|24418&4&1171.2129603414555|24420&4&49.026807968120586|24427&4&156.35021704104423|24436&4&279.25911039089885|24441&4&556.756242019416|24457&4&295.4134380899327|24463&4&458.78078799683635|24464&4&29.995041355082066|24479&4&893.885275887008|24482&4&127.15232004105434|24483&4&1496.4823073081757|24489&4&45.322256564342524|24493&4&1196.3054348129738|24497&4&-4.884981308350689E-15,2|24403&4&77.03311399941886|24404&4&1136.4039289374764|24411&4&399.4719462993444|24419&4&994.939231974808|24421&4&439.8522043174618|24422&4&125.86407411744874|24437&4&39.683913773793435|24442&4&613.4862742154576|24446&4&1092.3116144408289|24451&4&1470.3859771436987|24452&4&999.3089493974569|24453&4&1529.9874117641934|24459&4&339.4581364936415|24472&4&329.79121277833417|24477&4&1085.0641282832419|24485&4&907.1734720379162|24497&4&69.5829899921182|24513&4&16.609667568004838,2|24398&4&346.39690979879|24403&4&29.812578796598324|24412&4&203.78341240796186|24422&4&82.50625442279538|24423&4&23.51548652905502|24424&4&188.98722887445058|24425&4&253.72322843956516|24426&4&970.8406289180623|24436&4&709.5668612974187|24438&4&328.3964295853167|24443&4&266.1839658213438|24445&4&762.779113757327|24457&4&327.96596058379447|24458&4&116.87333611735549|24481&4&84.67937826042181|24484&4&1493.106015211656|24488&4&923.3726417246337|24489&4&772.2870261697839|24498&4&98.9593634724234|24507&4&3.818923322537927|24509&4&1.8148163309520475|24513&4&98.28601282266101,2|24400&4&986.407888912721|24401&4&504.02914261389054|24405&4&968.0341171989799|24413&4&21.918987840076568|24414&4&998.0768287251278|24415&4&931.4907364359368|24416&4&763.2255181041016|24419&4&21.823835164382647|24424&4&1027.8232521314912|24432&4&882.6558270460155|24443&4&318.0431351135827|24467&4&1220.4471838144295|24470&4&124.1660846508533|24471&4&164.77781666502855|24472&4&348.5567366862599|24475&4&7.635303360120886|24487&4&163.39903713251647|24491&4&978.7571832117844|24496&4&327.4127943035576|24500&4&21.700835820840258|24504&4&39.35225342769418|24505&4&48.65969395143824
153|4,130,1,1,1,1,1,1,1,1,1,1,1,1,1,1,1,1,1,1,1,1,1,1,1,1,1,1,1,1,1,1,1,1,1,1,1,1,1,1,1,1,1,1,1,1,1,1,1,1,1,1,1,1,1,1,1,1,1,1,1,1,1,1,1,1,1,1,1,1,1,1,1,1,1,1,1,1,1,1,1,1,1,1,1,1,1,1,1,1,1,1,1,1,1,1,1,1,1,1,1,1,0,0,0,0,0,0,0,0,0,0,0,0,0,0,0,0,0,0,0,0,2|24401&4&1.8843884556522117|24408&4&719.0976076269117|24409&4&752.4580533167596|24416&4&427.865624000473|24420&4&209.71761946440301|24426&4&96.88057206668131|24429&4&1371.9231234201973|24434&4&1185.6516534364714|24448&4&444.5525920029294|24461&4&1610.8444695962553|24465&4&1002.8606848106108|24467&4&268.2196181160196|24482&4&1205.257865038991|24485&4&5.949633894263035|24488&4&388.90484547755204|24489&4&270.34497231069554|24509&4&47.795564272000725|24512&4&141.64886384813124,2|24401&4&159.27635441343872|24416&4&203.2792692527986|24417&4&403.2401000047123|24422&4&66.88011868801105|24423&4&1630.6010509857917|24432&4&589.875135087505|24434&4&683.2909928196267|24437&4&137.85308384951793|24439&4&502.20077054409836|24447&4&260.62038912602134|24452&4&34.779743214123506|24454&4&1667.7496253741833|24455&4&111.72720353058448|24459&4&35.39678135087862|24462&4&500.65265808621825|24467&4&337.13483445367615|24468&4&18.990730420853563|24477&4&35.369725965123415|24480&4&574.9923388696118|24485&4&8.625153681255217|24491&4&638.2727170465078|24494&4&16.941292648529235|24498&4&11.025151309495406|24499&4&35.43595710776516|24500&4&-1.5543122344752192E-15|24505&4&41.42660603004968|24512&4&28.140310312043916,2|24402&4&730.3270554868261|24403&4&415.7310245611158|24409&4&980.011159997332|24411&4&319.58302176728125|24413&4&748.3862932791739|24427&4&804.9784128167507|24430&4&33.71376884876389|24435&4&139.2115317376169|24442&4&681.7128250957314|24455&4&1.9048374051892518|24459&4&125.34419300174923|24463&4&107.99400571285636|24466&4&233.48960886901727|24468&4&334.72390747392376|24478&4&1270.645503322812|24482&4&174.01328772795824|24486&4&1063.5508530498282|24498&4&272.0566053259125|24500&4&44.32719568368624|24511&4&385.9244567334883|24512&4&126.89808098613187|24513&4&4.857799020928666|24516&4&112.36856121060747,2|24397&4&450.74668270943965|24407&4&600.8172508903006|24412&4&538.6196086949594|24415&4&186.22775764046955|24430&4&409.3218850346923|24431&4&1891.7076637190694|24438&4&425.3543713789897|24443&4&125.11862504843846|24445&4&69.92814310927159|24450&4&1276.6654529556886|24460&4&947.6676557211981|24468&4&356.9411055980122|24473&4&547.052736960675|24475&4&345.51299780228703|24485&4&354.16730152558546|24487&4&38.1230181314427|24511&4&140.6016533334019,2|24403&4&137.3793855607002|24404&4&110.88374115031891|24410&4&830.2974913717719|24417&4&1408.9911929014702|24433&4&519.4208991391911|24435&4&1147.4986860965528|24437&4&569.9426987965655|24449&4&894.1675783104604|24455&4&1246.8548482545934|24476&4&1490.9430747212095|24479&4&511.9794527664452|24488&4&70.11752021571522|24495&4&79.87900333109788|24507&4&32.36310198695797|24515&4&35.565329244890904,2|24398&4&471.04031154149857|24399&4&1313.8847992517194|24406&4&599.499983447302|24428&4&905.9203533786786|24430&4&238.40029987956092|24434&4&247.13748985095748|24440&4&822.3228514413499|24442&4&3.17363931776235|24443&4&249.35738764163239|24444&4&556.3571936723863|24456&4&768.2855250380612|24464&4&403.50424590356204|24469&4&74.54427888048362|24470&4&250.94605893219654|24471&4&85.92250266664003|24474&4&59.804520096213494|24490&4&837.585994928449|24492&4&343.17843240618697|24494&4&834.3677285674535|24495&4&582.2218480558925|24512&4&245.3302606404211|24513&4&165.48639997876623,2|24399&4&795.6413532105846|24404&4&307.92190922879684|24412&4&306.2043668109515|24418&4&1253.1824668282054|24420&4&36.59867154794874|24427&4&116.5403564088481|24436&4&233.29744699265757|24441&4&736.2574428972175|24457&4&265.91207261851076|24463&4&426.4564075824327|24464&4&18.136448307111444|24479&4&892.8703636917342|24482&4&114.4370880369489|24483&4&1636.0751443440154|24489&4&26.79379440389613|24493&4&1086.6876119695087,2|24403&4&67.29890553980415|24404&4&1045.3381968770514|24411&4&357.6951886944701|24419&4&1210.7678033865257|24421&4&397.31712841151597|24422&4&110.74398053583693|24437&4&21.412969896956124|24442&4&532.8981147396673|24446&4&972.9683188584918|24451&4&1395.329347976996|24452&4&1077.6750133438572|24453&4&1385.5371772316846|24459&4&303.776094466332|24472&4&0.0|24477&4&991.5905345994375|24485&4&810.4980837417786|24497&4&61.613040686236786|24503&4&137.26716028396038|24513&4&14.086536466663365,2|24398&4&312.168987566772|24403&4&16.598377494416134|24412&4&191.04694913246425|24422&4&85.99524232500673|24423&4&1.0658141036401503E-13|24424&4&149.0004549936727|24425&4&239.78946851449592|24426&4&906.3437873724812|24436&4&659.339165490718|24438&4&286.1161960622744|24443&4&261.73009609625996|24445&4&844.0265682350175|24457&4&383.2419099224272|24458&4&106.97357246950193|24481&4&234.84794273461057|24484&4&1394.4850975679808|24488&4&831.7421566787917|24489&4&751.7648841004799|24498&4&92.10240979843798|24507&4&1.463121581922562|24509&4&-1.3766765505351941E-14|24513&4&88.63540672382791,2|24400&4&983.7245556605675|24401&4&478.60604120448727|24405&4&888.7744553790167|24413&4&10.959493920038303|24414&4&964.8420982475377|24415&4&1035.656274877744|24416&4&713.0645504086809|24419&4&3.5814436490183006|24424&4&1136.3319829900395|24432&4&1266.973292509923|24443&4&294.5023881234472|24467&4&1126.5062485467756|24470&4&96.7981699923793|24471&4&149.10243225171828|24472&4&0.0|24475&4&33.5032817741655|24487&4&152.31886091818768|24491&4&865.999117579974|24496&4&281.27774184856906|24500&4&20.492790567721094|24504&4&35.67134858783084|24505&4&44.030801034051976
154|4,130,1,1,1,1,1,1,1,1,1,1,1,1,1,1,1,1,1,1,1,1,1,1,1,1,1,1,1,1,1,1,1,1,1,1,1,1,1,1,1,1,1,1,1,1,1,1,1,1,1,1,1,1,1,1,1,1,1,1,1,1,1,1,1,1,1,1,1,1,1,1,1,1,1,1,1,1,1,1,1,1,1,1,1,1,1,1,1,1,1,1,1,1,1,1,1,1,1,1,1,1,0,0,0,0,0,0,0,0,0,0,0,0,0,0,0,0,0,0,0,0,2|24401&4&-4.440892098500626E-16|24408&4&664.8747735916708|24409&4&921.6961804102145|24416&4&364.7269852982631|24420&4&303.2589897706757|24426&4&78.79368110229836|24429&4&1233.9619606746428|24434&4&1035.1859755237092|24448&4&400.09821380915986|24461&4&1703.5934376370983|24465&4&966.614546049125|24467&4&346.64092430979827|24482&4&1123.8865100027206|24485&4&-2.6645352591003757E-14|24488&4&575.510664205714|24489&4&239.30536660417945|24509&4&63.73616631389373|24512&4&186.77846508685818,2|24401&4&133.96183705081157|24416&4&368.9212655546187|24417&4&322.71747333005726|24422&4&42.4852922572274|24423&4&1821.9779035594727|24432&4&492.40938843433486|24434&4&888.2910068438794|24437&4&119.54735468926232|24439&4&672.1467128543983|24447&4&239.8151987424713|24452&4&25.895207936816863|24454&4&1769.3742345975888|24455&4&88.86214171332418|24459&4&22.703852441754265|24462&4&438.4084157664823|24467&4&265.43550138302885|24468&4&9.19128243636361|24477&4&22.142232320223695|24480&4&525.479813852857|24485&4&5.750102454170139|24491&4&939.418203691799|24492&4&6.905893429000258|24494&4&8.688445401753674|24498&4&5.5596680230081095|24499&4&31.27980553509167|24505&4&30.07936551691942|24512&4&19.144370045168415,2|24402&4&877.5350548386942|24403&4&428.80881995566364|24409&4&826.2834677999182|24411&4&295.6610085434414|24413&4&924.5729412350487|24422&4&125.28635962287524|24427&4&905.0649362051658|24430&4&30.904288111366903|24435&4&122.1296440044578|24442&4&800.6173921839351|24453&4&294.2776529778349|24455&4&-4.440892098500626E-16|24459&4&170.52595764445596|24463&4&93.53923499768706|24466&4&263.1268944222293|24468&4&291.8844910822615|24478&4&1216.354160220304|24482&4&132.01553469230527|24486&4&978.0617864916703|24498&4&249.24019619595677|24500&4&37.86023391004849|24511&4&361.74918037106266|24512&4&119.41827511827627|24513&4&1.646868321036084|24516&4&130.2181938057263,2|24397&4&550.3858431697929|24407&4&533.993705467359|24412&4&671.0603862709545|24415&4&144.82982717990367|24430&4&507.15638556882925|24431&4&1844.450362286802|24438&4&621.4768291835136|24443&4&87.31962178506058|24445&4&56.39302545080977|24450&4&1232.0580038698981|24460&4&869.04472135982|24468&4&400.42876606418616|24473&4&475.6698022169469|24475&4&308.1567248156171|24485&4&499.6597580546781|24487&4&32.446800149994914|24511&4&118.59409576950169,2|24403&4&124.44154194190011|24404&4&74.77133398810207|24410&4&745.1448269714211|24417&4&1417.3006617176582|24433&4&554.3714711445634|24435&4&1055.675587583313|24437&4&740.7091009241669|24449&4&933.63054874879|24455&4&1166.5789336318483|24476&4&1367.1201157658472|24479&4&442.46876162021863|24488&4&66.22210242595327|24495&4&52.450003193209504|24507&4&28.910659044793782|24515&4&31.65497799899904,2|24398&4&443.8069757817964|24399&4&1420.6184504077357|24406&4&629.8518227007237|24428&4&920.2963009984601|24430&4&191.58707102394433|24434&4&232.7921738182496|24440&4&913.3201938742736|24442&4&1.865174681370263E-14|24443&4&217.3627002425069|24444&4&588.3865458007335|24456&4&786.0026744615634|24464&4&372.6612138199878|24469&4&70.40293005379009|24470&4&334.0636838721315|24471&4&61.66274204097292|24474&4&56.52095766522029|24490&4&754.9123214561318|24492&4&315.2252119006657|24494&4&770.655281624617|24495&4&735.0330518407084|24512&4&222.2763892269637|24513&4&205.8229886562275,2|24399&4&692.4762843341209|24404&4&591.6016314145159|24412&4&250.68020633341345|24418&4&1300.5983051790026|24420&4&25.26831056621281|24427&4&89.18959223284666|24436&4&187.3357835944162|24441&4&796.0837007494654|24457&4&236.41070714708883|24463&4&394.1320271680289|24464&4&12.328271928970516|24479&4&839.9762758285293|24482&4&101.72185603284345|24483&4&1837.742239389726|24489&4&10.209847280601226|24493&4&977.0697891260431,2|24403&4&57.56469708018946|24404&4&954.2724648166263|24411&4&315.9184310895959|24419&4&1220.4351124008376|24421&4&422.33827903231804|24422&4&95.62388695422513|24437&4&7.2240992550604|24442&4&452.30995526387704|24446&4&854.7895851491294|24451&4&1355.957870974235|24452&4&1005.9311868495906|24453&4&1241.0869426991758|24459&4&268.0940524390224|24477&4&1063.7353663931854|24485&4&713.8226954456406|24497&4&53.643091380355365|24503&4&168.52492008638052|24513&4&11.563405365321891,2|24398&4&285.5840662018013|24403&4&8.562082948415739|24410&4&102.46706778894622|24412&4&178.31048585696664|24422&4&78.61925767087266|24424&4&111.92641232663564|24425&4&225.85570858942668|24426&4&841.8469458269001|24436&4&708.2700323806844|24438&4&253.09431182963638|24443&4&384.62908061371445|24445&4&852.885706079245|24457&4&362.16627873140624|24458&4&97.07380882164837|24481&4&219.20639001847917|24484&4&1264.881459620887|24488&4&758.3386538509578|24489&4&779.0125819051539|24498&4&85.24545612445252|24507&4&-9.325873406851315E-15|24513&4&78.98480062499482,2|24400&4&1230.8537429084322|24401&4&508.9385292349078|24405&4&846.0895587419675|24413&4&3.907985046680551E-14|24414&4&893.2549627533961|24415&4&1068.962970495114|24416&4&662.9035827132601|24419&4&1.4210854715202004E-14|24424&4&1297.314400195523|24432&4&1186.0508482683406|24443&4&270.9616411333116|24467&4&1032.5653132791217|24470&4&73.30274989095194|24471&4&337.96631541691636|24475&4&31.80902942705692|24487&4&137.71847470350818|24491&4&763.6001862928307|24496&4&267.6827582704617|24500&4&34.176571295077046|24504&4&31.990443747967504|24505&4&39.401908116665695
155|4,130,1,1,1,1,1,1,1,1,1,1,1,1,1,1,1,1,1,1,1,1,1,1,1,1,1,1,1,1,1,1,1,1,1,1,1,1,1,1,1,1,1,1,1,1,1,1,1,1,1,1,1,1,1,1,1,1,1,1,1,1,1,1,1,1,1,1,1,1,1,1,1,1,1,1,1,1,1,1,1,1,1,1,1,1,1,1,1,1,1,1,1,1,1,1,1,1,1,1,1,1,0,0,0,0,0,0,0,0,0,0,0,0,0,0,0,0,0,0,0,0,2|24408&4&610.65193955643|24409&4&1101.6730577054952|24416&4&308.4024094769423|24420&4&278.8460581655341|24426&4&60.70679013791541|24429&4&1247.635443431151|24434&4&891.141589449068|24448&4&383.86724003353254|24461&4&1594.351559992433|24465&4&1174.4696729129373|24467&4&584.1012084416107|24482&4&1093.0349307375245|24488&4&690.2828855185714|24489&4&208.26576089766334|24509&4&79.92313973093401|24512&4&177.08541967289494,2|24401&4&108.64731968818442|24416&4&349.6023855493049|24417&4&246.86524407060924|24422&4&23.44571245797356|24423&4&1787.6669174620492|24432&4&399.32010773390675|24434&4&1180.7138013365623|24437&4&101.24162552900673|24439&4&815.51242041069|24447&4&219.0100083589212|24452&4&18.270090032692963|24454&4&1682.0932720985998|24455&4&65.99707989606388|24459&4&10.010923532629914|24462&4&615.6418082403447|24467&4&193.73616831238147|24468&4&6.750155989720952E-14|24477&4&8.914738675323973|24480&4&475.9672888361021|24485&4&2.875051227085061|24491&4&1024.769013721564|24492&4&6.560598757550245|24494&4&0.43559815497811294|24498&4&1.8759641767148687|24499&4&27.123653962418167|24505&4&18.73212500378916|24512&4&11.882458894048934,2|24402&4&795.9944282268646|24403&4&402.72940924446686|24409&4&683.7064488105227|24411&4&271.7389953196015|24413&4&961.4300421209109|24416&4&121.95301508207228|24422&4&256.29085199723556|24427&4&1098.6153701104572|24430&4&28.094807373969914|24435&4&105.04775627129872|24442&4&921.8883253914086|24446&4&15.60694151453555|24453&4&640.329084809211|24459&4&201.00913462392575|24463&4&79.08446428251777|24466&4&260.4852505229403|24468&4&249.04507469059922|24478&4&1476.243540062623|24482&4&92.87781065364626|24486&4&1066.844588218717|24498&4&226.423787066001|24500&4&31.393272136410733|24511&4&539.5142909757515|24512&4&111.93846925042067|24513&4&-1.199040866595169E-14|24516&4&146.78847820442707,2|24397&4&499.100513855519|24407&4&467.1701600444174|24412&4&838.2617648358791|24415&4&108.9996438949416|24430&4&691.8936983716197|24431&4&1911.9945996174029|24438&4&664.8760015961602|24443&4&54.49186775257102|24445&4&43.904057649938444|24450&4&1214.020870592971|24460&4&792.7441813265043|24468&4&611.9198365245645|24473&4&656.6742039753256|24475&4&270.8004518289471|24485&4&701.756757366351|24487&4&26.770582168547133|24511&4&98.29736499022046,2|24403&4&111.50369832310004|24404&4&45.92128640704402|24410&4&667.0218448087724|24417&4&1751.7784348424066|24433&4&619.9862845956329|24435&4&963.852489070073|24437&4&840.817920169897|24449&4&875.0288600395138|24455&4&1155.306911039803|24476&4&1243.2971568104851|24479&4&372.95807047399205|24488&4&62.32668463619131|24495&4&33.119114924971|24507&4&25.458216102629592|24515&4&27.744626753107184,2|24398&4&575.8438037216081|24399&4&1790.956010877437|24406&4&579.8918642607981|24428&4&847.7774147018166|24430&4&148.75273954642051|24434&4&218.44685778554174|24440&4&838.0384063200031|24443&4&185.36801284338142|24444&4&678.8332575326203|24456&4&719.1349209883626|24464&4&339.1261338239021|24469&4&66.26158122709656|24470&4&412.65681510053264|24471&4&44.0947887810157|24474&4&53.23739523422708|24490&4&874.3154404758286|24492&4&287.27199139514437|24494&4&903.765125023233|24495&4&957.3648606092756|24512&4&199.22251781350633|24513&4&235.4624572112907,2|24399&4&592.8653443435843|24404&4&661.028327793272|24412&4&204.13454077313136|24418&4&1264.517817117449|24420&4&18.501037090001077|24427&4&66.78616978772628|24436&4&144.32299170086793|24441&4&729.9016994660149|24457&4&206.90934167566687|24463&4&361.80764675362525|24464&4&9.246203946727904|24479&4&790.2541248453026|24482&4&89.006624028738|24483&4&1680.0151610545|24489&4&2.8421709430404007E-14|24493&4&908.4983145359136,2|24403&4&47.83048862057476|24404&4&863.2067327562012|24411&4&276.35430371205473|24419&4&1129.8922080209206|24421&4&528.1426557143118|24422&4&80.50379337261332|24437&4&2.6645352591003757E-14|24440&4&197.78255920670767|24442&4&371.7217957880868|24446&4&749.6260947692545|24451&4&1441.983674627416|24452&4&941.6097793539504|24453&4&1101.3222248840746|24459&4&232.41201041171277|24477&4&1163.5687909761464|24485&4&617.1473071495028|24497&4&45.673142074473944|24503&4&183.81272244329952|24513&4&9.04027426398042,2|24398&4&258.9991448368306|24403&4&2.839508710675197|24410&4&241.323058511901|24412&4&165.57402258146902|24422&4&71.24327301673857|24424&4&79.14482197296856|24425&4&211.9219486643575|24426&4&777.3501042813191|24436&4&747.703001864767|24438&4&231.73110266659216|24443&4&622.7212726628843|24445&4&796.8522471914902|24457&4&341.09064754038525|24458&4&87.17404517379481|24481&4&203.5648373023477|24484&4&1167.4501421777104|24488&4&688.4655929896296|24489&4&956.8508467524506|24498&4&78.38850245046709|24513&4&69.33419452616172,2|24400&4&1305.9754828055852|24401&4&656.1940816756044|24405&4&817.1838851336267|24414&4&821.6678272592543|24415&4&993.5756156353274|24416&4&612.7426150178394|24424&4&1342.42243457804|24432&4&1391.4278759623794|24443&4&247.42089414317604|24467&4&938.6243780114679|24470&4&50.56344528620957|24471&4&340.8001972557886|24472&4&30.914681399169737|24475&4&43.32803053324952|24487&4&123.11808848882866|24491&4&661.8896993121535|24496&4&219.92070237162923|24498&4&30.536484966466332|24500&4&57.62875158234178|24504&4&28.309538908104166|24505&4&34.77301519927943
156|4,130,1,1,1,1,1,1,1,1,1,1,1,1,1,1,1,1,1,1,1,1,1,1,1,1,1,1,1,1,1,1,1,1,1,1,1,1,1,1,1,1,1,1,1,1,1,1,1,1,1,1,1,1,1,1,1,1,1,1,1,1,1,1,1,1,1,1,1,1,1,1,1,1,1,1,1,1,1,1,1,1,1,1,1,1,1,1,1,1,1,1,1,1,1,1,1,1,1,1,1,1,0,0,0,0,0,0,0,0,0,0,0,0,0,0,0,0,0,0,0,0,2|24408&4&556.4291055211893|24409&4&1356.2642168099642|24416&4&254.96851607043683|24420&4&254.43312656039242|24426&4&44.15378797904931|24429&4&1447.1526960728352|24434&4&764.485349532852|24448&4&345.02936246551394|24461&4&1458.9018582168605|24465&4&1080.190916006099|24467&4&811.6319682583575|24482&4&1086.2064865392856|24488&4&652.5610151902075|24489&4&177.22615519114723|24509&4&75.51229054547544|24512&4&167.3923742589317,2|24401&4&88.70797859617213|24416&4&330.28350554399117|24417&4&187.04462048207154|24422&4&7.19292391352525|24423&4&1841.8237152958782|24432&4&315.8928263977148|24434&4&1381.9785324287964|24437&4&82.9358963687511|24439&4&749.212522575764|24447&4&216.99737110196935|24452&4&12.180060021795313|24454&4&1676.3232589861343|24455&4&48.062419977097846|24459&4&172.82324367577115|24462&4&772.9614035333552|24467&4&122.9045121429615|24477&4&-7.105427357601002E-14|24480&4&487.3356355288668|24485&4&-1.687538997430238E-14|24491&4&1143.9700111083844|24492&4&14.394308490415241|24494&4&-2.9976021664879227E-15|24498&4&-5.773159728050814E-15|24499&4&23.59142976985199|24505&4&11.262941550769243|24512&4&6.391163130726107,2|24402&4&867.1628210830905|24403&4&376.64999853327004|24409&4&554.2096134452056|24411&4&247.8169820957616|24413&4&1057.7536945204733|24416&4&194.75034570272965|24422&4&321.5774507347951|24427&4&1009.6591268889708|24430&4&25.285326636572925|24435&4&87.96586853813966|24442&4&1240.6245076139262|24446&4&262.39320121875824|24453&4&953.9449178995811|24459&4&188.5303875783867|24463&4&64.62969356734848|24466&4&0.0|24468&4&206.205658298937|24478&4&1513.1875852058386|24482&4&59.053113451867915|24486&4&1084.390820456796|24498&4&203.60737793604528|24500&4&24.926310362772977|24511&4&552.017618415571|24512&4&104.45866338256506|24516&4&163.68224079169477,2|24397&4&447.8151845412452|24407&4&700.2613428211727|24412&4&995.8707700084724|24415&4&73.34215237558502|24430&4&710.7972311574524|24431&4&1825.351667212353|24438&4&626.500528618621|24443&4&25.958958185085983|24445&4&31.415089849067115|24450&4&1238.782482837066|24460&4&717.8206088234377|24468&4&776.5949875736817|24473&4&749.1467299314604|24475&4&233.4441788422771|24485&4&932.3744403975551|24487&4&21.09436418709935|24511&4&79.74145114867065,2|24403&4&98.56585470429997|24404&4&19.03135016975446|24410&4&588.8988626461237|24417&4&1630.1357643328195|24433&4&637.8116965013|24435&4&872.0293905568332|24437&4&790.9808185023614|24449&4&868.3325781860996|24455&4&1292.7447297573713|24476&4&1119.474197855123|24479&4&303.4473793277655|24488&4&58.43126684642935|24495&4&20.559316378201196|24507&4&22.0057731604654|24515&4&23.834275507215324,2|24398&4&540.6469597769303|24399&4&1772.5753237598506|24406&4&529.9319058208725|24428&4&930.714062061934|24430&4&111.03041188220786|24434&4&204.1015417528339|24440&4&767.445682318262|24443&4&153.37332544425595|24444&4&658.27523782892|24456&4&652.2671675151618|24464&4&305.59105382781627|24469&4&62.120232400403026|24470&4&567.2248243928037|24471&4&26.526835521058473|24474&4&49.95383280323387|24490&4&1007.0988909464727|24492&4&259.318770889623|24494&4&913.0223499959109|24495&4&935.1712498663005|24512&4&176.16864640004894|24513&4&221.8519256352654,2|24399&4&511.14906994863105|24404&4&958.7561050109273|24412&4&165.5735071770915|24418&4&1183.3740468222877|24420&4&11.73376361378936|24427&4&47.9123428403052|24436&4&107.746611014011|24441&4&663.7196981825641|24457&4&178.01024445286092|24463&4&329.4832663392215|24464&4&6.164135964485276|24479&4&1056.5906470849234|24482&4&76.29139202463256|24483&4&1531.400444810769|24493&4&807.8249944307272,2|24403&4&38.09628016096006|24404&4&772.141000695776|24411&4&236.7901763345136|24419&4&1230.5602275070394|24421&4&492.00989176037524|24422&4&65.38369979100152|24440&4&187.8934312463723|24442&4&291.1336363122965|24446&4&649.6550124211116|24451&4&1435.6874922821855|24452&4&867.4914115937988|24453&4&972.6909774832952|24459&4&196.7299683844032|24460&4&20.544576452063893|24477&4&1189.7709124689604|24481&4&1.0596505551109514|24485&4&520.471918853365|24497&4&37.70319276859253|24503&4&199.8333606293882|24513&4&6.5171431626389476,2|24398&4&232.41422347186|24403&4&6.217248937900877E-15|24410&4&296.6501006921733|24412&4&152.8375593059714|24417&4&293.9969100187931|24422&4&63.867288362604484|24424&4&55.08168138123513|24425&4&197.98818873928826|24426&4&712.8532627357381|24436&4&834.1320135571145|24438&4&210.61755457138835|24443&4&820.0003380094678|24445&4&776.3154017748872|24457&4&320.01501634936426|24458&4&77.27428152594125|24481&4&187.9232845862163|24484&4&1081.0120713575056|24488&4&619.1799906865427|24489&4&909.2695176313168|24498&4&71.53154877648163|24513&4&59.683588427328615,2|24400&4&1262.501974573106|24401&4&615.3266412102683|24405&4&736.727330225154|24414&4&750.0806917651124|24415&4&918.1882607755408|24416&4&562.5816473224186|24424&4&1264.1520164424865|24432&4&1663.6109465293148|24443&4&223.88014715304047|24467&4&844.6834427438141|24470&4&35.718747890055816|24471&4&348.0850705723742|24472&4&370.9658979181085|24475&4&40.97311551347589|24487&4&108.51770227414913|24491&4&569.2136285383808|24496&4&222.51394211906666|24498&4&64.79398648358924|24500&4&80.96856267658151|24504&4&24.628634068240828|24505&4&30.144122281893146
157|4,130,1,1,1,1,1,1,1,1,1,1,1,1,1,1,1,1,1,1,1,1,1,1,1,1,1,1,1,1,1,1,1,1,1,1,1,1,1,1,1,1,1,1,1,1,1,1,1,1,1,1,1,1,1,1,1,1,1,1,1,1,1,1,1,1,1,1,1,1,1,1,1,1,1,1,1,1,1,1,1,1,1,1,1,1,1,1,1,1,1,1,1,1,1,1,1,1,1,1,1,1,0,0,0,0,0,0,0,0,0,0,0,0,0,0,0,0,0,0,0,0,2|24408&4&555.9149246194893|24409&4&1770.6809614983945|24416&4&207.31272706204112|24420&4&390.3093712606916|24426&4&27.600785820183212|24429&4&1690.9603391108135|24434&4&653.6995162420992|24448&4&398.440063037338|24461&4&1652.2581754479747|24465&4&979.6499371266715|24467&4&1131.0510213610225|24482&4&1279.2207369938706|24488&4&614.8391448618438|24489&4&146.18654948463112|24509&4&71.10144136001688|24512&4&157.69932884496848,2|24401&4&68.76863750415986|24416&4&310.9646255386774|24417&4&135.2363465261609|24422&4&4.085620730620576E-14|24423&4&1870.111634877438|24432&4&240.32921794326512|24434&4&1583.7257046255104|24437&4&64.63016720849548|24439&4&682.912624740838|24447&4&0.0|24452&4&6.090030010897675|24454&4&1627.7139106863997|24455&4&35.85653661757412|24459&4&296.11651557161593|24462&4&842.3200661721352|24467&4&66.5207422837763|24480&4&489.64476946433103|24491&4&1077.906782512792|24492&4&46.925068822730694|24499&4&20.05920557728581|24505&4&5.716460628593215|24512&4&159.85762344154207,2|24402&4&889.0150133086596|24403&4&350.57058782207326|24409&4&440.48809206123303|24411&4&223.89496887192175|24413&4&968.3745064626044|24416&4&184.70794587988797|24422&4&499.87872793411464|24427&4&974.3318661625888|24430&4&22.475845899175937|24435&4&70.88398080498058|24442&4&1244.8709415549997|24446&4&291.61469489174357|24453&4&1122.0452271452227|24459&4&176.05164053284764|24463&4&50.174922852179186|24466&4&39.26597340817787|24468&4&163.36624190727474|24478&4&1419.7439177917345|24482&4&30.583105309445735|24486&4&1165.2589423598283|24498&4&180.79096880608955|24500&4&19.23078995645209|24511&4&515.4065415472596|24512&4&96.97885751470945|24516&4&147.9696833836038,2|24397&4&396.52985522697134|24407&4&642.0820945883535|24412&4&1026.540597326473|24415&4&40.8610692358287|24430&4&800.7579334248358|24431&4&1675.8035783317077|24438&4&588.1250556410818|24443&4&9.619038638404364|24445&4&18.926122048195786|24450&4&1192.6953370826652|24460&4&646.7324271420198|24468&4&896.5486142145967|24473&4&792.2088692780114|24475&4&196.0879058556071|24485&4&878.6965293383757|24487&4&15.418146205651567|24511&4&62.98864817511303,2|24403&4&85.62801108549988|24404&4&6.761644599443196|24410&4&512.5945221323276|24417&4&1508.493093823232|24433&4&573.1181868736935|24435&4&780.2062920435933|24437&4&749.1823165381156|24449&4&867.4418283661164|24455&4&1197.9604241359982|24476&4&1103.1407010930652|24479&4&249.36559182194938|24488&4&54.535849056667395|24495&4&8.705047283065863|24507&4&18.553330218301205|24515&4&19.923924261323464,2|24398&4&505.4501158322525|24399&4&1824.5252341086693|24406&4&524.2593630120634|24428&4&868.8125605092252|24430&4&88.59622814968165|24434&4&189.75622572012605|24440&4&696.8529583165209|24443&4&121.37863804513047|24444&4&791.3330034595169|24456&4&585.3994140419611|24464&4&272.05597383173057|24469&4&57.978883573709496|24470&4&553.5237484336947|24471&4&12.750136967187354|24474&4&46.670270372240665|24490&4&1064.555299275668|24492&4&232.97227789242984|24494&4&905.1081519202098|24495&4&876.8918790511103|24512&4&153.11477498659158|24513&4&208.24139405923998,2|24399&4&429.9358847586187|24404&4&1018.54350738064|24412&4&133.12838836461265|24418&4&1145.0238701770218|24420&4&4.966490137577642|24427&4&29.038515892884092|24436&4&77.4869190488671|24441&4&750.0518222720775|24457&4&149.53667494688926|24463&4&297.1588859248178|24464&4&3.082067982242647|24479&4&1193.39430913968|24482&4&63.57616002052712|24483&4&1842.3324829149042|24493&4&750.2579873928601,2|24403&4&48.22632481093592|24404&4&681.0752686353509|24411&4&197.22604895697248|24419&4&1379.9824331595266|24421&4&464.35569899365413|24422&4&50.2636062093897|24426&4&165.47883539170437|24440&4&326.82388559391705|24442&4&223.69560377015722|24446&4&564.3826732539309|24451&4&1430.9826987291558|24452&4&793.3730438336472|24453&4&853.6474462927239|24459&4&161.04792635709364|24460&4&31.013014353816242|24477&4&1306.0259886518766|24481&4&4.041248050728948|24485&4&488.09592844087064|24497&4&29.73324346271111|24503&4&226.2432256253111|24513&4&3.994012061297475,2|24398&4&205.82930210688932|24410&4&280.94531195833883|24412&4&140.1010960304738|24417&4&491.58507833797535|24422&4&56.49130370847038|24424&4&31.018540789501735|24425&4&184.05442881421902|24426&4&648.356421190157|24436&4&923.9884030694047|24438&4&191.2114343862412|24439&4&120.63781910519947|24443&4&1006.4483369880662|24445&4&703.0702523497738|24457&4&423.92840859611357|24458&4&67.37451787808769|24481&4&172.28173187008488|24484&4&1026.170820591358|24488&4&549.894388383456|24489&4&849.0527862410016|24498&4&64.67459510249618|24513&4&50.03298232849552|24516&4&42.198981571455874,2|24400&4&1416.908252356912|24401&4&685.0088296118507|24405&4&714.1151365492017|24414&4&678.4935562709708|24415&4&1019.2065666160988|24416&4&512.4206796269979|24424&4&1266.471009187844|24432&4&1578.3892254525651|24443&4&200.3394001629049|24467&4&750.7425074761602|24470&4&23.001211433061666|24471&4&492.11824397710296|24472&4&569.9237514589239|24475&4&128.5350023706771|24487&4&202.55853274912198|24491&4&488.9528981529663|24496&4&444.0705666036846|24498&4&89.43180856680543|24500&4&103.76781087926969|24504&4&20.947729228377494|24505&4&25.515229364506872
158|4,130,1,1,1,1,1,1,1,1,1,1,1,1,1,1,1,1,1,1,1,1,1,1,1,1,1,1,1,1,1,1,1,1,1,1,1,1,1,1,1,1,1,1,1,1,1,1,1,1,1,1,1,1,1,1,1,1,1,1,1,1,1,1,1,1,1,1,1,1,1,1,1,1,1,1,1,1,1,1,1,1,1,1,1,1,1,1,1,1,1,1,1,1,1,1,1,1,1,1,1,1,0,0,0,0,0,0,0,0,0,0,0,0,0,0,0,0,0,0,0,0,2|24408&4&609.457274365278|24409&4&2107.3831695702565|24416&4&160.71986781570223|24420&4&429.7585245534758|24426&4&11.487320985043347|24429&4&1576.9621554044575|24434&4&551.929357485372|24448&4&577.6982128628752|24461&4&1794.403522092387|24465&4&883.2479930139837|24467&4&1594.9288460701646|24482&4&1381.4513053497813|24488&4&577.1172745334799|24489&4&115.146943778115|24509&4&66.6905921745583|24512&4&148.00628343100524,2|24401&4&50.64340499908722|24416&4&291.64574553336365|24417&4&93.75635540050942|24423&4&1712.6942706271868|24432&4&167.5284075016153|24434&4&1728.3616150722864|24437&4&51.9935565430828|24439&4&622.8536252640665|24452&4&3.730349362740526E-14|24453&4&304.37723849429005|24454&4&1678.2057109548664|24455&4&23.650653258050433|24459&4&280.8786316838457|24462&4&849.1176584917087|24467&4&35.1124947476692|24480&4&446.97278117717104|24491&4&1011.8435539171996|24492&4&44.50657366986587|24499&4&16.526981384719623|24505&4&1.9162872547560874|24511&4&162.74636505288163|24512&4&200.48408374970077,2|24402&4&943.4955447517269|24403&4&324.4911771108765|24409&4&344.0061338739746|24411&4&199.97295564808186|24413&4&881.6250157322368|24416&4&212.97388606623895|24422&4&506.55916477269|24427&4&1195.831693236777|24430&4&19.66636516177895|24435&4&53.802093071821496|24442&4&1264.865228891245|24446&4&276.33700892263386|24453&4&1061.0661368645683|24459&4&163.5728934873086|24463&4&35.7201521370099|24466&4&85.81671181215111|24468&4&121.84776964306974|24478&4&1367.688949525633|24482&4&17.328268346297165|24486&4&1176.0100469294448|24498&4&157.97455967613377|24500&4&14.94965406281101|24511&4&478.79546467894824|24512&4&89.49905164685384|24516&4&133.440333783843,2|24397&4&345.24452591269744|24407&4&655.8118865983351|24412&4&1110.0953220267584|24415&4&20.315537664057587|24430&4&918.6224969478399|24431&4&1513.0438343948592|24438&4&549.7495826635425|24443&4&-1.7763568394002505E-14|24445&4&7.322734120353683|24450&4&1144.0863298350548|24460&4&578.028246965647|24468&4&844.7664990573737|24473&4&723.8628134672578|24475&4&161.0159041817925|24485&4&825.0186182791965|24487&4&9.741928224203782|24511&4&48.067096090942144,2|24403&4&72.69016746669982|24404&4&-2.3092638912203256E-14|24410&4&448.1704624142154|24417&4&1386.850423313645|24433&4&652.9510859906311|24435&4&824.9579592732277|24437&4&745.0299568537766|24446&4&70.88563965066717|24449&4&798.5715703311268|24455&4&1103.1761185146258|24476&4&986.7994607624007|24479&4&198.56592565357468|24488&4&50.64043126690544|24495&4&-6.039613253960852E-14|24500&4&27.236281707768512|24507&4&15.100887276137017|24515&4&16.013573015431604,2|24398&4&470.2532718875747|24399&4&1900.5394004277496|24406&4&472.085033790582|24428&4&929.7954900225529|24430&4&70.7841163075378|24434&4&175.41090968741818|24440&4&626.26023431478|24443&4&89.383950646005|24444&4&786.2150718141044|24456&4&518.5316605687603|24464&4&284.5936992861292|24469&4&53.837534747015965|24470&4&650.8881204282968|24471&4&5.351546460566593|24474&4&66.29143109470374|24490&4&1122.6624811907382|24492&4&212.12863943773476|24494&4&826.4125405896953|24495&4&1032.1431201041723|24512&4&130.06090357313423|24513&4&194.7322483011627,2|24399&4&351.53983184117556|24404&4&1037.8219715304217|24412&4&108.55184144506005|24418&4&1295.4388098505678|24420&4&2.1316282072803006E-14|24427&4&10.164688945462979|24436&4&49.62953493967818|24441&4&792.0434120610912|24457&4&128.3563546615403|24463&4&264.83450551041403|24464&4&1.865174681370263E-14|24479&4&1269.1897510631484|24482&4&50.86092801642168|24483&4&2124.8902342368483|24493&4&860.9960959183936,2|24403&4&101.26183160987281|24404&4&590.0095365749257|24411&4&157.66192157943132|24419&4&1432.9002587611417|24421&4&420.36003659230687|24422&4&35.143512627777895|24426&4&204.64702949624822|24431&4&233.75946477812192|24440&4&517.2200891927796|24442&4&166.42262980892772|24446&4&483.08213665425535|24451&4&1292.2181599878072|24452&4&829.1805296660713|24453&4&743.0921004392799|24459&4&129.02469536211916|24460&4&202.99434248161728|24477&4&1326.0455791554816|24481&4&6.9913302270274436|24485&4&534.1671248937587|24497&4&22.222444960783122|24503&4&244.0199216736057|24513&4&1.4708809599560029,2|24398&4&179.24438074191863|24410&4&328.40294124614786|24412&4&127.36463275497618|24417&4&787.260279906915|24422&4&49.11531905433629|24424&4&12.67557773038587|24425&4&0.0|24426&4&583.8595796445759|24436&4&966.5377314864111|24438&4&171.8053142010941|24439&4&247.99814141530535|24443&4&1078.257357090336|24445&4&699.9625976833049|24457&4&444.779026026491|24458&4&109.77238056040673|24481&4&156.64017915395345|24484&4&1303.7215243625965|24488&4&480.60878608036916|24489&4&788.8360548506864|24498&4&57.81764142851074|24513&4&40.38237622966243|24516&4&73.91257876873722,2|24400&4&1454.0844447359955|24401&4&762.0430839406185|24405&4&818.0909796266202|24414&4&606.9064207768291|24415&4&1037.8582772399668|24416&4&462.25971193157704|24424&4&1240.3196241184814|24432&4&1909.5103193979533|24443&4&176.79865317276935|24467&4&656.8015722085063|24470&4&10.283674976067498|24471&4&522.8402998132817|24472&4&540.4189981025096|24475&4&177.95884173761897|24487&4&380.01257915123523|24491&4&412.83219474266014|24496&4&390.1332592364917|24498&4&89.05309755913193|24500&4&97.84928605967778|24504&4&17.26682438851416|24505&4&20.886336447120595
159|4,130,1,1,1,1,1,1,1,1,1,1,1,1,1,1,1,1,1,1,1,1,1,1,1,1,1,1,1,1,1,1,1,1,1,1,1,1,1,1,1,1,1,1,1,1,1,1,1,1,1,1,1,1,1,1,1,1,1,1,1,1,1,1,1,1,1,1,1,1,1,1,1,1,1,1,1,1,1,1,1,1,1,1,1,1,1,1,1,1,1,1,1,1,1,1,1,1,1,1,1,1,0,0,0,0,0,0,0,0,0,0,0,0,0,0,0,0,0,0,0,0,2|24408&4&591.8031091210837|24409&4&2182.817631246921|24416&4&117.03076858450858|24420&4&461.3015968751238|24426&4&1.1368683772161603E-13|24429&4&1769.9551878495824|24434&4&452.9929912584405|24448&4&530.1004134949027|24461&4&2027.3738141886893|24465&4&795.7719790905091|24467&4&1746.1869416419415|24482&4&1269.4612841243356|24488&4&584.2843270603851|24489&4&84.10733807159889|24509&4&62.27974298909973|24512&4&138.313238017042,2|24401&4&37.363716439164605|24416&4&272.3268655280499|24417&4&64.89541130504527|24423&4&1646.583368738073|24432&4&111.275268661328|24434&4&1931.6533996665207|24437&4&39.35694587767015|24439&4&565.1363779527725|24447&4&20.058435889597856|24453&4&459.3953139996089|24454&4&1676.710388614064|24455&4&11.444769898526745|24459&4&265.6407477960755|24462&4&777.748670592471|24467&4&13.101068757679458|24480&4&474.8307390896225|24491&4&945.7803253216075|24492&4&42.088078517001044|24499&4&12.99475719215344|24505&4&-4.884981308350689E-15|24511&4&198.01801700452472|24512&4&190.06704567662598,2|24402&4&873.8046318390341|24403&4&298.4117663996798|24409&4&264.45795863322917|24411&4&265.51213933889426|24413&4&928.9342753002393|24416&4&201.01606924293768|24422&4&504.9653383111516|24427&4&1088.537124919514|24430&4&16.85688442438196|24435&4&36.72020533866241|24442&4&1455.366714281288|24446&4&261.0593229535241|24453&4&1000.0870465839139|24459&4&151.09414644176957|24463&4&22.587528314737707|24466&4&127.02169903821225|24468&4&90.55719500292571|24478&4&1386.9048618295546|24482&4&10.912311442738524|24486&4&1169.1650666045275|24498&4&141.44440141235395|24500&4&10.668518169169921|24511&4&442.1843878106369|24512&4&82.01924577899825|24516&4&118.91098418408217,2|24397&4&554.3044367245656|24407&4&592.8229340609334|24412&4&1041.007622606511|24415&4&6.671070464746751|24430&4&860.7466154086508|24431&4&1361.8134544404675|24438&4&511.37410968600324|24445&4&-5.5067062021407764E-14|24450&4&1049.8797305369874|24460&4&520.6342277947408|24468&4&836.190340279201|24473&4&678.9158406705533|24475&4&129.53734067887999|24485&4&771.3407072200173|24487&4&4.0657102427559995|24511&4&35.065611835080986,2|24400&4&101.78885490035401|24403&4&59.75232384789974|24410&4&383.74640269610325|24417&4&1265.2077528040577|24427&4&211.2346237151636|24430&4&83.893580043594|24433&4&610.5811516803152|24435&4&984.8462012139479|24437&4&851.5353996439144|24446&4&425.9332411014299|24449&4&901.6670462455284|24455&4&1084.3090511126707|24476&4&1135.0499478898319|24479&4&147.7662594852|24488&4&46.74501347714348|24500&4&65.14348103763885|24507&4&11.648444333972826|24513&4&27.873435179575154|24515&4&12.103221769539743,2|24398&4&435.05642794289685|24399&4&1808.5089447453825|24406&4&591.5417941261651|24428&4&1052.74537400983|24430&4&55.62279356265885|24434&4&161.0655936547103|24440&4&562.6011983641494|24443&4&57.38926324687952|24444&4&730.0257092139163|24456&4&451.66390709555964|24464&4&483.59430832671376|24469&4&49.696185920322435|24470&4&630.6224925913277|24471&4&3.375077994860476E-14|24474&4&98.75703905944268|24490&4&1034.0265571896884|24492&4&191.28500098303977|24494&4&800.662670768385|24495&4&1146.7514907678544|24512&4&107.00703215967687|24513&4&181.11664743423992,2|24399&4&286.07522684101536|24404&4&1141.0462851700554|24412&4&89.26423658406534|24418&4&1227.6733830489163|24427&4&3.197442310920451E-14|24436&4&30.425421345548756|24441&4&878.7037497614502|24457&4&107.64136367876631|24459&4&64.87948116652879|24463&4&232.5101250960103|24479&4&1222.8927295130784|24482&4&38.14569601231624|24483&4&2263.3487644548673|24493&4&973.3518204076186|24496&4&327.9852450589867,2|24403&4&87.7665409378264|24404&4&498.9438045145007|24411&4&118.09779420189017|24419&4&1386.1176622719142|24421&4&376.36437419095967|24422&4&20.023419046166087|24426&4&272.5603597233539|24431&4&404.43823444936515|24440&4&527.0566853989719|24442&4&115.61055628145378|24446&4&406.6071859685023|24451&4&1255.1142244805405|24452&4&841.4348272331233|24453&4&645.4523010090145|24459&4&97.49178840812031|24460&4&375.7258170864895|24477&4&1338.5291923960244|24481&4&0.0|24485&4&834.0508765753527|24497&4&18.259053606065425|24503&4&271.2469477130511|24513&4&-1.2434497875801753E-14,2|24398&4&152.65945937694795|24410&4&373.08341518104095|24412&4&114.62816947947857|24417&4&798.4616188952813|24422&4&41.7393344002022|24424&4&-2.4868995751603507E-14|24425&4&17.475922039620336|24426&4&519.3627380989949|24436&4&885.5675049705901|24438&4&152.39919401594696|24439&4&420.6092052830454|24443&4&1011.7306907483957|24445&4&901.3906807991149|24457&4&415.0451586739171|24458&4&0.0|24481&4&0.0|24484&4&1440.8548359445317|24488&4&411.32318377728234|24489&4&809.600826059055|24498&4&50.960687754525296|24513&4&30.731770130829325|24516&4&70.11145237637172,2|24400&4&1342.3723694677094|24401&4&709.4767032200641|24405&4&784.9002125777916|24414&4&535.3192852826874|24415&4&1176.6918683981435|24416&4&412.09874423615634|24424&4&1377.1881441817056|24432&4&2012.354386710173|24443&4&153.25790618263377|24467&4&562.8606369408526|24470&4&-7.460698725481052E-14|24471&4&677.7659407400106|24472&4&510.91424474609533|24475&4&262.7762773479011|24487&4&350.10580742950935|24491&4&336.71149133235394|24496&4&344.47967604325953|24498&4&181.33198959235438|24500&4&91.93076124008586|24504&4&13.585919548650823|24505&4&16.25744352973432
160|4,130,1,1,1,1,1,1,1,1,1,1,1,1,1,1,1,1,1,1,1,1,1,1,1,1,1,1,1,1,1,1,1,1,1,1,1,1,1,1,1,1,1,1,1,1,1,1,1,1,1,1,1,1,1,1,1,1,1,1,1,1,1,1,1,1,1,1,1,1,1,1,1,1,1,1,1,1,1,1,1,1,1,1,1,1,1,1,1,1,1,1,1,1,1,1,1,1,1,1,1,1,0,0,0,0,0,0,0,0,0,0,0,0,0,0,0,0,0,0,0,0,2|24408&4&532.0992999411008|24409&4&2049.295098546482|24416&4&77.76188067873724|24420&4&428.04196264557515|24429&4&1960.6934827545354|24434&4&362.0238705948642|24448&4&482.5026141269303|24461&4&1954.1349912860426|24465&4&793.9590471994909|24467&4&1875.1897485446293|24482&4&1209.5340023500316|24488&4&857.9070388495019|24489&4&54.233031414214494|24509&4&57.86889380364117|24512&4&128.62019260307878,2|24401&4&24.08402787924197|24416&4&253.00798552273613|24417&4&36.636510649024686|24423&4&1849.5317925661943|24432&4&69.85834957743374|24434&4&1871.0526407637108|24437&4&29.62265832253262|24439&4&513.7843627747665|24443&4&37.32776056589114|24447&4&193.1716738079264|24453&4&496.1442497841746|24454&4&1641.5662958123544|24455&4&-3.907985046680551E-14|24457&4&30.36103874870355|24459&4&250.40286390830528|24462&4&706.379682693233|24467&4&8.171241461241152E-14|24476&4&356.06515271638796|24480&4&645.2309834436983|24491&4&941.5322295150681|24492&4&39.669583364136216|24499&4&9.462532999587255|24511&4&233.2750812364172|24512&4&326.05551419085646,2|24402&4&911.0022717754231|24403&4&272.33235568848295|24409&4&196.8711965940927|24411&4&328.99160388009034|24413&4&924.1413007890442|24416&4&229.15698561951746|24422&4&635.4937184686507|24427&4&981.2425566022513|24430&4&14.04740368698497|24435&4&19.638317605503335|24442&4&1663.9062111582766|24446&4&245.7816369844144|24453&4&939.1079563032596|24459&4&138.61539939623052|24463&4&11.293764157368834|24466&4&235.51139497951095|24468&4&63.86895046648352|24478&4&1580.8663290288691|24482&4&4.496354539179913|24486&4&1308.016218819303|24498&4&126.26398669721218|24500&4&7.273527016314633|24511&4&405.5733109423255|24512&4&74.53943991114264|24516&4&105.63367189728143,2|24397&4&737.9175630070073|24407&4&529.8339815235319|24412&4&971.9199231862638|24415&4&3.3355352323733474|24430&4&802.8707338694616|24431&4&1214.5705977190287|24438&4&472.99863670846395|24450&4&1119.8941730684828|24460&4&474.0837780217756|24468&4&923.7188759362|24473&4&879.8630638060393|24475&4&98.19759526441493|24485&4&717.6627961608381|24487&4&0.0|24511&4&24.060069543717553,2|24400&4&96.6994121553363|24403&4&46.814480229099665|24410&4&319.322342977991|24417&4&1143.5650822944708|24427&4&230.70711370842875|24430&4&79.6989010414143|24433&4&691.3167200890477|24435&4&900.4845755038928|24437&4&791.0395939907332|24446&4&404.4593649472318|24449&4&895.1669228941117|24455&4&1180.3995043314615|24476&4&1009.9183620683932|24479&4&102.16878836238986|24488&4&42.84959568738152|24500&4&92.10601184916267|24502&4&70.86836727626803|24507&4&8.196001391808634|24513&4&26.479763420596395|24515&4&8.192870523647883,2|24398&4&491.0665123505096|24399&4&1990.3865786504052|24406&4&695.1173573992094|24428&4&974.2724986706542|24430&4&42.447583316932025|24434&4&146.72027762200247|24440&4&503.35789514073895|24443&4&34.19523607122515|24444&4&673.8363466137281|24456&4&561.9181198439895|24464&4&442.60820924013615|24469&4&45.554837093628905|24470&4&732.2317094113797|24474&4&92.4835201431064|24490&4&945.3906331886385|24492&4&170.44136252834474|24494&4&839.6224148129731|24495&4&1150.5997300892084|24512&4&85.95146615139481|24513&4&167.50104656731716,2|24399&4&222.1162771051401|24404&4&1352.9023521069716|24412&4&71.46777751622676|24418&4&1199.0947799600617|24436&4&15.436074491299303|24441&4&1054.564595677724|24457&4&86.92637269599231|24459&4&230.3864837953318|24463&4&275.31768573516786|24479&4&1155.5793316443132|24482&4&25.430464008210805|24483&4&2344.669464431103|24493&4&935.9221032328126|24496&4&488.08931683701906,2|24400&4&114.70619558849711|24403&4&241.58674440883001|24404&4&407.87807245407555|24411&4&80.32445589217554|24419&4&1514.0692273410955|24421&4&332.36871178961246|24422&4&8.995073730093603|24426&4&440.3053020080941|24431&4&680.4273561484167|24435&4&261.75944543828575|24440&4&650.8734587201429|24442&4&78.50154242308619|24446&4&411.5064624729632|24451&4&1302.0456312307529|24452&4&856.6700476605151|24453&4&560.1270603438736|24459&4&74.0772144092146|24460&4&605.1213239668243|24477&4&1503.5794879656323|24481&4&52.04102146123233|24485&4&972.7621839122777|24497&4&35.84857824735231|24503&4&290.62972559145385,2|24398&4&126.07453801197725|24410&4&555.3899031594214|24412&4&101.89170620398096|24417&4&1055.3449397167196|24422&4&34.36334974606811|24425&4&76.93033680130576|24426&4&454.8658965534138|24436&4&919.0055300641637|24438&4&132.99307383079983|24439&4&491.12901935513474|24443&4&945.2040244064552|24445&4&1002.5449252663406|24457&4&385.31129132134333|24458&4&0.0|24484&4&1528.1880319441984|24488&4&342.0375814741956|24489&4&772.4477271681013|24498&4&44.103734080539844|24513&4&21.08116403199623|24516&4&77.6798676204297,2|24400&4&1234.0954754098|24401&4&656.9103224995097|24405&4&803.811728188382|24414&4&534.147522368849|24415&4&1188.9888606254144|24416&4&361.93777654073557|24424&4&1346.5682402815182|24432&4&1976.9229739866237|24443&4&129.71715919249823|24467&4&468.9197016731987|24471&4&696.5369578507854|24472&4&481.40949138968097|24475&4&396.13844435409027|24487&4&320.1990357077834|24491&4&260.59078792204775|24496&4&309.6059906724491|24498&4&225.71117995035712|24500&4&86.01223642049395|24504&4&9.905014708787487|24505&4&11.628550612348043
161|4,130,1,1,1,1,1,1,1,1,1,1,1,1,1,1,1,1,1,1,1,1,1,1,1,1,1,1,1,1,1,1,1,1,1,1,1,1,1,1,1,1,1,1,1,1,1,1,1,1,1,1,1,1,1,1,1,1,1,1,1,1,1,1,1,1,1,1,1,1,1,1,1,1,1,1,1,1,1,1,1,1,1,1,1,1,1,1,1,1,1,1,1,1,1,1,1,1,1,1,1,1,0,0,0,0,0,0,0,0,0,0,0,0,0,0,0,0,0,0,0,0,2|24408&4&476.61112550367034|24409&4&2021.5206496435042|24416&4&38.55659890841751|24420&4&394.78232841602653|24429&4&1989.8208837114194|24434&4&281.70345479989896|24448&4&624.8117840747975|24461&4&1931.150665565438|24465&4&917.3993125072374|24467&4&2159.389246092828|24482&4&1317.8603724584414|24488&4&993.2220747126315|24489&4&30.2652694142641|24509&4&53.458044618182605|24512&4&118.92714718911554,2|24401&4&10.804339319319332|24416&4&233.68910551742235|24417&4&10.477001574156937|24423&4&1754.4770992669428|24432&4&37.712556070835085|24434&4&1844.1970709187658|24437&4&19.888370767395067|24439&4&467.6038766174879|24443&4&343.20276836628307|24447&4&183.4629440278061|24453&4&674.5801666692038|24454&4&1599.698429258736|24457&4&28.84298681126837|24459&4&235.16498002053504|24462&4&723.0760043347593|24476&4&548.6089473364702|24480&4&596.1151944273408|24491&4&915.5900958466465|24492&4&37.251088211271394|24499&4&5.9303088070210705|24511&4&269.34540101729226|24512&4&352.7868066665431,2|24402&4&824.1482519993689|24403&4&246.25294497728618|24409&4&138.9115087989502|24411&4&608.7824841407457|24413&4&1049.0386867862926|24416&4&334.98948380929437|24422&4&690.7771020625174|24427&4&878.1118543102093|24430&4&11.237922949587979|24435&4&6.039516386258609|24442&4&1714.1612800834691|24446&4&230.50395101530466|24453&4&878.1288660226052|24459&4&126.13665235069143|24463&4&-3.907985046680551E-14|24466&4&223.08477527522666|24468&4&41.53620507661175|24478&4&1771.174582668562|24482&4&-1.4210854715202004E-14|24486&4&1224.4334671970291|24498&4&112.51738869868508|24500&4&5.30958575436053|24511&4&368.9622340740141|24512&4&67.05963404328703|24516&4&93.78046914449374,2|24397&4&758.5894744834566|24407&4&542.0912416563845|24412&4&902.8322237660163|24415&4&-2.398081733190338E-14|24430&4&744.9948523302724|24431&4&1071.756328289337|24438&4&434.6231637309247|24450&4&1085.472845833611|24460&4&428.5702022765548|24468&4&1043.5413518988146|24473&4&889.9544568962306|24475&4&73.9347981566536|24485&4&663.9848851016588|24511&4&15.07678819207651,2|24400&4&91.6099694103186|24403&4&33.87663661029959|24410&4&258.71561389350006|24417&4&1021.9224117848836|24427&4&346.2877917760168|24430&4&122.45733695242552|24433&4&727.72899085213|24435&4&816.1229497938376|24437&4&730.5437883375523|24446&4&382.9854887930336|24449&4&821.4628861201375|24455&4&1072.0858057615612|24476&4&892.8356034284834|24479&4&56.57131723957971|24488&4&38.954177897619566|24500&4&117.8412445018966|24502&4&146.85238865448653|24507&4&4.743558449644444|24513&4&51.093125060562805|24515&4&4.870444421282363,2|24398&4&483.2224362171125|24399&4&1843.926038263327|24406&4&689.90504763682|24428&4&895.7996233314784|24430&4&29.27237307120521|24434&4&132.37496158929463|24440&4&448.1152883552506|24443&4&14.450125803727675|24444&4&742.0371757591649|24456&4&631.3439164569697|24464&4&487.5999190305247|24469&4&41.413488266935374|24470&4&829.3880368200441|24474&4&175.52170274431415|24490&4&856.7547091875886|24492&4&149.59772407364972|24494&4&760.2579796660777|24495&4&1171.7953898714597|24512&4&66.90485521809632|24513&4&153.8854457003944,2|24399&4&162.9268043775088|24404&4&1482.4509442795384|24412&4&53.67131844838818|24418&4&1226.687790266091|24436&4&5.563041833526637|24441&4&983.1069186252327|24457&4&67.31962209860241|24459&4&442.1376381549709|24463&4&676.0482545254636|24479&4&1265.451764740475|24482&4&12.715232004105365|24483&4&2225.535087657486|24493&4&829.6701902307916|24496&4&462.8648878825207,2|24400&4&310.2331010675425|24403&4&344.32003626497726|24404&4&326.1020163142663|24411&4&42.55111758246093|24419&4&1539.9698145032198|24421&4&288.3730493882652|24422&4&2.1830104154184817|24426&4&636.153769322151|24431&4&847.1852970912181|24435&4&339.07709882091086|24440&4&613.6088428263308|24442&4&49.25322421187305|24446&4&688.1626373480613|24451&4&1485.2341404328968|24452&4&773.0962355492036|24453&4&478.11130123633814|24459&4&51.05380067528813|24460&4&573.2481461676516|24477&4&1538.8854003288156|24481&4&49.438970388170716|24485&4&1082.2103993539677|24497&4&52.73227706242598|24503&4&319.7193706263233,2|24398&4&99.48961664700659|24410&4&775.1872258926555|24412&4&89.15524292848335|24417&4&1236.9685075872626|24422&4&26.987365091934016|24425&4&144.66731877340558|24426&4&394.58765751643665|24436&4&1058.9934777218236|24438&4&113.58695364565271|24439&4&464.53754226404646|24443&4&878.6773580645148|24445&4&961.6647224634276|24457&4&355.57742396876944|24484&4&1650.7144728332023|24488&4&276.0151199307577|24489&4&727.6606469173712|24498&4&37.24678040655439|24513&4&13.161788031093945|24516&4&107.79900098277194,2|24400&4&1130.552127265993|24401&4&673.6110552551761|24402&4&339.3653234019421|24405&4&864.6582318467481|24414&4&731.2045557191377|24415&4&1345.980281564472|24416&4&311.7768088453148|24424&4&1372.9094760007806|24432&4&2040.7657485496816|24443&4&106.17641220236266|24467&4&374.97876640554483|24471&4&746.6452277896904|24472&4&451.9047380332667|24475&4&374.36232610073125|24487&4&418.2461027955105|24491&4&195.79722166717835|24496&4&281.8295336157774|24498&4&269.35926962312976|24500&4&80.09371160090203|24504&4&6.288801884479804|24505&4&6.999657694961767
162|4,130,1,1,1,1,1,1,1,1,1,1,1,1,1,1,1,1,1,1,1,1,1,1,1,1,1,1,1,1,1,1,1,1,1,1,1,1,1,1,1,1,1,1,1,1,1,1,1,1,1,1,1,1,1,1,1,1,1,1,1,1,1,1,1,1,1,1,1,1,1,1,1,1,1,1,1,1,1,1,1,1,1,1,1,1,1,1,1,1,1,1,1,1,1,1,1,1,1,1,1,1,0,0,0,0,0,0,0,0,0,0,0,0,0,0,0,0,0,0,0,0,2|24408&4&421.12295106623986|24409&4&2172.6778987178945|24416&4&11.860951400904685|24420&4&361.5226941864779|24429&4&1972.5315759112032|24434&4&202.06537309801888|24448&4&576.4160971116685|24461&4&1865.9891418616855|24465&4&870.0943008125695|24467&4&2350.361949336926|24482&4&1409.2905470293986|24488&4&1087.6004919247957|24489&4&12.083379101912818|24509&4&58.302252403024795|24512&4&109.23410177515231,2|24401&4&-6.750155989720952E-14|24416&4&214.3702255121086|24417&4&5.6843418860808015E-14|24423&4&1698.9998632255233|24432&4&15.154185427098954|24434&4&2252.591765720826|24437&4&10.154083212257513|24439&4&421.42339046020936|24443&4&489.81510626104847|24447&4&173.75421424768575|24453&4&1049.3495570768696|24454&4&1598.5107710817165|24457&4&27.324934873833193|24459&4&219.9270961327648|24462&4&904.7937476675135|24476&4&699.8691871780685|24480&4&546.9994054109836|24491&4&1342.3365733475262|24492&4&34.83259305840657|24499&4&2.9892186990564356|24511&4&304.65079366227263|24512&4&337.5545466991612,2|24402&4&744.3475097940116|24403&4&220.17353426608938|24409&4&97.02667413941113|24411&4&838.0129382512162|24413&4&1069.8125352757993|24416&4&701.5367670843918|24422&4&648.266408684614|24427&4&781.9747313478932|24430&4&8.428442212190989|24435&4&3.730349362740526E-14|24442&4&1707.2426430069545|24446&4&215.22626504619492|24453&4&817.1497757419507|24459&4&113.6579053051524|24466&4&222.65345708933404|24468&4&26.70972239199098|24478&4&1883.4083358772502|24486&4&1114.986402184606|24498&4&100.50669665055483|24500&4&3.3456444924064175|24511&4&332.3511572057027|24512&4&59.57982817543143|24516&4&82.91558492323786,2|24397&4&696.3200443141127|24407&4&740.8019447008852|24412&4&833.7445243457689|24430&4&687.1189707910834|24431&4&938.5284019105114|24438&4&396.2476907533854|24450&4&1219.2900544373101|24460&4&383.05662653133413|24468&4&1069.0886809286067|24473&4&950.0889916059232|24475&4&56.49012900273847|24485&4&610.3069740424796|24511&4&8.339513636127371,2|24400&4&86.52052666530089|24403&4&26.18372957426078|24410&4&206.44235656881517|24417&4&900.2797412752965|24427&4&546.6674421326954|24430&4&293.7569630677626|24432&4&219.81227360266848|24433&4&774.1712629495644|24435&4&731.7613240837825|24437&4&670.0479826843712|24446&4&361.51161263883546|24449&4&783.1298128360231|24455&4&963.7721071916608|24476&4&788.2470340010555|24479&4&20.71784588582555|24483&4&242.3449288346726|24488&4&35.05876010785761|24489&4&50.162665766907054|24500&4&154.10077137027145|24502&4&168.42311755765522|24507&4&1.2972202124200565|24513&4&75.08331599877849|24515&4&2.1837091922188283,2|24398&4&454.40449975957995|24399&4&2073.3012150516925|24406&4&799.8585825167734|24428&4&817.3267479923024|24430&4&16.09716282547839|24434&4&118.02964555658677|24440&4&392.8726815697621|24443&4&1.898457994567175|24444&4&787.2613437020561|24456&4&692.5933803810985|24464&4&448.1181835604639|24469&4&37.272139440241844|24470&4&813.2900840210507|24474&4&164.78259875210068|24490&4&877.5661068464215|24492&4&128.75408561895472|24494&4&684.2698980643979|24495&4&1081.740603379281|24512&4&49.96278600986447|24513&4&140.26984483347164,2|24399&4&103.73733164987756|24404&4&1566.6576230941464|24412&4&35.87485938054959|24414&4&92.91218238575283|24418&4&1278.9403854335728|24436&4&3.730349362740526E-14|24441&4&911.6492415727414|24457&4&47.7128715012125|24459&4&499.14381671568475|24463&4&682.1532350055082|24479&4&1602.0536511306861|24482&4&-7.460698725481052E-14|24483&4&2052.837517774634|24493&4&730.5266920128934|24496&4&437.6404589280223,2|24400&4&434.14690300898064|24403&4&463.98421509371025|24404&4&255.24350052521177|24411&4&15.867303822573346|24419&4&1486.642800066657|24421&4&440.7329519681637|24422&4&1.509903313490213E-14|24426&4&708.9393081424735|24431&4&801.4190139560619|24435&4&470.41643679157283|24440&4&576.3442269325186|24442&4&25.14405364776009|24446&4&725.3431813941863|24451&4&1756.3285225964664|24452&4&810.9523076439484|24453&4&402.64151558848295|24459&4&36.40999748944188|24460&4&541.3749683684789|24477&4&1570.8105950211166|24481&4&46.8369193151091|24485&4&1217.452264745454|24497&4&69.5386913512821|24503&4&339.4067124910053,2|24398&4&74.48837717723174|24410&4&1006.9987771885246|24412&4&76.41877965298573|24417&4&1376.603246452919|24422&4&19.611380437799923|24425&4&137.19575269737805|24426&4&335.2548819799882|24436&4&1174.8245036394546|24438&4&94.18083346050558|24439&4&437.94606517295824|24443&4&812.1506917225743|24445&4&996.9954298990745|24457&4&325.8435566161956|24458&4&0.0|24484&4&1613.6111084148295|24488&4&219.0145783784668|24489&4&660.9974869331078|24496&4&102.40187522248682|24498&4&30.38982673256895|24513&4&7.066494952337301|24516&4&142.28567896183617,2|24400&4&1034.8701487398143|24401&4&858.9256017010464|24402&4&346.06679700525444|24405&4&944.9408666877098|24414&4&653.0659106881913|24415&4&1259.8921437407057|24416&4&261.61584114989404|24424&4&1396.2772094813065|24432&4&1874.7817934911961|24443&4&82.63566521222708|24467&4&305.4145151948287|24471&4&803.159898439022|24472&4&422.39998467685245|24475&4&470.33838612669115|24487&4&0.0|24491&4&143.17675686853715|24493&4&165.08939105196316|24496&4&257.93105430069807|24498&4&312.97681176900727|24500&4&74.17518678131012|24504&4&3.1806643704677136|24505&4&4.191657571099079
163|4,130,1,1,1,1,1,1,1,1,1,1,1,1,1,1,1,1,1,1,1,1,1,1,1,1,1,1,1,1,1,1,1,1,1,1,1,1,1,1,1,1,1,1,1,1,1,1,1,1,1,1,1,1,1,1,1,1,1,1,1,1,1,1,1,1,1,1,1,1,1,1,1,1,1,1,1,1,1,1,1,1,1,1,1,1,1,1,1,1,1,1,1,1,1,1,1,1,1,1,1,1,0,0,0,0,0,0,0,0,0,0,0,0,0,0,0,0,0,0,0,0,2|24408&4&417.217887450889|24409&4&2306.3568627120685|24416&4&-8.171241461241152E-14|24420&4&422.03610364728763|24429&4&1949.7269377040166|24434&4&132.20266353246623|24448&4&561.4512942917522|24461&4&1702.610059410979|24465&4&811.7244255018447|24467&4&2200.729545872613|24482&4&1272.6929469568613|24488&4&1198.363058744325|24489&4&2.4868995751603507E-14|24509&4&88.49495776833965|24512&4&99.54105636118908,2|24416&4&195.05134550679483|24423&4&1616.129115634205|24432&4&8.171241461241152E-14|24434&4&2100.589156051241|24437&4&0.4197956571199597|24439&4&376.7756986435824|24443&4&464.3683586555949|24447&4&164.04548446756542|24453&4&1275.6745957844082|24454&4&1445.5784269175772|24457&4&79.7139983541258|24459&4&204.6892122449946|24462&4&930.8554797118594|24476&4&861.4875531254444|24480&4&497.88361639462624|24491&4&1586.7338012206503|24492&4&32.414097905541745|24499&4&1.0021887746405012|24511&4&287.11575807689064|24512&4&409.6342602578816,2|24402&4&664.7723944713592|24403&4&194.09412355489263|24409&4&65.52871567750192|24411&4&934.10214409943|24413&4&979.4107954717908|24416&4&1191.681282380871|24422&4&669.1116872064574|24427&4&698.511431546265|24430&4&5.618961474793998|24442&4&1888.6845657653812|24446&4&199.94857907708518|24453&4&756.1706854612964|24459&4&101.17915825961335|24466&4&209.62707230913023|24468&4&16.40939593087132|24478&4&1970.578925557821|24486&4&1043.7779823325504|24498&4&89.49291307166733|24500&4&1.3817032304523051|24511&4&295.74008033739136|24512&4&52.100022307575834|24516&4&73.89366690380399,2|24397&4&633.9051531032405|24407&4&673.5706023219946|24412&4&764.6568249255216|24430&4&629.2430892518942|24431&4&822.4641891641348|24438&4&357.87221777584614|24450&4&1244.3752650151198|24460&4&337.5430507861134|24468&4&994.2505381394429|24473&4&962.8123369836017|24475&4&43.83022422061243|24485&4&556.6290629833004|24511&4&2.2545786576626616,2|24400&4&81.43108392028319|24403&4&20.685618837919748|24410&4&165.53799337681258|24417&4&778.6370707657094|24427&4&614.149567429605|24430&4&399.2772997015126|24432&4&741.9615899000905|24433&4&812.65035231817|24435&4&647.3996983737273|24437&4&823.1504036154078|24446&4&340.0377364846373|24449&4&713.4833525718972|24455&4&855.4584086217606|24461&4&161.9012378238025|24476&4&692.328835947399|24479&4&0.8573093339657984|24483&4&468.43137498247233|24488&4&31.16334231809565|24489&4&263.508201473317|24500&4&181.13494641494935|24502&4&187.32266714655344|24507&4&-7.105427357601002E-15|24513&4&109.85848765098126|24515&4&0.5690660775811562,2|24398&4&455.1072940989915|24399&4&2307.2581092142764|24406&4&736.3605759729589|24428&4&738.8538726531265|24430&4&6.58185008680132|24431&4&90.0397772981579|24434&4&507.52622837527906|24440&4&337.856766276936|24443&4&146.06877579068305|24444&4&811.7877875608709|24456&4&762.7254975160672|24464&4&530.5764980532194|24469&4&33.130790613548314|24470&4&759.4592407065077|24474&4&226.10578789310014|24482&4&237.20460498295824|24490&4&1099.413343001046|24492&4&107.91044716425966|24494&4&735.1340909315218|24495&4&991.9617958059558|24512&4&35.25374088573909|24513&4&126.65424396654886,2|24399&4&60.563969684751264|24404&4&1687.9002637429462|24412&4&21.801772899196095|24414&4&293.68144281706697|24418&4&1350.673749436696|24441&4&840.1915645202504|24457&4&32.195080425058514|24459&4&516.9724702679796|24463&4&629.7236418916676|24479&4&1919.93644738604|24483&4&1880.139947891782|24493&4&634.353999789572|24496&4&412.4160299735239|24511&4&52.618695737712564,2|24400&4&538.7883129496666|24403&4&460.64471585258946|24404&4&197.01802309878087|24411&4&3.9897061158091778|24419&4&1367.8066104003642|24421&4&600.1642524076817|24426&4&851.6699162057906|24431&4&755.6527308209056|24435&4&557.2184689010069|24440&4&743.2578857048484|24442&4&10.631707444723217|24446&4&670.6897871918424|24451&4&1723.1929419079336|24452&4&895.8813666625464|24453&4&334.4449114452002|24459&4&27.600542096888308|24460&4&509.5017905693062|24477&4&1618.3239852309596|24481&4&188.7980021442816|24485&4&1381.1890200416697|24497&4&86.43670762830561|24503&4&369.32305571762345,2|24398&4&52.76982933543457|24410&4&1138.1153215189386|24412&4&63.68231637748812|24417&4&1566.1781613180478|24422&4&12.235395783665826|24425&4&190.36859626615208|24426&4&275.92210644353975|24436&4&1222.9998783312308|24438&4&75.60292200281803|24439&4&495.2938999942702|24443&4&745.6240253806338|24445&4&1239.22215908329|24457&4&296.10968926362176|24484&4&1776.9565646798146|24488&4&170.51366753545065|24489&4&594.3343269488444|24496&4&126.47235874488435|24498&4&23.5328730585835|24513&4&2.8846931830286526|24516&4&179.53741652292467,2|24400&4&941.7023837542129|24401&4&790.8286511646692|24402&4&327.91504384648687|24405&4&1022.7029869613448|24414&4&577.1618163670988|24415&4&1217.918929233771|24416&4&211.45487345447327|24424&4&1371.6114845185575|24432&4&1708.7978384327107|24443&4&59.094918222091515|24467&4&240.35105196862918|24471&4&750.7340235842362|24472&4&392.89523132043814|24475&4&515.7325311295544|24491&4&104.48794714256404|24493&4&175.8862630404858|24496&4&240.24239900639512|24498&4&355.9923770285727|24500&4&68.2566619617182|24504&4&1.0703037105233424|24505&4&1.3836574472363776
164|4,130,1,1,1,1,1,1,1,1,1,1,1,1,1,1,1,1,1,1,1,1,1,1,1,1,1,1,1,1,1,1,1,1,1,1,1,1,1,1,1,1,1,1,1,1,1,1,1,1,1,1,1,1,1,1,1,1,1,1,1,1,1,1,1,1,1,1,1,1,1,1,1,1,1,1,1,1,1,1,1,1,1,1,1,1,1,1,1,1,1,1,1,1,1,1,1,1,1,1,1,1,0,0,0,0,0,0,0,0,0,0,0,0,0,0,0,0,0,0,0,0,2|24408&4&530.1272317581979|24409&4&2419.5615083414914|24420&4&447.7710201096502|24429&4&1785.172640945349|24434&4&80.58162307691602|24448&4&517.3429267183209|24461&4&1545.6541512547833|24465&4&841.1133979043665|24467&4&2142.608862508637|24482&4&1146.698418861452|24488&4&1115.993890100878|24509&4&107.71690742018279|24512&4&89.84801094722584,2|24416&4&175.73246550148107|24423&4&1458.0058081722327|24434&4&1948.5865463816567|24437&4&2.9976021664879227E-15|24439&4&335.10950206614723|24443&4&438.9216110501412|24447&4&154.3367546874451|24453&4&1203.8747717362305|24454&4&1297.034343652708|24457&4&87.28443244704216|24459&4&189.45132835722438|24462&4&858.8032460559407|24476&4&999.586088106794|24480&4&460.8804743506008|24491&4&1522.084587802425|24492&4&122.86238620918442|24499&4&0.0|24511&4&269.5807224915086|24512&4&438.4262417347785,2|24402&4&586.003874526448|24403&4&168.01471284369583|24409&4&43.124233514040306|24411&4&1021.8721527786388|24413&4&905.2334239593436|24416&4&1194.262411900339|24422&4&681.6514890090266|24427&4&628.4699949875217|24430&4&2.8094807373970085|24442&4&1801.5063971459272|24446&4&184.67089310797547|24453&4&695.1915951806419|24459&4&88.70041121407428|24466&4&196.6006875289264|24468&4&6.10906946975167|24478&4&1899.1938741237877|24486&4&1054.7974765969275|24498&4&78.47912949277983|24500&4&9.325873406851315E-15|24511&4&259.12900346908003|24512&4&44.620216439720224|24516&4&66.21919285500977,2|24397&4&571.4902618923684|24407&4&771.1477030946244|24412&4&695.5691255052743|24430&4&571.3672077127051|24431&4&706.3999764177585|24438&4&319.4967447983069|24448&4&124.47211558381403|24450&4&1210.2711770179972|24460&4&292.0294750408927|24468&4&919.4123953502786|24473&4&995.2840424513322|24475&4&34.73790548485177|24485&4&502.95115192412123|24511&4&7.105427357601002E-15,2|24398&4&111.31816563419201|24400&4&76.34164117526548|24403&4&15.187508101578729|24410&4&128.71342711855448|24417&4&673.7959584405478|24427&4&626.7775298749673|24430&4&377.79512843927716|24432&4&986.7826281772338|24433&4&938.9050184899245|24435&4&732.280289442824|24437&4&761.2834133893798|24446&4&318.5638603304391|24449&4&775.7476673744649|24455&4&842.5523374161149|24461&4&503.45589451726687|24476&4&600.3811570225757|24479&4&-5.995204332975845E-15|24483&4&603.0868907826183|24488&4&27.267924528333694|24489&4&372.25341331859744|24500&4&218.20627787326796|24502&4&215.5178877719744|24513&4&150.59800817404738|24515&4&-1.7763568394002505E-15,2|24398&4&410.9935832497462|24399&4&2542.994385253738|24406&4&733.4866685585689|24428&4&1012.057149525878|24430&4&-2.3092638912203256E-14|24431&4&279.9590244175843|24434&4&685.5964659684886|24440&4&293.95181772974775|24443&4&223.1790891365619|24444&4&847.4535213904032|24456&4&780.3877086547013|24464&4&533.7534298454516|24469&4&28.98944178685478|24470&4&705.6283973919647|24474&4&211.763569244226|24482&4&406.73465983925973|24490&4&1048.6358221299897|24492&4&87.06680870956464|24494&4&662.8733359347842|24495&4&902.1829882326301|24512&4&22.86206557624763|24513&4&113.03864309962607,2|24397&4&24.197122630840767|24399&4&40.4655611293908|24404&4&1629.280959840732|24412&4&14.5345152661307|24414&4&400.2661962727378|24418&4&1472.6826762004555|24441&4&768.7338874677592|24457&4&21.61142931076138|24459&4&487.89260789321025|24463&4&578.0659669608563|24479&4&1839.17679301084|24483&4&1713.2972204373693|24493&4&551.1728523738825|24494&4&108.29781650783275|24496&4&387.1916010190255|24511&4&49.98776095082694,2|24400&4&509.63300920276777|24403&4&434.34127299557593|24404&4&145.69125788491283|24411&4&-8.881784197001252E-16|24419&4&1248.970420734071|24421&4&554.8246279927428|24426&4&802.491901950975|24431&4&709.8864476857493|24435&4&526.5699525080835|24440&4&700.4614465950826|24442&4&3.140883069969688|24446&4&616.0363929894984|24451&4&1646.7975437304412|24452&4&893.2110466202043|24453&4&274.08271559702604|24459&4&21.794586145867356|24460&4&477.62861277013354|24477&4&1484.6573627284517|24481&4&178.9677943761083|24485&4&1510.919532315002|24497&4&103.58856066602931|24503&4&398.15694813423266,2|24398&4&31.05128149363741|24410&4&1096.3519776113399|24412&4&50.94585310199051|24417&4&1713.3986145463268|24422&4&8.368014601411609|24425&4&179.8648097078845|24426&4&227.24714792252672|24436&4&1280.7690520906078|24438&4&57.025010545130485|24439&4&570.6835210449804|24443&4&679.0973590386934|24445&4&1194.797333400783|24457&4&266.37582191104786|24484&4&1795.1775663590138|24488&4&131.2933643321852|24489&4&527.671166964581|24496&4&119.89273611958392|24498&4&16.675919384598053|24513&4&-6.217248937900877E-15|24516&4&169.14559960256494,2|24400&4&853.8131169882924|24401&4&754.4700548036576|24402&4&406.86638494983515|24405&4&931.2535668636564|24414&4&508.72344452281556|24415&4&1291.906251656409|24416&4&161.2939057590525|24424&4&1408.578465271862|24430&4&146.61748030462013|24432&4&1542.813883374225|24443&4&35.55417123195595|24453&4&36.97587157243106|24467&4&176.05147714613847|24471&4&699.7046212753568|24472&4&363.39047796402383|24475&4&569.3860980051123|24477&4&98.12729112109673|24491&4&75.5920439693976|24493&4&511.2623017927167|24496&4&222.5537437120922|24498&4&398.43269232866544|24500&4&62.338137142126286|24504&4&-3.552713678800501E-15|24505&4&1.2434497875801753E-14
165|4,130,1,1,1,1,1,1,1,1,1,1,1,1,1,1,1,1,1,1,1,1,1,1,1,1,1,1,1,1,1,1,1,1,1,1,1,1,1,1,1,1,1,1,1,1,1,1,1,1,1,1,1,1,1,1,1,1,1,1,1,1,1,1,1,1,1,1,1,1,1,1,1,1,1,1,1,1,1,1,1,1,1,1,1,1,1,1,1,1,1,1,1,1,1,1,1,1,1,1,1,1,0,0,0,0,0,0,0,0,0,0,0,0,0,0,0,0,0,0,0,0,2|24408&4&543.8461011480781|24409&4&2549.1116957014865|24420&4&413.12866004607315|24429&4&1817.4590898345689|24434&4&42.4453445268464|24448&4&475.8056005977426|24461&4&1398.2810644695576|24465&4&809.5479498941586|24467&4&2297.94641263929|24482&4&1023.1781085911504|24488&4&1033.6247214574307|24509&4&126.62143487196852|24512&4&80.15496553326261,2|24416&4&156.41358549616731|24423&4&1647.9233808592521|24434&4&1796.5839367120716|24439&4&293.4433054887121|24443&4&413.4748634446877|24447&4&144.62802490732477|24453&4&1132.0749476880528|24454&4&1264.2074066778205|24457&4&157.45539115229695|24459&4&174.21344446945415|24462&4&791.7092825764435|24476&4&1116.5205654227|24480&4&444.88680019238177|24491&4&1406.4062562965516|24492&4&235.51084024147224|24511&4&252.04568690612655|24512&4&410.9350801083197,2|24402&4&514.4090363225865|24403&4&141.9353021324991|24409&4&30.98297135107603|24411&4&1125.239890584232|24413&4&885.7083784576278|24416&4&1215.1042258736338|24422&4&633.0620823473627|24427&4&562.4150303455953|24430&4&1.865174681370263E-14|24442&4&1709.659743426953|24446&4&169.39320713886573|24453&4&634.2125048999875|24459&4&76.22166416853523|24466&4&183.57430274872254|24468&4&-4.085620730620576E-14|24478&4&1741.929267965118|24486&4&1306.9694297457884|24498&4&67.46534591389232|24511&4&222.51792660076865|24512&4&37.14041057186463|24516&4&59.926059564549256,2|24397&4&509.07537068149617|24407&4&877.7019052677981|24412&4&653.5058347054687|24430&4&513.4913261735157|24431&4&590.3357636713819|24432&4&162.1284145869131|24438&4&357.05850800813477|24448&4&145.2611635319838|24450&4&1326.240670083701|24460&4&246.51589929567194|24468&4&844.5742525611147|24473&4&1023.9809394847733|24475&4&27.19018078713019|24485&4&449.273240864942,2|24398&4&105.75225735248242|24400&4&71.25219843024777|24403&4&9.68939736523771|24410&4&91.88886086029636|24417&4&575.111571258675|24427&4&747.1628606774927|24430&4&356.31295717704165|24432&4&935.011585575415|24433&4&866.5557843254941|24435&4&895.3011691266612|24437&4&689.6422600691694|24446&4&297.089984176241|24449&4&743.4246906572057|24455&4&997.5112845549318|24461&4&743.043016081788|24462&4&8.867491725147147|24476&4&519.8921049107546|24483&4&619.7851760176727|24488&4&23.372506738571737|24489&4&477.59325189019523|24500&4&243.3065338413801|24502&4&203.22171665152104|24513&4&142.29420748877382,2|24398&4&366.8798724005009|24399&4&2384.759596269949|24406&4&714.7868684069051|24428&4&988.2095266847771|24431&4&538.3038085977249|24434&4&640.4286725647863|24440&4&253.276788212776|24443&4&241.4870416667277|24444&4&925.8441802525492|24456&4&711.5587526362848|24464&4&494.0275189643619|24469&4&24.848092960161246|24470&4&651.7975540774216|24474&4&197.4213505953519|24482&4&504.807393314823|24490&4&977.0029972435314|24492&4&67.2010140784181|24494&4&593.3233855810298|24495&4&813.6936311725782|24512&4&12.855268738079992|24513&4&99.42304223270331,2|24397&4&237.9631539110776|24399&4&26.141289192170163|24404&4&1794.329059010853|24412&4&7.267257633065356|24414&4&523.201563155882|24418&4&1607.5090075530634|24440&4&143.9706798747186|24441&4&697.276210415268|24457&4&16.20857198307104|24459&4&458.81274551844086|24463&4&529.2400993192313|24479&4&1830.126913951097|24483&4&1546.583901909336|24493&4&476.25492805046423|24494&4&197.20715366661267|24496&4&361.96717206452706|24511&4&47.356826163941314,2|24400&4&480.4777054558689|24403&4&408.03783013856236|24404&4&99.57978575121182|24419&4&1130.1342310677776|24421&4&575.607278852615|24426&4&753.3138876961593|24431&4&664.1201645505932|24435&4&495.92143611515996|24440&4&652.7540624420958|24442&4&1.865174681370263E-14|24446&4&561.3829987871544|24451&4&1713.5422206347248|24452&4&802.680016083244|24453&4&220.08260786233637|24459&4&15.988630194846387|24460&4&445.7554349709608|24477&4&1359.0931422215763|24481&4&169.13758660793496|24485&4&1573.2639392719816|24497&4&97.82322650193856|24503&4&369.7572234509453,2|24398&4&16.50868592357453|24410&4&1116.2541297612072|24412&4&38.209389826492895|24417&4&2027.2590529371012|24422&4&7.4382352012547805|24425&4&169.36102314961684|24426&4&178.5721894015136|24434&4&408.8156372205276|24436&4&1337.3782387388974|24438&4&38.447099087442936|24439&4&534.5861751714012|24443&4&612.570692696753|24445&4&1253.5489558466275|24457&4&236.64195455847405|24468&4&176.02951111427387|24484&4&1846.1091104489074|24488&4&95.72396035048864|24489&4&463.9722240698013|24496&4&113.31311349428348|24498&4&9.818965710612606|24502&4&19.038298080407458|24516&4&158.75378268220516,2|24400&4&765.9238502223718|24401&4&721.8238903527863|24402&4&573.910632479576|24405&4&974.7594972961975|24414&4&446.1628002052894|24415&4&1180.344028932109|24416&4&111.13293806363177|24424&4&1363.548286352183|24430&4&213.33054489632826|24432&4&1386.7272393900569|24443&4&13.308919416359032|24453&4&35.12707799380951|24467&4&115.55164678663928|24471&4&648.6752189664774|24472&4&333.8857246076096|24475&4&621.9447030937564|24477&4&186.3831612108416|24491&4&51.917197697778974|24493&4&571.8934655941798|24496&4&204.8650884177893|24498&4&373.9283636109413|24500&4&56.41961232253438
166|4,130,1,1,1,1,1,1,1,1,1,1,1,1,1,1,1,1,1,1,1,1,1,1,1,1,1,1,1,1,1,1,1,1,1,1,1,1,1,1,1,1,1,1,1,1,1,1,1,1,1,1,1,1,1,1,1,1,1,1,1,1,1,1,1,1,1,1,1,1,1,1,1,1,1,1,1,1,1,1,1,1,1,1,1,1,1,1,1,1,1,1,1,1,1,1,1,1,1,1,1,1,0,0,0,0,0,0,0,0,0,0,0,0,0,0,0,0,0,0,0,0,2|24408&4&695.2789602983711|24409&4&2459.6558591214543|24420&4&378.486299982496|24429&4&1999.567602730253|24434&4&16.16109762095716|24448&4&435.187297940107|24461&4&1255.9972688003036|24465&4&1075.905301275539|24467&4&2218.1662212354745|24482&4&912.6806683623697|24488&4&951.2555528139836|24509&4&144.76043144110562|24512&4&70.46192011929936,2|24416&4&137.09470549085356|24423&4&1740.8742874866484|24434&4&1644.5813270424867|24439&4&251.77710891127694|24443&4&388.02811583923403|24447&4&134.91929512720446|24453&4&1060.275123639875|24454&4&1145.6950289905183|24457&4&148.90411342873156|24459&4&158.9755605816839|24462&4&725.0254582634611|24476&4&1230.5379393728804|24480&4&474.49731171951225|24491&4&1290.7279247906781|24492&4&222.46349149788313|24511&4&234.51065132074453|24512&4&383.4439184818609,2|24402&4&453.70795152697815|24403&4&115.85589142130229|24409&4&20.475245194604575|24411&4&1307.6797769192337|24413&4&826.1577040512796|24416&4&1404.8703261252697|24422&4&584.4726756856986|24427&4&496.36006570366885|24442&4&1600.6648432546922|24446&4&154.115521169756|24453&4&573.2334146193331|24459&4&63.742917122996175|24466&4&170.54791796851868|24478&4&1584.664661806448|24486&4&1266.6344387831234|24498&4&56.45156233500482|24511&4&185.90684973245732|24512&4&29.660604704009028|24516&4&53.63292627408876,2|24397&4&456.53577437061904|24407&4&938.3051925733289|24412&4&848.0931279921426|24430&4&455.6154446343267|24431&4&480.3304302000478|24432&4&270.74047715851935|24438&4&587.4307120916806|24448&4&137.6869250664251|24450&4&1263.3290761537528|24460&4&201.00232355045125|24468&4&769.7361097719505|24473&4&948.9857210861693|24475&4&19.642456089408594|24485&4&395.5953298057628|24487&4&0.0,2|24398&4&221.63361301778207|24400&4&66.16275568523007|24403&4&4.191286628896691|24410&4&61.95209168684745|24417&4&489.8506877312184|24427&4&768.5411703413632|24430&4&334.83078591480614|24432&4&883.240542973596|24433&4&795.1580075643399|24435&4&892.6279801944556|24437&4&618.0011067489594|24446&4&275.6161080220428|24449&4&728.5350372475593|24455&4&1294.570810579798|24461&4&749.267577569775|24462&4&8.42411713888979|24476&4&453.85812964229405|24483&4&585.390604420403|24488&4&19.47708894880978|24489&4&451.95298588600144|24500&4&276.1493238353349|24502&4&190.92554553106768|24513&4&133.99040680350026,2|24398&4&322.7661615512557|24399&4&2176.0980832660016|24406&4&654.7408658995457|24428&4&902.702781614831|24431&4&510.45236619138706|24434&4&595.2608791610842|24440&4&216.1547454458733|24443&4&566.5117068726588|24444&4&854.269574760913|24456&4&854.1666786217771|24464&4&479.1106617280198|24469&4&20.706744133467712|24470&4&597.9667107628786|24474&4&183.0791319464778|24482&4&755.2248722945892|24490&4&934.2492406238011|24492&4&49.535223344133236|24494&4&526.7522706628889|24495&4&790.7300080553018|24512&4&2.848471899912358|24513&4&85.80744136578055,2|24397&4&359.96210733570865|24399&4&12.178167317787146|24404&4&2117.7308952160465|24412&4&1.2434497875801753E-14|24414&4&623.5904252336011|24418&4&1731.071053680978|24430&4&125.38705718455617|24440&4&148.5276644028102|24441&4&625.8185333627769|24457&4&10.805714655380685|24459&4&429.73288314367153|24463&4&479.8818725535236|24479&4&1726.6851479712846|24483&4&1385.0268892366237|24493&4&408.9077051921512|24494&4&187.07605144201244|24496&4&336.74274311002864|24511&4&353.35904570445433,2|24400&4&451.32240170897|24403&4&438.01470221826554|24404&4&58.25248403405594|24419&4&1011.2980414014846|24421&4&526.9615406739355|24426&4&890.7375091412091|24431&4&618.353881415437|24435&4&465.2729197222366|24440&4&605.0466782891087|24446&4&506.7296045848105|24451&4&1902.9403234076592|24452&4&714.9060605526951|24453&4&170.21663278209212|24459&4&10.182674243825417|24460&4&451.90130116808797|24477&4&1237.114388960052|24481&4&159.30737883976167|24485&4&1597.481884622814|24497&4&92.05789233784778|24503&4&341.35749876765783,2|24398&4&5.942875932307861|24410&4&1103.0194251917546|24412&4&25.47292655099528|24417&4&2349.1929347764326|24419&4&207.60912254411653|24422&4&6.5084558010979325|24425&4&158.85723659134922|24426&4&129.8972308805005|24431&4&82.43131042928735|24434&4&566.766768526596|24436&4&1224.9072814383753|24438&4&19.869187629755388|24439&4&561.7816818730766|24443&4&546.0440263548126|24445&4&1166.6582341363146|24457&4&206.90808720590022|24458&4&102.98090902881675|24468&4&256.22369096922733|24484&4&1762.9462533630776|24488&4&60.96967340481288|24489&4&400.30482574242103|24496&4&106.73349086898305|24498&4&95.02057924147337|24502&4&57.74168795653925|24516&4&148.3619657618454,2|24400&4&678.0345834564511|24401&4&653.8592340926667|24402&4&751.2367224499742|24405&4&921.4258056904823|24414&4&383.60215588776316|24415&4&1210.8790854701226|24416&4&73.90660558231778|24424&4&1334.6850435504634|24430&4&202.2974739507503|24432&4&1236.9942083203284|24443&4&0.0|24453&4&223.88750011965453|24467&4&74.22317670523014|24471&4&597.645816657598|24472&4&337.60863228919425|24475&4&581.9733861729999|24477&4&179.16267292704612|24491&4&29.00738313384102|24493&4&972.3867641847802|24496&4&187.1764331234864|24498&4&349.42403489321714|24500&4&50.50108750294246
167|4,130,1,1,1,1,1,1,1,1,1,1,1,1,1,1,1,1,1,1,1,1,1,1,1,1,1,1,1,1,1,1,1,1,1,1,1,1,1,1,1,1,1,1,1,1,1,1,1,1,1,1,1,1,1,1,1,1,1,1,1,1,1,1,1,1,1,1,1,1,1,1,1,1,1,1,1,1,1,1,1,1,1,1,1,1,1,1,1,1,1,1,1,1,1,1,1,1,1,1,1,1,0,0,0,0,0,0,0,0,0,0,0,0,0,0,0,0,0,0,0,0,2|24408&4&706.1210108812766|24409&4&2257.0021622950167|24420&4&343.8439399189189|24429&4&1985.9285112633715|24434&4&0.0|24448&4&395.59463822153566|24461&4&1114.8444487413913|24465&4&1207.8332079424094|24467&4&2168.8329854384538|24482&4&809.4300410915051|24488&4&868.8863841705364|24509&4&134.1298986871384|24512&4&60.768874705336124,2|24416&4&117.7758254855398|24423&4&1810.0016522229694|24434&4&1492.5787173729018|24439&4&213.2933077032673|24443&4&362.58136823378044|24447&4&125.21056534708416|24453&4&988.4752995916972|24454&4&1016.3874480302718|24457&4&140.3528357051662|24459&4&143.7376766939137|24462&4&658.3416339504788|24476&4&1309.1624023367913|24480&4&555.3203872162636|24491&4&1175.049593284805|24492&4&275.60627435055284|24511&4&216.97561573536248|24512&4&355.95275685540213,2|24402&4&405.69634297017296|24403&4&89.77648071010552|24409&4&13.561096659006381|24411&4&1298.0635414361323|24413&4&737.7554428554972|24416&4&1440.5520411725718|24422&4&535.8832690240347|24427&4&430.30510106174245|24442&4&1446.567532902725|24446&4&138.83783520064628|24453&4&512.2543243386787|24459&4&51.264170077457116|24466&4&157.52153318831483|24478&4&1460.5197492650525|24486&4&1153.2657940064832|24488&4&102.87670155061568|24498&4&45.43777875611732|24511&4&155.84314546015128|24512&4&22.180798836153425|24516&4&47.339792983628264,2|24397&4&420.1997542872548|24407&4&1028.040614540152|24412&4&894.0910666406594|24426&4&157.43068785352136|24430&4&399.01824378895526|24431&4&377.0046286603049|24432&4&516.4340147272226|24438&4&751.6622646898686|24448&4&130.11268660086637|24450&4&1245.4926479735882|24455&4&155.55992716725183|24460&4&157.13993747057899|24468&4&694.8979669827863|24473&4&960.6037323565394|24475&4&12.094731391687|24485&4&341.91741874658356|24487&4&32.33252842235546|24493&4&234.89623179978224,2|24398&4&429.71904904297617|24400&4&61.07331294021237|24403&4&0.0|24410&4&34.91942321676738|24417&4&419.57494080780145|24427&4&795.055726367154|24430&4&313.3486146525707|24432&4&831.469500371777|24433&4&749.3350796131351|24435&4&1060.7941871720564|24437&4&548.4580234984151|24446&4&254.14223186784466|24449&4&718.1274923608166|24455&4&1167.325992502471|24461&4&890.1863095946976|24462&4&7.980742552632432|24476&4&389.043549444925|24483&4&550.9960328231332|24488&4&15.581671159047824|24489&4&559.0212017045632|24500&4&305.4023007391918|24502&4&178.62937441061433|24513&4&125.68660611822668,2|24398&4&278.6524507020104|24399&4&2074.073964398128|24406&4&594.6948633921862|24428&4&946.6669087197638|24431&4&482.6009237850492|24434&4&550.0930857573819|24440&4&180.0854252515665|24443&4&715.0663648620128|24444&4&782.694969269277|24456&4&848.512189882614|24464&4&439.779071381709|24469&4&16.565395306774178|24470&4&544.1358674483356|24474&4&0.0|24482&4&924.8460906626599|24490&4&934.1591117576028|24492&4&32.54680730200691|24494&4&460.1811557447479|24495&4&919.8656073204038|24512&4&1.865174681370263E-14|24513&4&72.19184049885777,2|24397&4&425.6367167239985|24399&4&0.0|24404&4&2146.8794391187726|24414&4&758.3155794192915|24418&4&1749.5266288685025|24430&4&119.11770432532836|24440&4&140.74135448298287|24441&4&554.3608563102858|24457&4&5.402857327690331|24459&4&470.11455972296676|24463&4&464.2299649902255|24479&4&1757.4031256884523|24483&4&1224.9614322846287|24493&4&355.82446226175534|24494&4&234.42510681363845|24496&4&311.5183141555302|24511&4&407.2929882715993|24512&4&124.88119779953104,2|24400&4&422.1670979620712|24403&4&521.3278330608653|24404&4&27.285746111991244|24419&4&895.1413908549465|24421&4&578.9389110325056|24426&4&832.2294131014004|24431&4&572.5875982802809|24435&4&434.6244033293131|24440&4&557.3392941361219|24446&4&581.778721704481|24451&4&1752.1593404524008|24452&4&888.1129843153572|24453&4&123.44456997802226|24459&4&4.376718292804446|24460&4&496.11688181579854|24477&4&1115.135635698528|24481&4&149.47717107158832|24485&4&1494.3556899333316|24497&4&86.29255817375699|24503&4&312.9577740843703,2|24398&4&3.730349362740526E-14|24410&4&1372.4482301247228|24412&4&12.736463275497663|24417&4&2198.3401891521453|24419&4&294.34660332412415|24422&4&5.5786764009410845|24425&4&155.08532951338452|24426&4&92.10993289457588|24431&4&94.65367193950013|24434&4&723.2867634558928|24436&4&1359.3282555212236|24438&4&7.144286747222201|24439&4&522.5196933707347|24443&4&479.5173600128721|24445&4&1072.8316184202843|24457&4&177.17421985332638|24458&4&97.83186357737591|24468&4&242.97243264298027|24484&4&1623.4496145992885|24488&4&37.151930814802604|24489&4&336.63742741504075|24496&4&100.15386824368262|24498&4&87.45563884460391|24502&4&54.80700781351127|24516&4&137.97014884148564,2|24400&4&590.1453166905304|24401&4&585.8945778325473|24402&4&708.2354790274024|24405&4&834.5687304557515|24414&4&323.44335525380734|24415&4&1162.4219819665884|24416&4&47.97276602852857|24424&4&1384.2764675872525|24430&4&191.2644030051723|24432&4&1102.2293707921847|24453&4&448.5433843729703|24467&4&43.974304589051634|24471&4&546.6164143487185|24472&4&343.91401510301563|24475&4&542.0020692522435|24477&4&390.1381535824862|24491&4&8.382540872266636|24493&4&920.0330632410532|24496&4&169.48777782918347|24498&4&324.919706175493|24500&4&44.582562683350545
168|4,130,1,1,1,1,1,1,1,1,1,1,1,1,1,1,1,1,1,1,1,1,1,1,1,1,1,1,1,1,1,1,1,1,1,1,1,1,1,1,1,1,1,1,1,1,1,1,1,1,1,1,1,1,1,1,1,1,1,1,1,1,1,1,1,1,1,1,1,1,1,1,1,1,1,1,1,1,1,1,1,1,1,1,1,1,1,1,1,1,1,1,1,1,1,1,1,1,1,1,1,1,0,0,0,0,0,0,0,0,0,0,0,0,0,0,0,0,0,0,0,0,2|24408&4&742.836875499084|24409&4&2054.3484654685794|24420&4&309.2015798553418|24429&4&1815.4889706200045|24448&4&356.0019785029643|24461&4&975.3805751150869|24465&4&1200.9329583018618|24467&4&2135.678334264668|24482&4&711.2554775085187|24488&4&786.5172155270892|24509&4&123.49936593317119|24512&4&51.075829291372884,2|24416&4&98.45694548022604|24423&4&1648.064229000702|24434&4&1340.576107703317|24439&4&174.8095064952576|24443&4&337.13462062832684|24447&4&115.50183556696385|24453&4&916.6754755435195|24454&4&887.0798670700257|24457&4&245.78373967587615|24459&4&128.49979280614346|24462&4&591.6578096374964|24476&4&1401.6630997222314|24480&4&579.7285914954746|24491&4&1059.3712617789317|24492&4&356.0418211228329|24511&4&199.44058014998046|24512&4&328.46159522894334,2|24402&4&357.68473441336783|24403&4&63.697069998908745|24409&4&6.64694812340818|24410&4&167.75589630097105|24411&4&1272.6821298092557|24413&4&651.638536379071|24416&4&1502.585217680944|24422&4&487.2938623623708|24423&4&185.11391873237562|24427&4&372.116097599303|24442&4&1643.6038615460932|24446&4&123.56014923153654|24453&4&451.27523405802424|24459&4&38.78542303191806|24466&4&144.495148408111|24478&4&1630.4992896293008|24486&4&1043.808028616095|24488&4&278.2528839573613|24498&4&34.42399517722981|24500&4&50.35940298865626|24511&4&125.77944118784531|24512&4&14.700992968297825|24516&4&41.046659693167754,2|24397&4&383.86373420389043|24407&4&1005.7311259781334|24412&4&1020.8933758612745|24426&4&233.78626884396508|24430&4&343.7560142347829|24431&4&286.7651234323376|24432&4&677.1112805305191|24438&4&812.0418032246066|24448&4&122.53844813530762|24450&4&1548.2551325996794|24455&4&261.1090300532438|24460&4&113.27755139070672|24468&4&620.0598241936223|24473&4&881.2778524744866|24475&4&6.032350245898126|24485&4&288.2395076874043|24487&4&30.715902001237687|24493&4&323.4568782349747,2|24398&4&454.8863616119851|24400&4&55.98387019519467|24410&4&18.9038165133345|24417&4&349.2991938843845|24427&4&840.5073654914161|24430&4&291.86644339033523|24432&4&779.698457769958|24433&4&689.0345262446066|24435&4&968.9261021355236|24437&4&635.2220834637177|24446&4&232.6683557136465|24449&4&785.697330886704|24455&4&1053.5106883228038|24461&4&1209.2422617992192|24462&4&154.09140378265823|24476&4&324.66294887223796|24483&4&672.2813722803003|24488&4&11.686253369285868|24489&4&698.0543825520477|24500&4&286.19487649275374|24502&4&166.33320329016098|24513&4&117.38280543295312,2|24398&4&234.53873985276513|24399&4&2081.2909194522713|24406&4&534.6488608848268|24428&4&1078.683496651879|24431&4&454.74948137871127|24434&4&504.9252923536797|24440&4&144.3406171366695|24443&4&760.0854892910112|24444&4&711.1203637776408|24456&4&913.5220823735526|24464&4&400.4474810353983|24469&4&12.424046480080644|24470&4&490.30502413379264|24474&4&130.80712412594931|24482&4&1133.4052901721466|24490&4&907.5500325775065|24492&4&22.097728693129138|24494&4&396.02997741454266|24495&4&915.148465026469|24513&4&58.576239631934996,2|24397&4&402.7636290211915|24404&4&2244.5777664020184|24414&4&963.746224915539|24418&4&1707.659398635139|24430&4&112.84835146610055|24440&4&132.95504456315555|24441&4&825.0314308112007|24457&4&-2.3092638912203256E-14|24459&4&437.56162040049406|24463&4&627.0540863060241|24479&4&2038.0866782250193|24483&4&1069.1981176509516|24493&4&312.23911645507616|24494&4&383.1317100222168|24496&4&286.2938852010318|24511&4&385.63056901482366|24512&4&118.63713790955448,2|24400&4&446.4021260778036|24403&4&656.382236766791|24404&4&7.155156724718211|24419&4&785.3329929184406|24421&4&663.1883355457451|24426&4&773.7213170615915|24431&4&526.8213151451246|24435&4&403.97588693638966|24440&4&509.63190998313485|24446&4&532.7846008675194|24451&4&1746.6074793051928|24452&4&873.7534901136149|24453&4&88.04636546499655|24459&4&-4.263256414560601E-14|24460&4&803.8037191334272|24477&4&993.1568824370037|24481&4&139.64696330341502|24485&4&1391.2294952438485|24497&4&80.52722400966623|24503&4&285.58469035924793,2|24410&4&1278.1134479404195|24412&4&4.618527782440651E-14|24417&4&2047.4874435278566|24419&4&338.9030150384798|24422&4&4.6488970007842365|24425&4&144.24494898110174|24426&4&63.442475689751355|24431&4&446.452497802751|24434&4&725.2810648505731|24436&4&1503.2413850637918|24438&4&-1.2434497875801753E-14|24439&4&543.7982001579165|24443&4&414.8170461620498|24445&4&1147.2387436147874|24457&4&147.4403525007525|24458&4&92.68281812593507|24468&4&229.72117431673323|24484&4&1475.4693355318655|24488&4&22.47897749513912|24489&4&278.957593776496|24496&4&93.5742456183822|24498&4&82.85271048436158|24502&4&51.87232767048329|24516&4&127.57833192112588,2|24400&4&502.2560499246097|24401&4&536.5918519343352|24402&4&665.2342356048308|24405&4&931.7496762772962|24413&4&185.70833432341854|24414&4&272.5046921488016|24415&4&1253.3586322589656|24416&4&27.233649606088935|24424&4&1281.7777585261379|24430&4&180.23133205959437|24432&4&974.0826375305382|24453&4&425.3623730782674|24467&4&19.64601277309327|24471&4&495.587012039839|24472&4&310.8743027335947|24475&4&589.7757674369971|24477&4&402.2153674528048|24491&4&6.039613253960852E-14|24493&4&867.6793622973262|24496&4&151.79912253488058|24498&4&300.41537745776884|24500&4&38.97704386086461
169|4,130,1,1,1,1,1,1,1,1,1,1,1,1,1,1,1,1,1,1,1,1,1,1,1,1,1,1,1,1,1,1,1,1,1,1,1,1,1,1,1,1,1,1,1,1,1,1,1,1,1,1,1,1,1,1,1,1,1,1,1,1,1,1,1,1,1,1,1,1,1,1,1,1,1,1,1,1,1,1,1,1,1,1,1,1,1,1,1,1,1,1,1,1,1,1,1,1,1,1,1,1,0,0,0,0,0,0,0,0,0,0,0,0,0,0,0,0,0,0,0,0,2|24408&4&724.8268363879956|24409&4&1851.6947686421418|24420&4&335.1867497861768|24429&4&1763.6297684124966|24436&4&3.1307227975980254|24448&4&316.4093187843929|24457&4&130.81474687814057|24461&4&856.782689694748|24465&4&1159.1260712805617|24467&4&2250.4441946838765|24482&4&621.902873015976|24488&4&704.1480468836421|24509&4&112.86883317920396|24512&4&41.38278387740965,2|24416&4&79.13806547491228|24423&4&1490.6005437555073|24434&4&1188.573498033732|24439&4&143.79065945092236|24443&4&311.68787302287325|24447&4&105.79310578684353|24453&4&844.8756514953419|24454&4&1001.652104140129|24457&4&231.533352867597|24459&4&113.26190891837324|24462&4&530.130037321675|24476&4&1571.966417663939|24480&4&791.4131344313786|24491&4&943.6929302730584|24492&4&0.0|24511&4&181.90554456459842|24512&4&300.97043360248455,2|24402&4&309.6731258565626|24403&4&47.06993454852298|24409&4&0.0|24410&4&159.3681014859225|24411&4&1238.091808942917|24413&4&577.6326482026583|24416&4&1460.7722821938369|24422&4&438.70445570070694|24423&4&207.92977090611083|24427&4&321.1137698763075|24442&4&1908.7100428152416|24446&4&108.28246326242682|24453&4&390.2961437773698|24459&4&26.306675986379005|24466&4&131.46876362790715|24478&4&1772.280430125989|24486&4&1155.1297376111168|24488&4&473.3819558520589|24489&4&21.54307903239237|24494&4&53.901265569380115|24498&4&23.410211598342308|24500&4&101.60965145906789|24511&4&101.25850647284594|24512&4&7.221187100442222|24516&4&34.75352640270725,2|24397&4&347.5277141205261|24407&4&955.9862815384467|24412&4&1011.5225054543087|24426&4&251.98613507606257|24430&4&288.60906662206025|24431&4&211.21161766296797|24432&4&692.095476244554|24438&4&918.4024046042159|24448&4&114.9642096697489|24450&4&1746.2448153100754|24455&4&373.22628036890137|24460&4&78.23850356679927|24468&4&545.2216814044583|24473&4&832.7758935845909|24475&4&2.737858801741355|24485&4&234.56159662822506|24487&4&52.70228738224184|24493&4&325.3711729291783,2|24398&4&510.2107960478767|24400&4&50.89442745017697|24410&4&10.579279989170155|24417&4&279.0234469609676|24427&4&784.241184356603|24430&4&270.3842721280998|24432&4&727.9274151681392|24433&4&628.7339728760783|24435&4&941.3428959292651|24437&4&636.616624419348|24446&4&211.19447955944833|24449&4&799.4441588516728|24455&4&947.3926288230361|24461&4&1167.7138435840398|24462&4&146.3203274055867|24476&4&267.00753690371863|24483&4&630.1028051303088|24488&4&7.790835579523913|24489&4&657.2132489095753|24500&4&266.9874522463157|24502&4&154.03703216970763|24513&4&109.07900474767953,2|24398&4&196.92314159705356|24399&4&2234.6891184109227|24406&4&542.5787249445209|24428&4&978.6371363140008|24431&4&426.89803897237334|24434&4&463.08540439176556|24440&4&110.46315877725627|24443&4&1001.7725661337362|24444&4&639.5457582860047|24456&4&845.833517585251|24464&4&383.69225047281924|24469&4&122.990647104152|24470&4&436.4741808192496|24474&4&124.26676791965185|24482&4&1231.7039758271626|24490&4&848.4976591763816|24492&4&0.0|24494&4&337.99651938222144|24495&4&830.7154237847401|24513&4&44.960638765012234,2|24397&4&379.89054131838446|24404&4&2310.562541737354|24414&4&1034.967661617263|24418&4&1601.4140539949221|24430&4&166.63559469437678|24440&4&125.16873464332825|24441&4&773.8771052405168|24459&4&405.0086810780215|24463&4&701.6170041654414|24479&4&2272.6540005033544|24483&4&930.4959329464713|24493&4&271.88084654032065|24494&4&362.0410142521558|24496&4&261.0694562465334|24511&4&363.96814975804807|24512&4&223.97669887449578,2|24400&4&665.9656221068348|24403&4&743.4255254056452|24404&4&0.0|24419&4&684.1577234953897|24421&4&763.4725047117406|24426&4&715.2132210217826|24431&4&481.0550320099684|24435&4&373.32737054346626|24440&4&461.9245258301479|24446&4&796.0779996132337|24451&4&1592.7274911792865|24452&4&920.9675655857945|24453&4&52.648160951970794|24460&4&922.630328565458|24477&4&873.1428219157503|24481&4&129.81675553524167|24485&4&1333.118343646529|24497&4&74.76188984557544|24503&4&312.35823950961907,2|24410&4&1183.778665756116|24417&4&1954.4564364132727|24419&4&387.13905106181386|24422&4&3.719117600627389|24425&4&133.404568448819|24426&4&37.79924718835949|24431&4&684.2293426051469|24434&4&684.5942338319333|24436&4&1388.2312546496591|24439&4&543.8614958528331|24443&4&350.7161688963258|24445&4&1065.4361855365116|24457&4&117.70648514817866|24458&4&87.53377267449423|24459&4&176.129314715865|24468&4&216.4699159904862|24484&4&1330.3038502083546|24488&4&8.680082286189627|24489&4&222.91502499878044|24496&4&86.99462299308176|24498&4&78.24978212411926|24502&4&48.93764752745531|24516&4&117.18651500076611,2|24400&4&414.3667831586891|24401&4&556.2158271387927|24402&4&745.1474065571206|24405&4&1060.130810768649|24413&4&405.2061102841155|24414&4&231.73702239001148|24415&4&1143.9749327968914|24416&4&10.417457765412385|24424&4&1211.0725221831099|24430&4&169.19826111401642|24432&4&846.3607772424373|24453&4&687.0251838140102|24467&4&-1.3500311979441904E-13|24471&4&444.55760973095954|24472&4&277.83459036417366|24475&4&545.4171997609653|24477&4&586.2261299603927|24493&4&815.3256613535991|24496&4&134.11046724057766|24498&4&275.9110487400447|24500&4&33.37152503837868|24511&4&121.71736175958972
170|4,130,1,1,1,1,1,1,1,1,1,1,1,1,1,1,1,1,1,1,1,1,1,1,1,1,1,1,1,1,1,1,1,1,1,1,1,1,1,1,1,1,1,1,1,1,1,1,1,1,1,1,1,1,1,1,1,1,1,1,1,1,1,1,1,1,1,1,1,1,1,1,1,1,1,1,1,1,1,1,1,1,1,1,1,1,1,1,1,1,1,1,1,1,1,1,1,1,1,1,1,1,0,0,0,0,0,0,0,0,0,0,0,0,0,0,0,0,0,0,0,0,2|24408&4&865.1242125165737|24409&4&1649.0410718157038|24420&4&299.07901919726146|24429&4&1782.8155891142762|24432&4&205.73041737305448|24436&4&2.974186657718124|24448&4&276.8166590658215|24457&4&213.46481023686817|24461&4&746.3821237463342|24465&4&1079.8072368980447|24467&4&2080.4163412330026|24482&4&540.6453437689532|24488&4&621.778878240195|24509&4&102.23830042523674|24512&4&31.68973846344641,2|24416&4&59.81918546959851|24423&4&1333.136858510313|24434&4&1036.5708883641473|24439&4&115.89065973939024|24443&4&286.24112541741965|24447&4&96.08437600672322|24448&4&62.15229429259756|24453&4&773.0758274471641|24454&4&1206.679163335586|24457&4&217.28296605931786|24459&4&98.02402503060301|24462&4&468.60226500585367|24476&4&1468.4284028697277|24480&4&873.1749919120816|24491&4&828.0145987671852|24511&4&164.37050897921637|24512&4&347.85847038037207,2|24402&4&266.2758494805313|24403&4&40.0252785177981|24410&4&150.98030667087394|24411&4&1150.142302070623|24412&4&127.5479757877473|24413&4&513.3713542375687|24416&4&1464.480792290292|24422&4&390.1150490390431|24423&4&244.43212998744414|24427&4&270.5288076615798|24442&4&1960.4694188585513|24446&4&93.00477729331709|24453&4&329.3170534967154|24459&4&20.822306821629354|24466&4&118.44237884770331|24478&4&1995.5502633695096|24486&4&1315.4139838735289|24488&4&517.1070077488249|24489&4&246.04260179538926|24494&4&62.018113615806925|24498&4&14.21697138582098|24500&4&149.50296539401705|24511&4&79.0634818937298|24512&4&2.439503522640746|24516&4&28.460393112246752,2|24397&4&311.1916940371618|24407&4&934.2806003594212|24412&4&905.9163882805589|24426&4&497.7442476225082|24430&4&237.84142460107986|24431&4&146.20482859744607|24432&4&653.2268467373324|24438&4&971.8296573903259|24448&4&107.38997120419018|24450&4&1856.0802135599497|24455&4&611.5078956921649|24460&4&47.15521153373861|24468&4&470.6133012093205|24473&4&751.9088176529303|24475&4&-1.687538997430238E-14|24485&4&180.88368556904584|24487&4&49.905510371017975|24493&4&344.90742190254304,2|24398&4&713.967460396336|24400&4&45.80498470515927|24410&4&7.934459991877588|24417&4&208.7477000375506|24427&4&798.3074500207805|24430&4&248.90210086586433|24432&4&676.1563725663202|24433&4&591.9138661561642|24435&4&875.6376877944524|24437&4&676.9813539220575|24446&4&189.7206034052502|24449&4&1008.9581843470902|24455&4&850.4312950688295|24461&4&1228.624766633004|24462&4&138.5492510285152|24476&4&216.26844363304735|24483&4&587.9242379803172|24488&4&3.895417789761957|24489&4&616.372115267103|24500&4&247.78002799987772|24502&4&141.74086104925428|24513&4&100.77520406240598,2|24398&4&163.14160316533318|24399&4&2410.0489310638804|24406&4&686.3483187035959|24428&4&878.5907759761226|24431&4&399.0465965660355|24434&4&421.2455164298515|24440&4&76.58570041784307|24443&4&1090.7954604351307|24444&4&567.9711527943685|24456&4&1011.8619168102472|24464&4&347.47762312534417|24469&4&352.1845257571989|24470&4&382.64333750470655|24474&4&117.7264117133544|24482&4&1379.2636564391237|24490&4&768.0888392900077|24494&4&288.2764339910807|24495&4&808.4549073253402|24513&4&33.04740377316581,2|24397&4&357.01745361557744|24404&4&2241.340048627444|24414&4&1151.262903165031|24418&4&1581.0386496152425|24430&4&157.36341203077376|24440&4&117.38242472350095|24441&4&736.119793271986|24459&4&372.4557417555489|24463&4&881.1730305434452|24479&4&2328.8392860742433|24483&4&794.2017291609923|24493&4&240.01893449084005|24494&4&340.95031848209476|24496&4&235.84502729203496|24511&4&342.30573050127254|24512&4&212.15345794177335,2|24400&4&738.5287378712463|24403&4&693.683270425162|24419&4&584.7943858343153|24421&4&708.4898226357532|24426&4&656.7051249819738|24431&4&435.2887488748121|24435&4&342.67885415054286|24440&4&414.2171416771609|24446&4&874.2755992679574|24451&4&1444.5914491479075|24452&4&1026.4020846482606|24453&4&27.456523107145152|24460&4&945.5556364837321|24477&4&773.1838011461002|24481&4&119.98654776706836|24485&4&1765.2894450744534|24497&4&68.99655568148467|24503&4&327.9647281491279,2|24410&4&1089.4438835718124|24417&4&2009.71184015281|24419&4&418.3813565273824|24422&4&2.7893382004705414|24425&4&258.5679848018154|24426&4&13.271210115504115|24431&4&1066.4220494933188|24434&4&707.0046545368956|24436&4&1280.338291307213|24439&4&499.45486713792826|24443&4&299.94114444554253|24445&4&1028.1262667668036|24457&4&87.9726177956048|24458&4&82.38472722305339|24459&4&244.53103917657143|24468&4&203.21865766423912|24484&4&1427.4835480903093|24488&4&2.8421709430404007E-14|24489&4&168.93026072131482|24496&4&80.41500036778133|24498&4&86.50685362211709|24502&4&46.00296738442733|24516&4&106.79469808040633,2|24400&4&333.3988700116219|24401&4&495.1143813527552|24402&4&817.3558110099762|24405&4&1099.6505954276893|24413&4&384.4815339341012|24414&4&200.7488401466324|24415&4&1034.591233334817|24416&4&0.0|24424&4&1399.670444654728|24430&4&158.16519016843844|24432&4&727.6697559840982|24453&4&816.5449125704326|24471&4&393.52820742208013|24472&4&244.79487799475262|24475&4&531.4354958270776|24477&4&709.5511502852228|24493&4&762.9719604098723|24496&4&116.42181194627476|24498&4&251.40672002232054|24500&4&27.76600621589274|24511&4&115.63149367161023
171|4,130,1,1,1,1,1,1,1,1,1,1,1,1,1,1,1,1,1,1,1,1,1,1,1,1,1,1,1,1,1,1,1,1,1,1,1,1,1,1,1,1,1,1,1,1,1,1,1,1,1,1,1,1,1,1,1,1,1,1,1,1,1,1,1,1,1,1,1,1,1,1,1,1,1,1,1,1,1,1,1,1,1,1,1,1,1,1,1,1,1,1,1,1,1,1,1,1,1,1,1,1,0,0,0,0,0,0,0,0,0,0,0,0,0,0,0,0,0,0,0,0,2|24398&4&115.83658619311745|24408&4&992.8057529879857|24409&4&1446.3873749892662|24420&4&295.30100164503165|24429&4&1743.9922764429002|24432&4&265.13449607277573|24436&4&2.8176505178382225|24448&4&237.22399934725013|24457&4&418.86735871319985|24461&4&638.8809920093286|24462&4&56.01596619419519|24465&4&1038.4922173925684|24467&4&2037.2596810287428|24482&4&464.77447432373947|24488&4&539.4097095967479|24509&4&91.60776767126953|24512&4&21.996693049483174,2|24416&4&40.50030546428475|24422&4&25.382575521349963|24423&4&1178.1216143448787|24434&4&884.5682786945622|24439&4&87.99066002785814|24443&4&260.794377811966|24447&4&86.37564622660291|24448&4&86.83999275728496|24453&4&701.2760033989864|24454&4&1077.5489263699656|24457&4&203.03257925103873|24459&4&82.78614114283278|24462&4&407.0744926900323|24476&4&1392.7092851983984|24480&4&812.8745661153191|24491&4&715.8840555509049|24511&4&146.83547339383435|24512&4&391.44324715924233,2|24402&4&225.39450870007204|24403&4&95.10447227035208|24410&4&142.5925118558254|24411&4&1091.6224194928452|24412&4&155.0791274984316|24413&4&449.85689860614565|24416&4&1395.6738989400121|24422&4&341.52564237737914|24423&4&231.20477502413416|24427&4&219.94384544685212|24442&4&1791.8094054894611|24446&4&77.72709132420736|24450&4&185.1064556076318|24453&4&268.337963216061|24459&4&16.128181592710213|24466&4&280.3415883560198|24478&4&1946.9629711395955|24486&4&1572.097230740651|24488&4&549.5128483459823|24489&4&343.76406033563353|24494&4&225.4244959032618|24498&4&7.1891123288885534|24500&4&198.94959707781618|24511&4&59.32985451209241|24512&4&-1.0658141036401503E-14|24516&4&22.167259821786246,2|24397&4&274.8556739537976|24407&4&962.407828574585|24412&4&806.604817470205|24426&4&612.0307678810859|24430&4&187.07378258009953|24431&4&103.22720841157957|24432&4&614.3582172301108|24438&4&916.7720861431545|24448&4&99.81573273863144|24450&4&1709.9605300519515|24455&4&864.1484274773051|24460&4&17.69551439421904|24468&4&397.3047117781222|24473&4&671.0417417212697|24485&4&141.02727260447568|24487&4&47.10873335979411|24493&4&462.88721817389154,2|24398&4&673.2971093997346|24400&4&40.71554196014157|24410&4&5.289639994585059|24417&4&143.28357545898882|24427&4&852.2902444070604|24430&4&227.41992960362887|24432&4&624.3853299645012|24433&4&788.6086879285376|24435&4&1011.6547157172076|24437&4&650.1292295099552|24446&4&168.24672725105202|24449&4&1103.1687646444057|24455&4&763.2051836306063|24461&4&1165.1586168784381|24462&4&130.77817465144366|24476&4&170.2344687925086|24483&4&545.7456708303256|24488&4&8.881784197001252E-16|24489&4&575.5309816246307|24500&4&228.5726037534397|24502&4&129.44468992880093|24513&4&92.47140337713242,2|24398&4&134.7740044046606|24399&4&2610.3919650339603|24406&4&664.5208998327432|24428&4&778.5444156382442|24431&4&371.1951541596976|24434&4&380.50011088035694|24440&4&42.70824205842988|24443&4&1026.2103233970565|24444&4&668.334331775032|24456&4&1024.0506431575318|24464&4&369.1003281547879|24469&4&339.6742169190605|24470&4&344.070231435842|24474&4&113.54671118436667|24482&4&1422.6254276425675|24490&4&706.5280046399341|24494&4&240.99053669177118|24495&4&720.9132398444947|24513&4&23.31447817082007,2|24397&4&359.6257477700855|24404&4&2124.871347256217|24414&4&1206.6982363732309|24418&4&1615.3044075751504|24430&4&252.1282254308673|24440&4&271.7603731810215|24441&4&658.3103046272837|24459&4&339.9028024330763|24463&4&822.4815202376121|24479&4&2268.733626527347|24483&4&663.5262039530216|24493&4&209.35712675580933|24494&4&319.85962271203374|24496&4&210.62059833753653|24511&4&320.64331124449694|24512&4&200.3302170090509,2|24400&4&945.9521340981339|24403&4&643.9410154446788|24419&4&491.21148204811044|24421&4&653.5071405597657|24426&4&598.1970289421648|24431&4&389.5224657396559|24435&4&312.03033775761935|24440&4&366.509757524174|24446&4&940.5064666369678|24451&4&1379.2716364410894|24452&4&1038.5425512186707|24453&4&7.10478850696947|24460&4&1126.1382600685406|24477&4&673.4328150666843|24481&4&110.15633999889504|24485&4&1633.0350958167617|24497&4&63.2312215173939|24503&4&294.41150234061473,2|24410&4&995.1091013875086|24417&4&2037.6674625511446|24419&4&535.3401030672424|24422&4&1.8595588003136938|24425&4&0.0|24426&4&-4.618527782440651E-14|24431&4&1605.3152232412554|24434&4&882.9261792437998|24436&4&1172.4453279647666|24439&4&455.04823842302346|24443&4&249.3137975080374|24445&4&930.4603311544364|24457&4&67.20013827879531|24458&4&77.23568177161255|24459&4&231.8641639309532|24468&4&542.3131860923344|24484&4&1679.7257255913519|24489&4&127.92376661650044|24491&4&158.71797703458853|24496&4&73.8353777424809|24498&4&141.74995208695265|24502&4&43.06828724139935|24516&4&96.40288116004658,2|24400&4&258.9995771892856|24401&4&552.2414850194942|24402&4&784.217921871553|24405&4&1192.5947424703804|24413&4&363.7569575840869|24414&4&173.3926096346153|24415&4&1054.3216433014782|24424&4&1442.7882957168883|24430&4&147.13211922286047|24432&4&614.8654646324854|24453&4&1255.3107682913605|24471&4&342.4988051132007|24472&4&211.7551656253316|24475&4&604.9600444260216|24477&4&1147.5293976774312|24493&4&710.6182594661452|24496&4&98.73315665197185|24498&4&226.90239130459634|24500&4&22.160487393406804|24511&4&238.87002543631348
172|4,130,1,1,1,1,1,1,1,1,1,1,1,1,1,1,1,1,1,1,1,1,1,1,1,1,1,1,1,1,1,1,1,1,1,1,1,1,1,1,1,1,1,1,1,1,1,1,1,1,1,1,1,1,1,1,1,1,1,1,1,1,1,1,1,1,1,1,1,1,1,1,1,1,1,1,1,1,1,1,1,1,1,1,1,1,1,1,1,1,1,1,1,1,1,1,1,1,1,1,1,1,0,0,0,0,0,0,0,0,0,0,0,0,0,0,0,0,0,0,0,0,2|24398&4&110.04475688346159|24408&4&969.4798608534811|24409&4&1460.5562384060909|24420&4&331.61515185555623|24429&4&1670.5973863510958|24432&4&366.2719251911973|24436&4&2.661114377958321|24448&4&197.63133962867877|24457&4&504.8056688150314|24461&4&533.6518846678541|24462&4&108.48518479017343|24465&4&958.1730168932623|24467&4&1833.5010916999913|24482&4&394.12679406638006|24488&4&457.0405409533008|24509&4&81.7260951204314|24512&4&12.303647635519937,2|24410&4&9.407847348204996|24416&4&23.647174918686954|24422&4&24.113446745282467|24423&4&1028.1742663611435|24434&4&732.5656690249773|24439&4&60.09066031632604|24443&4&235.34763020651243|24447&4&0.0|24448&4&447.725508505466|24453&4&629.4761793508087|24454&4&0.0|24457&4&188.7821924427596|24459&4&67.54825725506254|24460&4&106.64974636589267|24462&4&351.4151591751411|24476&4&1538.9781222288652|24480&4&755.238457994385|24491&4&0.0|24511&4&129.30043780845233|24512&4&437.6652786409626,2|24402&4&184.92258244520926|24403&4&137.10095753327573|24410&4&134.20471704077684|24411&4&1073.6089364170011|24412&4&176.20408021392362|24413&4&386.9427397996667|24416&4&1322.6140294171073|24422&4&292.9362357157152|24423&4&589.5119306313918|24427&4&169.78791413095922|24442&4&1630.577242416014|24445&4&164.9940080337068|24446&4&62.44940535509764|24450&4&245.8235480389703|24453&4&207.35887293540654|24459&4&11.434056363791079|24466&4&259.6374639471394|24478&4&1779.2955858218631|24486&4&1449.3064006366108|24488&4&882.0850450357269|24489&4&519.3436343981168|24494&4&448.735763369354|24498&4&2.436801336635047|24500&4&243.27356041237806|24511&4&42.0507100745101|24516&4&15.874126531325743,2|24397&4&238.5196538704333|24407&4&881.2711236862075|24412&4&716.8918393466896|24426&4&671.139334538994|24430&4&145.08238410059903|24431&4&75.27418806928195|24432&4&575.4895877228893|24438&4&1009.9739181019106|24448&4&92.2414942730727|24450&4&1576.3495499890444|24455&4&1107.9441435413441|24460&4&-1.2079226507921703E-13|24468&4&328.7317234100041|24473&4&883.101709655628|24485&4&106.50073672787792|24487&4&44.31195634857024|24493&4&436.45515698502334,2|24398&4&632.6267584031332|24400&4&35.62609921512387|24410&4&2.6448199972925295|24417&4&89.53519823647721|24427&4&915.016443234893|24430&4&205.9377583413934|24432&4&572.6142873626823|24433&4&715.5741482882268|24435&4&970.5176389644239|24437&4&786.0436857027314|24446&4&146.77285109685386|24449&4&1106.323482415692|24455&4&684.5281240544075|24461&4&1212.594202683894|24462&4&123.00709827437215|24476&4&129.59216880690929|24483&4&765.4639550780411|24489&4&534.6898479821584|24500&4&209.3651795070017|24502&4&117.14851880834759|24513&4&84.16760269185883,2|24398&4&109.99295158498427|24399&4&2787.2339594822433|24406&4&601.7777511952477|24428&4&1030.4942527833475|24431&4&343.34371175335974|24434&4&349.6776335093626|24440&4&18.43841969927337|24443&4&961.6251863589823|24444&4&666.5078589529227|24456&4&947.0786852214464|24464&4&372.5375811194318|24469&4&321.5192897634729|24470&4&337.9531660228066|24474&4&106.88832219420372|24482&4&1332.909536048499|24490&4&828.3909257998741|24494&4&200.8658986283118|24495&4&706.2008988393305|24513&4&13.581552568474327,2|24397&4&335.4785909744127|24404&4&1934.9131074675354|24414&4&1129.6358428596059|24418&4&1588.5049477357793|24430&4&439.3948693519621|24440&4&677.7500996943784|24441&4&808.7613450045108|24459&4&307.3498631106037|24463&4&763.7900099317791|24479&4&2085.54917180154|24483&4&534.1145686513319|24493&4&180.90891681003404|24494&4&298.7689269419727|24496&4&185.3961693830381|24511&4&298.98089198772135|24512&4&188.50697607632844,2|24400&4&1057.0470980735654|24403&4&594.1987604641956|24419&4&401.44011273980857|24421&4&598.9425472889044|24426&4&539.688932902356|24431&4&343.7561826044997|24435&4&281.3818213646959|24440&4&318.80237337118706|24446&4&867.2679018360031|24451&4&1256.0394668528788|24452&4&1215.2727943710306|24453&4&0.0|24460&4&1045.7534194877392|24477&4&580.1624746636155|24481&4&100.32613223072171|24485&4&1500.7807465590704|24497&4&57.46588735330313|24503&4&260.8582765321016,2|24410&4&900.7743192032051|24417&4&2109.506362457245|24419&4&632.5562006712282|24422&4&0.9297794001568461|24425&4&38.063569018746534|24431&4&1724.872670412964|24434&4&976.8561842747785|24436&4&1064.5523646223203|24439&4&410.6416097081186|24443&4&198.68645057053226|24445&4&832.7943955420694|24457&4&49.33575534645986|24458&4&72.0866363201717|24459&4&229.267555329363|24468&4&649.2564345190041|24484&4&1963.4673586631839|24489&4&93.24026936355175|24491&4&0.0|24496&4&67.25575511718047|24498&4&175.33284458708508|24502&4&40.133607098371364|24516&4&86.01106423968682,2|24400&4&194.39318786357617|24401&4&875.102456666315|24402&4&936.0347184058996|24405&4&1102.2097255828826|24413&4&343.03238123407255|24414&4&152.47992770639308|24415&4&1163.8134831466768|24424&4&1537.3631814693722|24430&4&136.09904827728252|24432&4&507.6496724010354|24453&4&1386.967279311817|24471&4&537.9945256892238|24472&4&321.37779238469|24475&4&553.1125355897783|24477&4&1121.9319608145333|24493&4&658.2645585224182|24496&4&81.04450135766895|24498&4&202.3980625868722|24500&4&17.450007826934048|24511&4&226.31793735569985
173|4,130,1,1,1,1,1,1,1,1,1,1,1,1,1,1,1,1,1,1,1,1,1,1,1,1,1,1,1,1,1,1,1,1,1,1,1,1,1,1,1,1,1,1,1,1,1,1,1,1,1,1,1,1,1,1,1,1,1,1,1,1,1,1,1,1,1,1,1,1,1,1,1,1,1,1,1,1,1,1,1,1,1,1,1,1,1,1,1,1,1,1,1,1,1,1,1,1,1,1,1,1,0,0,0,0,0,0,0,0,0,0,0,0,0,0,0,0,0,0,0,0,2|24398&4&104.25292757380572|24408&4&900.0600135374211|24409&4&1315.1200719397448|24420&4&398.04599790630755|24429&4&1504.3720692447655|24432&4&491.9530324483567|24436&4&2.5045782380784196|24448&4&167.78264948604647|24454&4&4.71111535858995|24457&4&477.5973137045422|24461&4&432.3684741372542|24462&4&102.92088563517927|24465&4&870.5126246510825|24467&4&1794.9967845990004|24482&4&328.88618191790897|24483&4&422.10808362446323|24488&4&388.241878841236|24509&4&72.70295480575018|24512&4&2.610602221556698,2|24410&4&167.78243414338968|24416&4&8.807660776530144|24422&4&22.99591033319838|24423&4&894.7701996539705|24434&4&589.5690659460228|24439&4&32.19066060479393|24443&4&209.90088260105884|24448&4&424.9589833257814|24453&4&557.6763553026309|24457&4&174.53180563448043|24459&4&52.31037336729232|24460&4&101.31725904759803|24462&4&296.5168924210925|24476&4&1666.5711469362486|24480&4&697.6023498734512|24492&4&93.58433964779182|24511&4&111.76540222307028|24512&4&398.6568172807755,2|24402&4&145.45828602337195|24403&4&339.57400647178207|24410&4&125.81692222572829|24411&4&982.8899656295205|24412&4&461.0896732850737|24413&4&324.66368655238455|24416&4&1287.6264669066209|24422&4&244.34682905405137|24423&4&936.462095794564|24427&4&124.27700597092165|24442&4&1469.3450793425668|24445&4&391.98675593371104|24446&4&47.171719385987906|24450&4&426.55845490041577|24453&4&146.37978265475212|24459&4&6.739931134871946|24466&4&0.0|24478&4&1611.628200504131|24486&4&1326.5155705325706|24488&4&1169.1963276782249|24489&4&515.2855694758431|24494&4&425.42405104966105|24498&4&1.0658141036401503E-14|24500&4&287.2437338878517|24511&4&27.210382169301486|24516&4&9.58099324086524,2|24397&4&202.18363378706906|24407&4&802.465131689591|24412&4&628.4801400167421|24426&4&632.8961884212835|24430&4&104.67939304078392|24431&4&48.78879772138319|24432&4&536.6209582156677|24438&4&1215.7975810281687|24448&4&84.66725580751398|24450&4&1446.4424061590003|24455&4&1046.5242761225331|24468&4&266.7693030982753|24473&4&817.1939861512999|24485&4&71.97420085128014|24487&4&41.515179337346375|24493&4&410.023095796155,2|24398&4&591.9564074065319|24400&4&30.536656470106173|24410&4&0.0|24417&4&48.593952641381215|24427&4&1079.9265685602213|24430&4&184.45558707915794|24432&4&520.8432447608634|24433&4&643.4356809250561|24435&4&1011.7273715936868|24437&4&871.5595599177093|24446&4&125.29897494265569|24449&4&1055.7773531415423|24455&4&614.7352312701|24461&4&1474.4982193972528|24462&4&115.23602189730063|24476&4&100.40879908658343|24483&4&710.1905453581642|24489&4&493.848714339686|24500&4&190.15775526056365|24502&4&104.85234768789422|24513&4&75.86380200658527,2|24398&4&87.5965892590826|24399&4&2727.0575604838427|24406&4&552.8329287772583|24428&4&1094.458392554821|24431&4&315.4922693470219|24434&4&318.8551561383682|24440&4&8.27591401191268|24443&4&943.6418687562867|24444&4&701.4733896080513|24456&4&871.931517952715|24464&4&458.98063088676344|24469&4&303.36436260788537|24470&4&307.9747429675408|24474&4&110.67002446674333|24482&4&1264.9520920743034|24490&4&738.3415882613992|24494&4&165.65204417172737|24495&4&778.3710107151597|24513&4&6.615232011625002,2|24397&4&311.33143417874|24404&4&1829.226494953259|24414&4&1052.5734493459809|24418&4&1632.2902981654966|24430&4&696.3255646041225|24440&4&963.107592557227|24441&4&845.0663216152111|24459&4&274.79692378813104|24463&4&705.0984996259461|24479&4&1907.2428897074867|24483&4&425.80381469871895|24493&4&152.46070686425878|24494&4&277.6782311719117|24496&4&160.1717404285397|24511&4&277.31847273094576|24512&4&176.68373514360601,2|24400&4&1237.9563482845501|24403&4&544.4565054837124|24419&4&321.55875146353264|24421&4&544.3779540180432|24426&4&481.1808368625471|24431&4&297.98989946934347|24435&4&250.73330497177247|24440&4&271.0949892182001|24446&4&805.1508868201304|24451&4&1455.2418993363226|24452&4&1326.001292578413|24460&4&965.3685789069381|24477&4&490.96216713561523|24481&4&0.0|24485&4&1368.5263973013784|24487&4&99.17512056321291|24497&4&51.70055318921236|24503&4&227.3050507235884,2|24410&4&806.4395370189014|24417&4&2115.406001923108|24419&4&1098.7945924415403|24422&4&-1.5543122344752192E-15|24425&4&36.16039056780921|24431&4&1732.4287275446516|24434&4&1584.6706136968585|24436&4&956.6594012798741|24439&4&420.7278665441358|24443&4&148.05910363302712|24445&4&743.1776551825873|24457&4&37.04172963587584|24458&4&66.93759086873087|24459&4&216.09716675154337|24468&4&611.4972970505082|24484&4&1812.8852996556434|24489&4&70.1351798014315|24496&4&60.67613249188004|24498&4&211.89156500755902|24502&4&54.273576074218454|24516&4&75.61924731932704,2|24400&4&138.4014424334891|24401&4&811.0126297775007|24402&4&869.3093750993964|24405&4&1111.269762691486|24413&4&504.1377796600285|24414&4&133.5113553924846|24415&4&1384.3527001942107|24424&4&1627.1998652055977|24430&4&125.06597733170456|24432&4&400.43388016958534|24453&4&1306.8874366138173|24471&4&476.4573460235323|24472&4&508.96888504119556|24475&4&501.64679192154097|24477&4&1055.5973363404842|24493&4&605.9108575786911|24496&4&63.35584606336604|24498&4&177.893733869148|24500&4&12.7395282604613|24511&4&213.76584927508623
174|4,130,1,1,1,1,1,1,1,1,1,1,1,1,1,1,1,1,1,1,1,1,1,1,1,1,1,1,1,1,1,1,1,1,1,1,1,1,1,1,1,1,1,1,1,1,1,1,1,1,1,1,1,1,1,1,1,1,1,1,1,1,1,1,1,1,1,1,1,1,1,1,1,1,1,1,1,1,1,1,1,1,1,1,1,1,1,1,1,1,1,1,1,1,1,1,1,1,1,1,1,1,0,0,0,0,0,0,0,0,0,0,0,0,0,0,0,0,0,0,0,0,2|24398&4&106.2338504324899|24408&4&831.7377617135306|24409&4&1243.2299854034902|24420&4&433.16400573274575|24429&4&1338.1467521384354|24432&4&795.9237922050132|24436&4&2.348042098198518|24448&4&139.7161306682195|24454&4&198.04976928531715|24457&4&450.388958594053|24461&4&344.4145282515438|24462&4&97.35658648018511|24465&4&960.2914282340934|24467&4&1880.1511700464073|24482&4&273.6599368816423|24483&4&991.9751468289733|24488&4&325.99647779823556|24509&4&64.58001289750374|24512&4&6.217248937900877E-15,2|24410&4&173.1847262088999|24416&4&0.0|24421&4&51.77715359462994|24422&4&124.73016143867318|24423&4&775.9581974012815|24434&4&472.18130624695067|24439&4&10.359742920262903|24443&4&184.45413499560522|24448&4&415.19932262232857|24453&4&485.87653125445314|24457&4&160.2814188262013|24459&4&37.0724894795221|24460&4&95.98477172930339|24462&4&241.6186256670439|24476&4&1536.828203742263|24480&4&639.9662417525171|24492&4&165.04004478899617|24511&4&94.23036663768826|24512&4&359.64835592058836,2|24402&4&105.99398960153468|24403&4&385.7568596089133|24410&4&117.42912741067974|24411&4&892.1709948420399|24412&4&561.6264554974457|24413&4&264.9375390427546|24416&4&1235.2760124756912|24422&4&195.75742239238747|24423&4&1254.0817576541813|24427&4&84.12455016915064|24442&4&1308.1129162691193|24445&4&373.39885317197115|24446&4&31.89403341687818|24450&4&546.5592599212775|24453&4&85.4006923740977|24459&4&2.045805905952812|24466&4&60.49610326180357|24478&4&1563.54481074654|24486&4&1223.1574723640333|24488&4&1285.286935031061|24489&4&510.925614620188|24494&4&402.1123387299681|24500&4&340.21689244246517|24511&4&14.774581663415729|24516&4&4.796341572330222,2|24397&4&165.84761370370478|24407&4&723.6591396929742|24412&4&551.7741084406119|24426&4&594.653042303573|24430&4&201.48370422890082|24431&4&24.41052004937219|24432&4&497.7523287084461|24438&4&1206.6919323162258|24443&4&122.12797243399098|24448&4&77.09301734195526|24450&4&1319.8992050641293|24455&4&985.1044087037222|24468&4&210.82322523153547|24473&4&789.0347359962841|24485&4&38.61086729136879|24487&4&38.71840232612251|24493&4&580.5820971696891,2|24398&4&551.2860564099306|24400&4&25.447213725088474|24417&4&21.72002112544466|24427&4&1184.0448478666285|24430&4&162.97341581692248|24432&4&469.0722021590444|24433&4&773.4708165793066|24435&4&998.046724083689|24437&4&1049.6513955918674|24446&4&103.82509878845752|24449&4&1128.1596347135026|24455&4&547.721041304691|24461&4&1814.4642896410096|24462&4&107.46494552022911|24476&4&81.92139250138999|24483&4&654.9171356382872|24489&4&453.00758069721377|24500&4&170.95033101412565|24502&4&92.55617656744087|24513&4&67.5600013213117,2|24398&4&70.71621416953948|24399&4&2717.4664352293685|24406&4&666.4298939996461|24428&4&1008.738123069234|24431&4&287.640826940684|24434&4&288.0326787673738|24440&4&3.552713678800501E-15|24443&4&876.7266407464435|24444&4&869.1040318922192|24456&4&885.9706726481327|24464&4&522.9870260282338|24469&4&285.2094354522978|24470&4&0.0|24474&4&103.48963091344525|24482&4&1174.148278099242|24490&4&655.1406873356354|24494&4&133.39781300047002|24495&4&915.1645412103|24513&4&2.079800979355746,2|24397&4&428.73522277424956|24404&4&1951.7562286492991|24414&4&975.5110558323557|24418&4&1764.3863379230263|24430&4&657.6899102410234|24440&4&910.0015458424725|24441&4&984.8858181658709|24459&4&242.24398446565846|24463&4&646.4069893201131|24479&4&1731.543837314545|24483&4&331.75904785415736|24493&4&124.0124969184835|24494&4&256.5875354018507|24496&4&134.94731147404127|24511&4&255.65605347417016|24512&4&164.8604942108836,2|24400&4&1599.6689922755882|24403&4&494.7142505032293|24419&4&257.12091991995806|24421&4&489.8133607471818|24426&4&422.6727408227382|24431&4&252.22361633418723|24435&4&220.08478857884904|24440&4&223.3876050652131|24446&4&838.7015218460522|24451&4&1367.336149480553|24452&4&1230.6581196758787|24460&4&884.9837383261369|24477&4&401.76185960761495|24481&4&18.11734005534239|24485&4&1463.898746704161|24487&4&94.21636453505226|24497&4&45.935219025121576|24503&4&262.19412403956517,2|24410&4&712.1047548345978|24417&4&2008.3946200299183|24419&4&1297.7267735103665|24425&4&34.257212116871884|24431&4&1807.8856638609436|24434&4&1988.9526548622298|24436&4&848.7664379374278|24439&4&814.999624723965|24443&4&98.00402917948954|24445&4&660.5859495690646|24457&4&28.383493474322954|24458&4&61.788545417290024|24459&4&307.470949498823|24468&4&573.7381595820123|24484&4&1653.7530866537352|24489&4&48.18188665695317|24496&4&54.09650986657961|24498&4&274.83223837470405|24502&4&50.48516347524672|24516&4&65.22743039896729,2|24400&4&87.10764201747418|24401&4&737.7766144074116|24402&4&1049.1582400420602|24405&4&1109.322052738507|24413&4&670.129411100487|24414&4&116.38233988979712|24415&4&1439.52813790324|24424&4&1538.260951572472|24430&4&114.0329063861266|24432&4&315.3723693526823|24453&4&1457.1642512038566|24471&4&532.9364536210877|24472&4&457.40785961621725|24475&4&451.4935354324063|24477&4&1033.4201435375003|24493&4&553.557156634964|24496&4&45.667190769063126|24498&4&153.38940515142386|24500&4&8.029048693988553|24511&4&268.6448260546739
175|4,130,1,1,1,1,1,1,1,1,1,1,1,1,1,1,1,1,1,1,1,1,1,1,1,1,1,1,1,1,1,1,1,1,1,1,1,1,1,1,1,1,1,1,1,1,1,1,1,1,1,1,1,1,1,1,1,1,1,1,1,1,1,1,1,1,1,1,1,1,1,1,1,1,1,1,1,1,1,1,1,1,1,1,1,1,1,1,1,1,1,1,1,1,1,1,1,1,1,1,1,1,0,0,0,0,0,0,0,0,0,0,0,0,0,0,0,0,0,0,0,0,2|24398&4&183.1057456995876|24408&4&763.4155098896401|24409&4&1402.4953726628428|24420&4&393.77513022359915|24429&4&1171.9214350321051|24432&4&1383.7491371940987|24436&4&2.1915059583186167|24442&4&220.12528502668295|24448&4&111.64961185039249|24454&4&338.4020475581151|24457&4&423.1806034835638|24461&4&269.06029350886695|24462&4&395.54000825204685|24465&4&978.6000543885445|24467&4&1914.148855580391|24482&4&218.4336918453756|24483&4&1006.8384450048401|24488&4&274.0875560716655|24509&4&57.37948063363799,2|24404&4&96.25427141685952|24410&4&172.43349044015375|24421&4&49.18829591489844|24422&4&295.3169283106188|24423&4&674.0234473943199|24434&4&366.7742897476168|24439&4&0.0|24440&4&8.990156193152757|24443&4&159.00738739015162|24448&4&459.8847149963477|24453&4&414.0767072062754|24457&4&146.03103201792214|24459&4&21.834605591751874|24460&4&90.65228441100875|24462&4&186.72035891299527|24476&4&1407.0852605482778|24480&4&902.3669941956607|24492&4&156.55408170042688|24511&4&76.69533105230622|24512&4&320.6398945604012,2|24402&4&77.98025454844951|24403&4&390.67815750219944|24410&4&109.04133259563119|24411&4&801.4520240545589|24412&4&799.0393339126035|24413&4&217.3467511550361|24416&4&1201.195303143005|24422&4&153.4323337118673|24423&4&1210.2552414531633|24427&4&52.333526162575026|24442&4&1154.939231060894|24445&4&353.3158343524498|24446&4&16.616347447768447|24450&4&747.3664118727253|24453&4&39.13548474233494|24459&4&-3.552713678800501E-15|24466&4&67.45032309907882|24478&4&1663.5337522206771|24486&4&1402.6015468715984|24488&4&1210.1020085023456|24489&4&593.3264897373634|24494&4&506.38711695817136|24500&4&379.29044381873007|24511&4&2.338781157529968|24516&4&1.6103389895960318,2|24397&4&136.69847408579892|24407&4&644.8531476963577|24412&4&483.1351200231625|24426&4&556.4098961858624|24430&4&450.9635569342182|24431&4&6.57962827888628|24432&4&458.8836992012245|24438&4&1124.4887676536694|24443&4&360.7125168203305|24448&4&69.51877887639654|24450&4&1196.2328745287502|24455&4&923.6845412849112|24468&4&157.99613363422557|24473&4&1139.853850451715|24485&4&13.537885432875397|24487&4&35.92162531489864|24493&4&624.8729938052209,2|24398&4&510.61570541332907|24400&4&20.357770980070775|24417&4&7.815970093361102E-14|24427&4&1207.305564571804|24430&4&141.49124455468703|24432&4&417.3011595572255|24433&4&785.3606376497095|24435&4&914.3107941970807|24437&4&1003.5556838694077|24446&4&82.35122263425936|24449&4&1078.3018067474432|24455&4&480.70685133928185|24461&4&1691.7233721858765|24462&4&99.6938691431576|24476&4&63.43398591619648|24483&4&599.6437259184103|24489&4&412.1664470547414|24500&4&151.74290676768763|24502&4&80.26000544698752|24513&4&59.25620063603814,2|24398&4&53.83583907999633|24399&4&2971.5021716346373|24406&4&689.7587318265819|24428&4&920.2364070728804|24431&4&259.78938453434614|24434&4&257.21020139637943|24443&4&809.8114127366003|24444&4&789.1812926668565|24456&4&810.3920418000844|24464&4&477.18627941065597|24469&4&267.05450829671025|24470&4&57.54826399970126|24474&4&96.30923736014718|24482&4&1157.0308681542879|24490&4&588.2177683370287|24494&4&101.14358182921272|24495&4&829.3961833072049|24513&4&0.015207872692209206,2|24397&4&444.4804876884246|24404&4&1762.1498813628043|24414&4&898.4486623187306|24418&4&1628.9783844779079|24430&4&619.0542558779243|24440&4&856.8954991277179|24441&4&903.6232514685851|24459&4&209.69104514318585|24463&4&587.7154790142802|24479&4&1555.9884173243745|24483&4&255.3691760807714|24493&4&95.56428697270823|24494&4&235.4968396317897|24496&4&109.72288251954285|24511&4&233.99363421739463|24512&4&153.03725327816113,2|24400&4&1653.3576692982556|24403&4&444.9719955227461|24419&4&198.59073147584945|24421&4&438.6265788026578|24426&4&364.1646447829294|24431&4&206.45733319903098|24435&4&189.4362721859256|24440&4&175.68022091222616|24446&4&925.4161643662362|24451&4&1417.5206002147115|24452&4&1135.4058048375605|24460&4&804.5988977453356|24477&4&320.8424733534924|24481&4&0.0|24485&4&1585.1827352730631|24487&4&89.25760850689161|24497&4&40.1698848610308|24503&4&234.33136508056631,2|24410&4&622.8933260397415|24417&4&2431.2627053942515|24419&4&1221.772422648827|24425&4&32.35403366593456|24431&4&1708.1613783385856|24434&4&2237.108145096535|24436&4&745.831402729815|24439&4&771.8017456417515|24443&4&54.91748354624488|24445&4&581.7511146071269|24457&4&19.725257312770093|24458&4&56.63949996584918|24459&4&325.3025083874184|24468&4&782.1393671848977|24484&4&1692.9982617143883|24489&4&29.826471744697777|24496&4&47.51688724127918|24498&4&258.34061664187305|24502&4&46.69675087627498|24512&4&18.923355753863234|24516&4&54.83561347860752,2|24400&4&53.23730989123601|24401&4&667.504489072481|24402&4&970.1041863230986|24405&4&1010.9988510442053|24413&4&652.0098576372392|24414&4&99.25332438710967|24415&4&1317.113070572657|24424&4&1423.5148159862824|24430&4&102.99983544054864|24432&4&230.31085853577943|24453&4&1725.9007203105548|24471&4&486.1612635250753|24472&4&516.4121539974315|24475&4&416.85561781435075|24477&4&1112.2595670809078|24493&4&501.2034556912371|24496&4&29.605538918604278|24498&4&128.8850764336997|24500&4&4.063160426539566|24511&4&327.8469925736045
176|4,130,1,1,1,1,1,1,1,1,1,1,1,1,1,1,1,1,1,1,1,1,1,1,1,1,1,1,1,1,1,1,1,1,1,1,1,1,1,1,1,1,1,1,1,1,1,1,1,1,1,1,1,1,1,1,1,1,1,1,1,1,1,1,1,1,1,1,1,1,1,1,1,1,1,1,1,1,1,1,1,1,1,1,1,1,1,1,1,1,1,1,1,1,1,1,1,1,1,1,1,1,0,0,0,0,0,0,0,0,0,0,0,0,0,0,0,0,0,0,0,0,2|24398&4&172.77266067225622|24408&4&695.0932580657495|24409&4&1659.0690347341529|24419&4&177.01673459842573|24420&4&354.3862547144525|24429&4&1247.846071444723|24432&4&1629.573428682144|24436&4&278.83940770409555|24442&4&553.0960757622025|24448&4&84.99426325347261|24454&4&470.9168146315189|24457&4&395.9722483730746|24461&4&196.36597065306006|24462&4&513.7279324367588|24465&4&916.9058510663103|24467&4&1699.127463856587|24482&4&165.7334355976626|24483&4&1101.9191213713434|24488&4&229.4402577565823|24509&4&51.15979706512934,2|24404&4&559.6237960661524|24410&4&274.6725855802774|24421&4&131.3784012480291|24422&4&441.9653439636777|24423&4&772.2113350554916|24434&4&278.31819263142984|24440&4&8.54064838349512|24441&4&7.3319360065901265|24443&4&133.56063978469803|24447&4&0.0|24448&4&433.0627335539759|24453&4&342.2768831580977|24457&4&131.780645209643|24459&4&6.5967217039816495|24460&4&334.4090634695031|24462&4&143.79597389862653|24476&4&1277.3423173542928|24480&4&940.4929135378106|24492&4&148.06811861185759|24511&4&59.160295466924175|24512&4&281.63143320021413,2|24402&4&49.966519495364416|24403&4&402.67607541374645|24410&4&100.65353778058264|24411&4&710.7330532670783|24412&4&764.0248628014368|24413&4&175.5316135168237|24416&4&1282.7407436958536|24422&4&117.97068554912232|24423&4&1139.8287084816|24427&4&33.99520106679826|24442&4&1010.3452659171148|24445&4&333.2328155329285|24446&4&2.119008554385489|24450&4&876.8444750103419|24453&4&10.90854283458574|24466&4&138.19076581477262|24478&4&1684.3594308248487|24486&4&1416.6414887616288|24488&4&1134.9170819736303|24489&4&635.0528666603265|24494&4&659.0035701186899|24500&4&427.23761119961677|24511&4&-1.687538997430238E-14|24516&4&1.199040866595169E-14,2|24397&4&107.54933446789305|24407&4&811.7337207839339|24412&4&424.7045569717742|24426&4&518.1667500681519|24430&4&412.2017808636465|24431&4&0.9428832877006581|24432&4&420.01506969400293|24438&4&1046.1796337239784|24443&4&838.4371542774707|24448&4&61.94454041083781|24450&4&1076.6674512272052|24455&4&862.2646738661003|24468&4&116.84414811952723|24473&4&1251.2361563475083|24485&4&8.171241461241152E-14|24487&4&33.124848303674774|24493&4&584.5627539406064,2|24398&4&469.94535441672764|24400&4&15.268328235053074|24402&4&137.26975184112808|24427&4&1108.3744665906474|24430&4&120.00907329245155|24432&4&365.5301169554066|24433&4&885.2393814823381|24435&4&830.5748643104728|24437&4&1045.2171189528667|24446&4&60.8773464800612|24449&4&1025.7201828354762|24455&4&417.14285597540777|24461&4&1568.9824547307435|24462&4&91.92279276608608|24476&4&44.94657933100297|24483&4&544.3703161985334|24489&4&371.3253134122691|24500&4&132.5354825212496|24502&4&67.96383432653417|24513&4&50.952399950764566,2|24398&4&44.91897217542892|24399&4&2759.81895013124|24406&4&626.0504011289197|24428&4&1055.1623541625409|24431&4&231.93794212800825|24434&4&226.38772402538507|24443&4&742.896184726757|24444&4&716.4310028948812|24456&4&734.8134109520361|24464&4&431.38553279307814|24469&4&248.89958114112272|24470&4&0.0|24474&4&89.1288438068491|24482&4&1181.9727940845646|24490&4&722.0796348573167|24494&4&78.73046517502806|24495&4&868.3266914482693|24513&4&0.010138581794808515,2|24397&4&410.90728517422235|24404&4&1577.6129902152888|24414&4&821.3862688051055|24418&4&1557.0379519189441|24430&4&580.4186015148252|24440&4&803.7894524129633|24441&4&822.3606847712995|24459&4&177.13810582071324|24463&4&529.0239687084471|24479&4&1776.4847235918583|24483&4&178.97930430738558|24493&4&68.86111481127656|24494&4&214.40614386172868|24496&4&0.0|24511&4&212.33121496061904|24512&4&141.21401234543868,2|24400&4&1623.686047318266|24403&4&395.22974054226296|24419&4&141.25305761646865|24421&4&394.82468573234013|24426&4&305.6565487431205|24431&4&160.69105006387477|24435&4&158.78775579300213|24440&4&137.86196471957456|24446&4&1173.6106187124183|24451&4&1497.2548931882106|24452&4&1052.7165915346854|24460&4&724.2140571645346|24467&4&361.390968572691|24477&4&250.00248407640197|24485&4&1547.8466623809059|24487&4&84.29885247873096|24497&4&34.404550696940035|24503&4&207.67146693466486,2|24410&4&540.8808644505054|24417&4&2513.392105613235|24419&4&1145.8180717872872|24425&4&30.450855214997233|24431&4&1758.4507719762105|24434&4&2552.962874351476|24436&4&647.6272971934827|24439&4&701.3001438172439|24443&4&24.90755355089336|24445&4&503.61636399275346|24457&4&11.067021151217235|24458&4&51.49045451440834|24459&4&413.70828390414596|24468&4&871.4100550698911|24484&4&1705.0814091992352|24489&4&22.778357328407708|24496&4&0.0|24498&4&241.8489949090421|24502&4&42.908338277303244|24512&4&20.54938301261179|24516&4&44.443796558247755,2|24400&4&28.679658801144434|24401&4&622.5106577410462|24402&4&891.050132604137|24405&4&1015.5511686301937|24413&4&611.3290518743613|24414&4&82.12430888442222|24415&4&1194.698003242074|24424&4&1296.346708770993|24430&4&91.96676449497068|24432&4&159.56432131565762|24453&4&2008.633894347172|24471&4&526.4705704089733|24472&4&750.1737219837496|24475&4&366.58725705432715|24477&4&1251.926977430128|24493&4&448.84975474751013|24496&4&0.0|24498&4&105.90757196429884|24500&4&1.3675130010609649|24511&4&385.74570574298764
177|4,130,1,1,1,1,1,1,1,1,1,1,1,1,1,1,1,1,1,1,1,1,1,1,1,1,1,1,1,1,1,1,1,1,1,1,1,1,1,1,1,1,1,1,1,1,1,1,1,1,1,1,1,1,1,1,1,1,1,1,1,1,1,1,1,1,1,1,1,1,1,1,1,1,1,1,1,1,1,1,1,1,1,1,1,1,1,1,1,1,1,1,1,1,1,1,1,1,1,1,1,1,0,0,0,0,0,0,0,0,0,0,0,0,0,0,0,0,0,0,0,0,2|24398&4&162.43957564492482|24408&4&626.771006241859|24409&4&1734.9998038337892|24419&4&256.62956463666444|24420&4&424.4330561308467|24429&4&1274.9191349969606|24432&4&1554.6964610656416|24436&4&426.6699723877964|24442&4&768.7849076113275|24448&4&58.33891465655273|24454&4&445.99210312496655|24457&4&421.4601891012887|24461&4&125.1219406973994|24462&4&714.2636287583903|24465&4&901.046942612252|24467&4&1497.098543337733|24482&4&116.88662433127887|24483&4&1348.259120677356|24488&4&184.79295944149905|24509&4&44.9401134966207,2|24404&4&615.8123022285085|24410&4&290.5222126603349|24421&4&216.73791336975253|24422&4&462.5910572712607|24423&4&825.3531616727596|24434&4&203.10265769752442|24440&4&166.3821533215288|24441&4&156.076284175728|24443&4&108.11389217924443|24447&4&152.72736164739672|24448&4&565.9918519393651|24453&4&270.47705910991994|24457&4&117.53025840136388|24459&4&3.019806626980426E-14|24460&4&444.83119705432415|24462&4&111.88346686940827|24476&4&1262.857370081826|24478&4&142.50863914716967|24479&4&30.714264441507567|24480&4&863.9747833018108|24492&4&139.5821555232883|24511&4&41.62525988154214|24512&4&242.62297184002702,2|24402&4&29.44335839070145|24403&4&379.01870326319937|24410&4&92.26574296553409|24411&4&620.0140824795976|24412&4&876.0574833881388|24413&4&142.7542362162779|24416&4&1158.4366662906166|24422&4&86.42975524820133|24423&4&1069.4021755100368|24427&4&15.656875971021567|24442&4&884.6332692917571|24445&4&313.14979671340717|24446&4&-1.509903313490213E-14|24450&4&946.3554316479685|24453&4&7.460698725481052E-14|24466&4&143.9497597418084|24478&4&1520.1731838829937|24486&4&1438.189797298618|24488&4&1059.7321554449147|24489&4&595.6506166107424|24494&4&640.0880047808075|24500&4&400.9395213945925,2|24397&4&78.4001948499872|24407&4&829.0318646538487|24412&4&376.51322188513376|24426&4&479.92360395044136|24430&4&393.8132463798583|24431&4&0.0|24432&4&381.1464401867814|24438&4&967.8704997942878|24443&4&1040.912944603877|24448&4&54.37030194527909|24450&4&963.1584719855997|24455&4&800.8448064472893|24468&4&85.61022802100814|24473&4&1171.3319913113055|24487&4&30.328071292450904|24493&4&544.252514075992,2|24398&4&429.27500342012627|24400&4&10.178885490035373|24402&4&180.44223958704754|24427&4&1068.0113353467802|24430&4&98.52690203021608|24432&4&313.75907435358766|24433&4&882.086757188454|24435&4&746.8389344238644|24437&4&1101.3623743640055|24446&4&39.40347032586304|24449&4&1046.156229572981|24455&4&364.6370570086261|24461&4&1446.2415372756107|24462&4&84.15171638901457|24476&4&26.45917274580946|24483&4&489.09690647865636|24489&4&330.48417976979675|24496&4&144.42693715075586|24500&4&175.1671215371816|24502&4&55.667663206080825|24513&4&42.648599265491,2|24398&4&36.00210527086145|24399&4&2666.9437006596295|24406&4&562.3420704312578|24428&4&1004.1447876930854|24431&4&204.08649972167038|24434&4&195.56524665439068|24443&4&675.9809567169137|24444&4&835.8097187881856|24456&4&659.2347801039879|24464&4&385.58478617550037|24469&4&230.7446539855352|24474&4&81.94845025355103|24482&4&1423.3758457509903|24490&4&953.9089798487971|24494&4&60.45788784247271|24495&4&881.8515945771542|24513&4&0.005069290897404271,2|24397&4&377.33408266002016|24404&4&1409.8140820556475|24414&4&744.3238752914805|24418&4&1482.273950626559|24430&4&541.7829471517261|24440&4&750.6834056982087|24441&4&741.0981180740139|24459&4&144.5851664982406|24463&4&470.3324584026142|24479&4&1597.5794137704552|24483&4&102.98953712409732|24493&4&42.157942649844856|24494&4&193.3154480916677|24511&4&190.66879570384344|24512&4&129.39077141271625,2|24400&4&1991.4068857282507|24403&4&412.59639458081705|24419&4&94.5782027855098|24421&4&351.3601609109137|24426&4&247.1484527033116|24431&4&114.92476692871853|24435&4&128.1392394000787|24440&4&100.04370852692298|24446&4&1082.8906889992459|24451&4&1641.4987492899677|24452&4&957.3259696328201|24460&4&644.8564454063364|24467&4&704.9844836246602|24477&4&186.06429647068785|24485&4&1512.1146490835922|24487&4&166.39211707246415|24497&4&28.639216532849254|24503&4&182.31121443397416,2|24410&4&462.2508710000361|24417&4&2511.2742281544997|24419&4&1069.8637209257477|24425&4&28.547676764059908|24431&4&1696.5502968072788|24434&4&2756.9126352924636|24436&4&556.7404699224088|24439&4&771.9291248205645|24443&4&6.587413640200542|24445&4&427.9915326168807|24457&4&2.408784989664375|24458&4&46.3414090629675|24459&4&408.2920011540035|24468&4&922.7583023092508|24484&4&1776.155490058072|24489&4&16.331928734459527|24491&4&210.08731261535823|24498&4&268.13536372312694|24502&4&39.11992567833151|24512&4&144.96903177117886|24516&4&34.05197963788799,2|24400&4&7.615336405996622|24401&4&663.4386452426005|24402&4&811.9960788851753|24405&4&954.8589908715343|24413&4&570.6482461114836|24414&4&64.99529338173475|24415&4&1195.9445348605668|24424&4&1183.483503873343|24430&4&80.93369354939271|24432&4&107.18880851580082|24453&4&2308.782912283377|24471&4&575.762766143627|24472&4&802.9235209092867|24475&4&443.3783163139248|24477&4&1420.040061187217|24493&4&396.49605380378307|24498&4&84.71928378317031|24500&4&0.0|24511&4&448.9806538286964
178|4,130,1,1,1,1,1,1,1,1,1,1,1,1,1,1,1,1,1,1,1,1,1,1,1,1,1,1,1,1,1,1,1,1,1,1,1,1,1,1,1,1,1,1,1,1,1,1,1,1,1,1,1,1,1,1,1,1,1,1,1,1,1,1,1,1,1,1,1,1,1,1,1,1,1,1,1,1,1,1,1,1,1,1,1,1,1,1,1,1,1,1,1,1,1,1,1,1,1,1,1,1,0,0,0,0,0,0,0,0,0,0,0,0,0,0,0,0,0,0,0,0,2|24398&4&152.1064906175934|24408&4&567.3700412182676|24409&4&2113.395644599786|24419&4&295.36473578005854|24420&4&556.0377987584254|24429&4&1131.594551673476|24432&4&1462.989628883646|24436&4&404.5818482177405|24442&4&959.0748390113578|24448&4&36.295994966625024|24454&4&421.06739161841426|24457&4&419.6575989070999|24461&4&71.8410192372266|24462&4&675.1532449881374|24465&4&813.1298341633641|24467&4&1313.3061322483725|24482&4&82.07806502793204|24483&4&1271.4926772477106|24488&4&140.14566112641577|24509&4&38.72042992811204,2|24404&4&900.5217185628626|24410&4&395.2704824085373|24411&4&207.11244423260723|24421&4&205.30074164177302|24422&4&518.5773579004644|24423&4&846.9660510989106|24434&4&141.81383511023859|24440&4&413.73512073160987|24441&4&252.84328841095245|24443&4&82.66714457379084|24447&4&145.09099356502688|24448&4&673.6785741762635|24453&4&198.67723506174218|24457&4&103.27987159308472|24460&4&570.8756913054797|24462&4&86.61273288826364|24476&4&1189.8422935504655|24478&4&417.30012940286815|24479&4&80.00759488116526|24480&4&789.5986112668884|24492&4&131.096192434719|24511&4&24.090224296160102|24512&4&211.47118819163586,2|24402&4&14.31948990034883|24403&4&355.3613311126523|24410&4&83.87794815048554|24411&4&529.295111692117|24412&4&1118.5917912067302|24413&4&109.97685891573204|24416&4&1034.1325888853794|24422&4&64.65631262528352|24423&4&998.9756425384736|24427&4&1.1013412404281553E-13|24442&4&763.0228521966693|24445&4&430.3853793635259|24450&4&890.8051512197593|24466&4&174.3071071381671|24478&4&1358.5546026805205|24486&4&1441.2840219237933|24488&4&984.5472289161995|24489&4&556.2483665611585|24494&4&600.28705113286|24500&4&374.64143158956824,2|24397&4&49.251055232081356|24407&4&764.353889776298|24412&4&332.72611726874874|24426&4&441.6804578327308|24430&4&523.7834278309218|24432&4&342.27781067955976|24438&4&889.561365864597|24443&4&1114.8889376811244|24448&4&46.79606347972037|24450&4&852.3568488116306|24455&4&739.4249390284783|24468&4&62.55420038906703|24473&4&1123.4435783981644|24487&4&27.531294281227034|24493&4&644.1813233066889,2|24398&4&388.60465242352484|24400&4&5.0894427450176725|24402&4&345.56729489123114|24427&4&966.1518390287588|24430&4&77.04473076798061|24432&4&261.98803175176874|24433&4&946.6661155122547|24435&4&851.2991511305039|24436&4&141.43279848626344|24437&4&1014.8893654253784|24446&4&17.929594171664874|24449&4&979.8689258250726|24454&4&85.60543182750405|24455&4&312.1312580418445|24461&4&1627.100226745561|24462&4&76.38064001194304|24476&4&13.229586372904699|24483&4&433.82349675877947|24489&4&289.64304612732445|24496&4&0.0|24500&4&226.05248362741156|24502&4&43.371492085627466|24513&4&34.34479858021743,2|24398&4&27.085238366293993|24399&4&2824.6276633662546|24406&4&500.84811051515146|24428&4&1129.2874295818415|24431&4&176.23505731533248|24434&4&164.74276928339629|24443&4&609.0657287070705|24444&4&985.509546809666|24456&4&583.6561492559398|24464&4&385.11168573431496|24469&4&212.58972682994764|24470&4&93.47262390581815|24474&4&74.76805670025296|24482&4&1305.8230741266639|24490&4&986.0920555737523|24494&4&45.674305645209216|24495&4&1050.2278386718542|24513&4&2.7755575615628914E-17,2|24397&4&343.7608801458179|24404&4&1247.693037290876|24414&4&667.2614817778554|24418&4&1385.6588016887176|24430&4&503.1472927886271|24432&4&483.5318029556777|24440&4&697.5773589834541|24441&4&667.4173700625036|24459&4&112.032227175768|24463&4&411.64094809678113|24479&4&1429.1316667647752|24483&4&49.932544163562|24493&4&17.610086141779107|24494&4&172.22475232160667|24511&4&169.00637644706785|24512&4&117.56753047999379,2|24400&4&1967.9414195060294|24403&4&441.53917926622165|24419&4&60.943851497128556|24421&4&308.67380131018365|24426&4&196.91429843308794|24431&4&69.1584837935623|24435&4&97.49072300715527|24440&4&69.66643144966538|24446&4&992.1707592860733|24451&4&1486.7961906787955|24452&4&935.1213985502997|24460&4&566.0736169843562|24467&4&899.222335941439|24474&4&14.877640326461034|24477&4&133.8756483544241|24482&4&29.028980277653375|24483&4&411.5401246692737|24485&4&1419.945025624348|24487&4&200.07813332086735|24497&4&22.87388236875848|24503&4&158.8350512012465,2|24410&4&383.62087754956684|24417&4&2568.396906076153|24419&4&993.9093700642081|24425&4&26.644498313122583|24431&4&1717.6184036495983|24434&4&2863.9903741166954|24436&4&473.7081537208529|24439&4&700.4028848099257|24443&4&-3.019806626980426E-14|24445&4&352.36670124100795|24457&4&-1.0658141036401503E-14|24458&4&147.41372282584564|24459&4&458.13303461182386|24468&4&860.3051407522439|24484&4&1760.442070794913|24489&4&9.885500140511345|24491&4&199.5829469845903|24498&4&303.29310623365313|24502&4&35.33151307935978|24512&4&137.6195329162345|24516&4&25.770111796101023,2|24400&4&-5.5067062021407764E-14|24401&4&601.6833424015747|24402&4&732.9420251662137|24405&4&1163.6664201997412|24413&4&529.9674403486057|24414&4&47.8662778790473|24415&4&1147.0042550374114|24424&4&1148.0053928468737|24430&4&69.90062260381475|24432&4&56.23263177503791|24453&4&2401.3283529949495|24471&4&521.4147709170973|24472&4&755.5897883334304|24475&4&525.1837683186459|24477&4&1617.513520102906|24493&4&344.1423528600561|24498&4&64.92868873303237|24511&4&512.250768355295
179|4,130,1,1,1,1,1,1,1,1,1,1,1,1,1,1,1,1,1,1,1,1,1,1,1,1,1,1,1,1,1,1,1,1,1,1,1,1,1,1,1,1,1,1,1,1,1,1,1,1,1,1,1,1,1,1,1,1,1,1,1,1,1,1,1,1,1,1,1,1,1,1,1,1,1,1,1,1,1,1,1,1,1,1,1,1,1,1,1,1,1,1,1,1,1,1,1,1,1,1,1,1,0,0,0,0,0,0,0,0,0,0,0,0,0,0,0,0,0,0,0,0,2|24398&4&141.77340559026203|24408&4&653.6132868433845|24409&4&1946.5243656061539|24419&4&370.28197299182216|24420&4&604.5876142860049|24429&4&1262.5489679714908|24432&4&1371.28279670165|24436&4&382.4937240476846|24442&4&1093.293799727682|24448&4&25.275905310812174|24454&4&396.1426801118619|24457&4&406.436268716022|24461&4&34.4032839591591|24462&4&636.0428612178844|24465&4&725.2127257144758|24467&4&1155.8849946403043|24482&4&57.47048618084037|24483&4&1194.7262338180649|24488&4&95.4983628113325|24509&4&32.5007463596034,2|24404&4&1046.2937219050784|24410&4&522.2659099517396|24411&4&257.40231775891243|24421&4&193.8635699137935|24422&4&613.9048884240863|24423&4&831.1764038869436|24434&4&92.29249739940667|24440&4&495.1937842238648|24441&4&320.89156554519917|24443&4&57.22039696833724|24447&4&173.4255060405241|24448&4&631.7442248089708|24453&4&142.09627293827884|24457&4&89.02948478480559|24460&4&670.2703804983114|24462&4&65.14749757868725|24476&4&1429.0098463772285|24478&4&461.75688836776044|24479&4&321.63110133927177|24480&4&715.2224392319658|24492&4&122.61022934614971|24511&4&14.692506963422161|24512&4&182.87976490452365,2|24402&4&6.496295615897048|24403&4&331.7039589621053|24410&4&75.49015333543699|24411&4&438.5761409046362|24412&4&1051.7071657654717|24413&4&77.19948161518623|24416&4&911.7439284806018|24422&4&44.557690046231706|24423&4&928.5491095669105|24442&4&646.5064862781235|24445&4&789.1914765673428|24450&4&835.25487079155|24464&4&155.28782801634293|24466&4&240.37223075281918|24478&4&1201.6027962523292|24486&4&1356.1833287156605|24488&4&974.4602472974033|24489&4&516.8461165115745|24494&4&653.1707692159816|24500&4&348.34334178454407,2|24397&4&20.101915614175514|24407&4&686.4031636446432|24412&4&296.2076995152462|24426&4&563.0492064854732|24430&4&568.7660240325689|24432&4&303.4091811723382|24438&4&811.2522319349063|24443&4&1052.9936510458717|24448&4&39.22182501416164|24450&4&744.2615776536837|24455&4&678.0050716096673|24468&4&39.49817275712591|24473&4&1200.4479344470878|24487&4&24.734517270003163|24493&4&720.9469081468817,2|24398&4&347.93430142692347|24400&4&-2.8421709430404007E-14|24402&4&337.4167976633563|24427&4&864.2923427107371|24430&4&55.56255950574515|24432&4&210.2169891499498|24433&4&862.6530746280514|24435&4&1017.4483985001797|24436&4&134.36115856195028|24437&4&930.7206900851693|24446&4&329.05555572693225|24449&4&1143.0983520968784|24454&4&81.32516023612885|24455&4&259.62545907506285|24461&4&1635.3629986747278|24462&4&68.60956363487152|24476&4&-9.592326932761353E-14|24483&4&378.5500870389026|24489&4&248.80191248485212|24496&4&326.1432710138772|24500&4&275.9440104749838|24502&4&31.075320965174114|24513&4&26.040997894943857,2|24398&4&18.168371461726537|24399&4&2652.6372284834397|24406&4&439.35415059904517|24428&4&1140.6438459054257|24431&4&148.38361490899462|24434&4&133.92029191240192|24443&4&542.1505006972272|24444&4&906.4186598616378|24456&4&508.0775184078916|24464&4&339.34819708044176|24469&4&194.4347996743601|24470&4&261.71976931413997|24474&4&67.58766314695488|24482&4&1188.270302502338|24490&4&906.7870546082547|24494&4&30.89072344794573|24495&4&1115.408600893317,2|24397&4&668.3509409878865|24404&4&1089.5083021797218|24414&4&590.1990882642301|24418&4&1243.4613888101192|24430&4&464.511638425528|24432&4&733.7684029325783|24440&4&644.4713122686996|24441&4&598.9197647316455|24459&4&79.47928785329538|24463&4&352.94943779094814|24479&4&1268.6139497090396|24483&4&18.83431200880068|24493&4&3.541930317183356|24494&4&151.13405655154565|24511&4&147.34395719029226|24512&4&105.74428954727135,2|24400&4&1818.542032254473|24403&4&388.5704742628997|24413&4&128.3213403413888|24414&4&5.597192541973982|24419&4&35.4937190066027|24421&4&265.9874417094536|24426&4&149.0522509565707|24427&4&220.62655652266793|24431&4&35.08017389731216|24435&4&66.84220661423183|24440&4&49.675469906137444|24446&4&901.4508295729011|24451&4&1540.759774315901|24452&4&904.9531975116263|24460&4&495.9699555767072|24467&4&1234.3514287634416|24474&4&50.17721113568565|24477&4&88.71802259978105|24482&4&27.577531263770705|24483&4&853.6069124185467|24485&4&1719.271774755352|24487&4&225.89808802718545|24489&4&31.261089505415725|24497&4&43.043587555498995|24503&4&136.90552325249857,2|24410&4&308.1490050001797|24417&4&2439.387709787951|24419&4&917.9550192026684|24425&4&24.741319862185257|24431&4&1588.04562285018|24434&4&3044.4665044249145|24436&4&396.55772108752694|24439&4&728.524589506294|24445&4&280.2487446030674|24458&4&254.57779946237872|24459&4&553.6803308426719|24468&4&797.8519791952373|24484&4&1734.5082793071906|24489&4&3.439071546563164|24491&4&189.0785813538224|24498&4&327.03181095566623|24502&4&31.543100480388045|24512&4&209.52762363517044|24516&4&19.17942126810676,2|24401&4&546.0994983724214|24402&4&653.8879714472521|24405&4&1078.8510094323594|24413&4&489.28663458572794|24414&4&30.73726237635985|24415&4&1157.9641385023715|24424&4&1258.017438132224|24430&4&58.86755165823679|24432&4&27.583898647430704|24453&4&2346.804806199111|24462&4&19.288683675245977|24471&4&596.8589170926091|24472&4&708.2560557575742|24475&4&469.1754591919243|24477&4&1711.914227272859|24493&4&291.7886519163292|24498&4&45.35484481589007|24511&4&572.1026933143875
180|4,130,1,1,1,1,1,1,1,1,1,1,1,1,1,1,1,1,1,1,1,1,1,1,1,1,1,1,1,1,1,1,1,1,1,1,1,1,1,1,1,1,1,1,1,1,1,1,1,1,1,1,1,1,1,1,1,1,1,1,1,1,1,1,1,1,1,1,1,1,1,1,1,1,1,1,1,1,1,1,1,1,1,1,1,1,1,1,1,1,1,1,1,1,1,1,1,1,1,1,1,1,0,0,0,0,0,0,0,0,0,0,0,0,0,0,0,0,0,0,0,0,2|24398&4&250.23671036355242|24408&4&625.3399277202388|24409&4&1886.930562807434|24419&4&641.5293714363065|24420&4&561.7796714674898|24429&4&1405.279855477445|24432&4&1279.5759645196545|24436&4&360.4055998776287|24442&4&1380.724108726386|24448&4&14.255815654999301|24454&4&371.2179686053096|24457&4&374.2898763933479|24461&4&17.116756071506707|24462&4&596.9324774476315|24465&4&637.7419137750484|24467&4&1010.5227077307248|24482&4&32.86290733374865|24483&4&1117.9597903884192|24488&4&53.0955106390127|24509&4&26.281062791094744,2|24404&4&1224.306361606591|24410&4&655.8725865827038|24411&4&397.3888037425902|24421&4&182.42639818581398|24422&4&608.9097384149107|24423&4&960.9988010670079|24434&4&58.05981251622409|24440&4&599.6466744944124|24441&4&303.7849701523324|24443&4&31.773649362883646|24447&4&284.05471884165706|24448&4&695.6733888763508|24453&4&94.02715768631722|24457&4&74.77909797652643|24460&4&750.2317838556235|24462&4&43.682262269110865|24476&4&1583.3235001128633|24478&4&848.6828327254917|24479&4&305.2689023409463|24480&4&786.876194138044|24492&4&114.12426625758042|24511&4&7.46523814089856|24512&4&154.28834161741136,2|24402&4&4.085620730620576E-14|24403&4&308.0465868115583|24410&4&67.10235852038844|24411&4&352.330229962888|24412&4&984.8225403242133|24413&4&51.12504182955887|24416&4&789.3552680758244|24422&4&25.80391534823357|24423&4&858.1225765953471|24442&4&543.8642339976366|24445&4&1031.0594761207722|24450&4&779.704590363341|24464&4&147.52343661552578|24466&4&310.58175888510857|24478&4&1052.5705072860958|24486&4&1412.84298470706|24488&4&896.0204235231919|24489&4&477.44386646199035|24494&4&693.2021647043738|24500&4&322.0452519795198,2|24397&4&3.9700380025768287|24407&4&608.4524375129881|24412&4&259.6892817617437|24426&4&525.5649702963867|24430&4&535.3496614958472|24432&4&264.54055166511665|24438&4&732.9430980052155|24443&4&991.0983644106193|24448&4&31.64758654860291|24450&4&636.5910225509722|24455&4&616.5852041908563|24468&4&18.60244294413731|24473&4&1270.6930343202812|24477&4&128.34900737704425|24487&4&21.937740258779293|24488&4&193.8904735483598|24493&4&790.2469344587645,2|24398&4&307.26395043032204|24402&4&495.14751083526266|24427&4&772.994577578474|24430&4&38.27506724568936|24432&4&158.44594654813088|24433&4&899.7722018031883|24435&4&1221.6492510067396|24436&4&127.2895186376371|24437&4&854.5044551470228|24446&4&312.6027779405856|24449&4&1152.4445121521194|24454&4&167.2848233409237|24455&4&210.91552201925208|24461&4&1790.0087151428843|24462&4&60.83848725780001|24483&4&323.2766773190256|24489&4&207.9607788423798|24496&4&331.8509174014547|24500&4&249.58624448925286|24502&4&18.779149844720763|24513&4&19.130868968649054,2|24398&4&9.251504557159077|24399&4&2838.2807633107086|24406&4&633.5099300636684|24428&4&1047.162608491923|24431&4&120.53217250265675|24434&4&310.00685597279465|24443&4&475.235272687384|24444&4&827.3277729136097|24456&4&509.86586540565247|24464&4&305.32667489202834|24469&4&176.27987251877252|24470&4&280.154723375242|24474&4&60.4072695936568|24482&4&1070.7175308780115|24490&4&827.482053642757|24494&4&18.75442832614243|24495&4&1049.013110051953,2|24397&4&813.8108778690654|24404&4&939.6539846793578|24414&4&513.1366947506051|24418&4&1176.1198767927942|24430&4&425.875984062429|24432&4&778.1941513627169|24440&4&591.3652655539452|24441&4&537.8997786073537|24459&4&50.17032258914918|24463&4&467.66720659315683|24479&4&1110.318140927069|24483&4&3.0692002741836113|24493&4&-2.398081733190338E-14|24494&4&130.04336078148464|24511&4&125.6815379335167|24512&4&93.92104861454891,2|24400&4&1700.878607890169|24403&4&533.0860344369557|24413&4&358.1717853204105|24414&4&153.53200597234326|24419&4&13.391417220392993|24421&4&223.30108210872368|24426&4&105.11817241957337|24427&4&450.42806077015746|24431&4&10.120201146569492|24435&4&36.19369022130839|24440&4&31.562159303392022|24446&4&959.7208071809388|24451&4&1502.4996444966023|24452&4&812.8237421125374|24460&4&435.01692685795933|24467&4&1563.6913439710847|24474&4&47.63115647808522|24477&4&50.10217929131391|24482&4&177.69853982387025|24483&4&1074.5967159423287|24485&4&1918.5118085332188|24487&4&212.57280328099935|24489&4&114.91276808343413|24497&4&51.93640731730901|24503&4&117.07247885148688,2|24410&4&235.85430162928316|24417&4&2393.7955734521456|24419&4&842.0006683411287|24425&4&22.838141411247932|24431&4&1582.8542017013342|24434&4&2831.072118383458|24436&4&319.40728845420097|24439&4&798.2856519023169|24445&4&222.03979332906968|24458&4&0.0|24459&4&710.7976225991042|24468&4&855.6823728446677|24484&4&1801.4033878045866|24489&4&1.041718082549205|24491&4&178.57421572305446|24498&4&303.45894454841806|24502&4&27.75468788141631|24512&4&198.21524530153206|24516&4&12.588730740112496,2|24401&4&490.515654343268|24402&4&574.8339177282905|24405&4&973.4922065126073|24413&4&448.60582882285007|24414&4&13.608246873672403|24415&4&1044.739739313086|24424&4&1134.7695591186412|24430&4&47.83448071265883|24432&4&10.944129981978245|24453&4&2227.608805159422|24462&4&154.5148643812954|24471&4&751.8259556348673|24472&4&660.9223231817181|24475&4&523.7818485346543|24477&4&1587.2044627146854|24493&4&239.43495097260217|24498&4&30.641469740438005|24511&4&635.4951645892088
181|4,130,1,1,1,1,1,1,1,1,1,1,1,1,1,1,1,1,1,1,1,1,1,1,1,1,1,1,1,1,1,1,1,1,1,1,1,1,1,1,1,1,1,1,1,1,1,1,1,1,1,1,1,1,1,1,1,1,1,1,1,1,1,1,1,1,1,1,1,1,1,1,1,1,1,1,1,1,1,1,1,1,1,1,1,1,1,1,1,1,1,1,1,1,1,1,1,1,1,1,1,1,0,0,0,0,0,0,0,0,0,0,0,0,0,0,0,0,0,0,0,0,2|24398&4&233.96380584618993|24408&4&557.8543527406479|24409&4&1937.1198086223844|24419&4&606.5322327695854|24420&4&518.9717286489747|24429&4&1571.2932674200279|24432&4&1187.8691323376588|24436&4&338.3174757075727|24442&4&1491.287766829295|24448&4&3.235725999186428|24454&4&346.29325709875724|24457&4&342.1434840706739|24461&4&4.950260026883435|24462&4&557.8220936773785|24465&4&717.8845177725848|24467&4&876.7094496211039|24482&4&10.858465459214017|24483&4&1041.1933469587736|24488&4&26.372109879705025|24509&4&20.06137922258609,2|24404&4&1222.2774175094896|24410&4&905.7865782925511|24411&4&812.0448976306841|24421&4&176.5883712219175|24422&4&715.5095274147096|24423&4&922.1513857632511|24434&4&26.68558592722106|24440&4&566.8296746593037|24441&4&286.6783747594656|24443&4&8.193289785724623|24447&4&268.61660048582405|24448&4&849.7987620983936|24453&4&48.98202466339475|24457&4&62.04676310568248|24460&4&781.6227792987546|24462&4&22.217026959534483|24476&4&1614.4645159127972|24478&4&1001.3858340991897|24479&4&785.3216725766872|24480&4&894.6509456977091|24492&4&105.63830316901114|24511&4&2.5162108681125117|24512&4&133.0171936596644,2|24403&4&284.3892146610112|24410&4&58.714563705339884|24411&4&270.67804590167833|24412&4&917.9379148829546|24413&4&29.345514738231994|24416&4&926.0289480944028|24422&4&15.068341256293692|24423&4&787.696043623784|24435&4&211.424013751163|24442&4&456.69170161145894|24445&4&1004.2155625659788|24450&4&724.154309935132|24464&4&276.56414510695356|24466&4&292.7994990930353|24478&4&920.3118544267076|24486&4&1289.6144227978223|24488&4&817.5805997489807|24489&4&438.0416164124063|24494&4&658.430639289066|24500&4&295.74716217449554,2|24397&4&0.006926716263210817|24407&4&530.5017113813333|24412&4&223.1708640082412|24426&4&706.3380620898561|24430&4&501.93329895912564|24432&4&225.67192215789507|24438&4&654.6339640755247|24443&4&1305.2623509597065|24448&4&24.073348083044184|24450&4&537.5420482698503|24455&4&555.1653367720453|24468&4&4.7802605628074115|24473&4&1287.9230231416634|24477&4&196.6353379381253|24487&4&19.140963247555423|24488&4&384.74712259633884|24493&4&730.5790229069439|24497&4&14.678488430718971,2|24398&4&266.59359943372067|24402&4&467.74486798620217|24427&4&683.1985235051621|24430&4&20.987574985633586|24432&4&106.67490394631196|24433&4&1020.4186154237424|24435&4&1120.3781208047767|24436&4&378.94944479282196|24437&4&778.2882202088765|24446&4&296.150000154239|24449&4&1054.4313187353905|24454&4&158.49255501474|24455&4&171.9391160009981|24461&4&1771.2403655572432|24462&4&53.06741088072849|24483&4&268.0032675991487|24489&4&167.11964519990747|24496&4&314.4430133538472|24500&4&312.7045484455839|24502&4&10.026397088080815|24513&4&12.22074004235424,2|24398&4&4.894984070206116|24399&4&2579.493201353663|24406&4&815.9374386886934|24428&4&953.6813710784207|24431&4&92.68073009631888|24434&4&484.7985592512197|24443&4&408.3200446775407|24444&4&748.2368859655816|24456&4&599.5737827049954|24464&4&271.30515270361497|24469&4&158.124945363185|24470&4&334.9378709802849|24474&4&53.22687604035872|24482&4&953.1647592536854|24490&4&748.1770526772596|24494&4&12.502952217428316|24495&4&966.6745899661445,2|24397&4&886.9722650356798|24402&4&260.15736441022455|24404&4&803.9781933351885|24414&4&436.07430123698|24418&4&1122.9230875515457|24430&4&387.2403296993299|24432&4&880.1247650872092|24440&4&538.2592188391906|24441&4&488.9366606239568|24459&4&29.298906159359554|24463&4&700.583114518488|24479&4&953.3045170166167|24483&4&0.0|24494&4&108.95266501142362|24511&4&104.01911867674112|24512&4&82.09780768182645,2|24400&4&1797.4737178589687|24403&4&673.2122320834746|24413&4&399.9394143659469|24414&4&145.84141269237114|24419&4&3.2579380649930094|24421&4&180.61472250799366|24426&4&70.30004187195362|24427&4&786.632724615281|24431&4&5.6843418860808015E-14|24435&4&18.633146100299157|24440&4&21.119391044217203|24446&4&1017.0053798930298|24451&4&1566.0175291977737|24452&4&733.2706979165091|24460&4&386.5052640763308|24467&4&1794.646966265975|24474&4&125.53214452393021|24477&4&25.644521776567203|24482&4&418.43308710913266|24483&4&1017.6525700369091|24485&4&2116.0278258975413|24487&4&363.1400758813944|24489&4&144.76699482363802|24497&4&45.319507771241845|24503&4&99.04852976754611,2|24410&4&173.77692659797603|24417&4&2450.3503916831532|24419&4&766.0463174795892|24425&4&0.0|24431&4&1918.9874150353132|24434&4&2617.677732342003|24436&4&247.97726840134476|24439&4&736.170032316756|24445&4&173.42160575478272|24458&4&37.644040387004566|24459&4&834.9593779182123|24468&4&864.36699024347|24484&4&1963.5649487813123|24489&4&7.549516567451064E-15|24491&4&168.06985009228654|24498&4&359.5758728633502|24502&4&23.966275282444574|24512&4&186.90286696789366|24516&4&6.566517293939409,2|24401&4&571.6575468489425|24402&4&495.7798640093289|24405&4&991.5544240641768|24413&4&407.92502305997226|24414&4&9.592326932761353E-14|24415&4&1143.3258972671433|24424&4&1021.5139691716248|24430&4&36.80140976708086|24432&4&0.0|24453&4&2381.191576701041|24462&4&204.34378851056874|24471&4&843.9204846770497|24472&4&613.5885906058619|24475&4&543.0553432243601|24477&4&1462.4946981565113|24493&4&187.08125002887516|24498&4&18.636601864999648|24511&4&696.4992437208167
182|4,130,1,1,1,1,1,1,1,1,1,1,1,1,1,1,1,1,1,1,1,1,1,1,1,1,1,1,1,1,1,1,1,1,1,1,1,1,1,1,1,1,1,1,1,1,1,1,1,1,1,1,1,1,1,1,1,1,1,1,1,1,1,1,1,1,1,1,1,1,1,1,1,1,1,1,1,1,1,1,1,1,1,1,1,1,1,1,1,1,1,1,1,1,1,1,1,1,1,1,1,1,0,0,0,0,0,0,0,0,0,0,0,0,0,0,0,0,0,0,0,0,2|24398&4&217.69090132882747|24408&4&490.3687777610569|24409&4&1760.4829468126518|24419&4&571.5350941028644|24420&4&549.3054108181792|24429&4&1740.7782823966122|24432&4&1096.1623001556634|24436&4&316.22935153751683|24442&4&1571.4654700159854|24448&4&1.617862999593208|24454&4&321.36854559220495|24457&4&309.9970917479997|24461&4&3.375077994860476E-14|24462&4&518.7117099071256|24465&4&774.3818780913136|24467&4&762.7825062837153|24482&4&0.0|24483&4&964.426903529128|24488&4&9.19674930776082|24509&4&13.84169565407744,2|24404&4&1274.4757775383828|24410&4&1235.453796615609|24411&4&880.5588102258242|24414&4&187.06662642735552|24421&4&388.59521891751234|24422&4&670.8606042462296|24423&4&1099.2399716588673|24434&4&-1.6342482922482304E-13|24440&4&626.9415624178774|24441&4&269.57177936659883|24443&4&-4.263256414560601E-14|24447&4&0.0|24448&4&792.5035921463136|24453&4&14.196422035986494|24457&4&49.314428234838516|24460&4&782.8397922604614|24462&4&4.956877148922938|24476&4&1618.7924159489307|24478&4&1205.9127470615854|24479&4&1240.0908078710481|24480&4&818.7600529253472|24492&4&97.15234008044186|24511&4&0.0|24512&4&113.96947599582374,2|24403&4&260.73184251046416|24410&4&50.32676889029133|24411&4&204.66484585100685|24412&4&851.0532894416963|24413&4&18.117102378609506|24416&4&1130.6437701057434|24422&4&8.98962797253335|24423&4&717.2695106522207|24435&4&259.31234455978733|24442&4&377.8481537167161|24445&4&1100.9005767123324|24450&4&927.258582965969|24464&4&261.95949871152413|24466&4&280.81370505162016|24478&4&804.7869487011078|24486&4&1278.167971336606|24488&4&739.1407759747693|24489&4&398.63936636282233|24493&4&200.56412716262662|24494&4&664.5676306483842|24500&4&269.44907236947137,2|24397&4&-4.683753385137379E-17|24407&4&652.9484632791152|24412&4&186.65244625473872|24426&4&853.2164053053143|24430&4&641.1294520324154|24432&4&186.80329265067354|24438&4&576.3248301458341|24443&4&1561.644076877224|24448&4&16.49910961748546|24450&4&442.1505979911408|24455&4&493.7454693532343|24468&4&7.105427357601002E-15|24473&4&1345.8951584230335|24477&4&422.7208141709589|24487&4&0.0|24488&4&599.5307279938196|24493&4&670.9111113551232|24497&4&28.23493608000656,2|24398&4&225.92324843711927|24402&4&440.3422251371416|24427&4&599.7846754474647|24430&4&6.047738471237352|24432&4&54.90386134449302|24433&4&1014.9412340609938|24435&4&1019.106990602814|24436&4&654.7546933639376|24437&4&702.0719852707301|24446&4&279.69722236789244|24449&4&1002.5008351458644|24454&4&150.0371595463918|24455&4&132.96270998274406|24461&4&1796.5266674649652|24462&4&45.29633450365697|24483&4&212.72985787927178|24489&4&126.27851155743514|24496&4&393.5858990248338|24500&4&367.90640875808396|24502&4&5.25001631854246|24513&4&6.610962786006677,2|24398&4&2.1341192946979355|24399&4&2701.563591445998|24405&4&143.69987590423096|24406&4&808.0233456454248|24428&4&860.2001336649184|24431&4&64.829287689981|24434&4&922.211348559582|24443&4&341.40481666769756|24444&4&675.3655086048345|24456&4&912.4687890651487|24464&4&241.5825209590498|24469&4&139.97001820759746|24470&4&316.5459423087425|24474&4&0.0|24482&4&835.6119876293593|24490&4&668.872051711762|24494&4&6.251476108714158|24495&4&889.8763882251013,2|24397&4&826.977830074193|24402&4&305.4553080904988|24404&4&679.0744807168055|24414&4&359.01190772335485|24418&4&1303.222661948646|24424&4&284.38424898508003|24430&4&348.6046753362308|24432&4&1022.2107047569928|24440&4&485.15317212443597|24441&4&439.97354264055986|24459&4&19.599123592185855|24463&4&726.1031694055091|24479&4&806.4964787695051|24494&4&87.8619692413626|24511&4&82.35669941996554|24512&4&70.27456674910401,2|24400&4&1650.1936537261333|24403&4&662.6780273869656|24413&4&393.13616651508164|24414&4&138.15081941239904|24419&4&2.398081733190338E-14|24421&4&137.92836290726365|24426&4&46.45883296464613|24427&4&889.0565888572812|24435&4&5.592883262016973|24440&4&10.676622785042428|24446&4&1033.3080105289957|24451&4&1837.3078600620884|24452&4&865.0303205928731|24460&4&337.99360129470233|24467&4&1906.6277146394439|24474&4&0.0|24477&4&8.900359502990305|24482&4&700.5328035862094|24483&4&1066.3565331366756|24485&4&2214.6818858739853|24487&4&0.0|24489&4&251.89546224201962|24497&4&39.78189968507614|24503&4&83.4094741243532,2|24410&4&124.30228806098027|24417&4&2413.373504636703|24419&4&690.0919666180496|24431&4&1882.980316785694|24434&4&2404.283346300547|24436&4&187.881177686186|24439&4&703.2139711199666|24445&4&127.30493232718425|24458&4&141.8187013407621|24459&4&879.0565128369856|24468&4&1046.6932418752547|24484&4&1972.1880262781228|24491&4&547.2274082530766|24498&4&332.018516719993|24502&4&20.177862683472842|24512&4&230.26660209839454|24516&4&2.2687406895927653,2|24401&4&794.5920243938757|24402&4&433.6940764604643|24405&4&891.9009364420982|24413&4&367.24421729709445|24415&4&1038.6166564303348|24424&4&909.0955408342899|24430&4&25.768338821502898|24453&4&2539.7705062384885|24462&4&408.79148541123817|24471&4&785.3480554193234|24472&4&566.2548580300057|24475&4&556.2379221189699|24477&4&1337.7849335983376|24493&4&134.72754908514815|24498&4&9.439111515314229|24511&4&751.4124082373122
183|4,130,1,1,1,1,1,1,1,1,1,1,1,1,1,1,1,1,1,1,1,1,1,1,1,1,1,1,1,1,1,1,1,1,1,1,1,1,1,1,1,1,1,1,1,1,1,1,1,1,1,1,1,1,1,1,1,1,1,1,1,1,1,1,1,1,1,1,1,1,1,1,1,1,1,1,1,1,1,1,1,1,1,1,1,1,1,1,1,1,1,1,1,1,1,1,1,1,1,1,1,1,0,0,0,0,0,0,0,0,0,0,0,0,0,0,0,0,0,0,0,0,2|24398&4&201.41799681146497|24408&4&474.32108241946975|24409&4&1598.3444443011542|24419&4&536.5379554361432|24420&4&605.4791186760816|24429&4&1710.0531478407058|24432&4&1004.4554679736674|24436&4&294.1412273674609|24442&4&1791.176415007208|24448&4&-1.199040866595169E-14|24454&4&296.4438340856526|24457&4&318.8602985208638|24462&4&479.60132613687256|24465&4&1058.7747702022973|24467&4&665.0748537419652|24483&4&887.6604600994823|24488&4&4.263256414560601E-14|24509&4&8.084764934083829,2|24404&4&1462.6736701037535|24410&4&1344.7649042174828|24411&4&1127.3785693671214|24414&4&406.73799459352915|24421&4&587.970504080297|24422&4&729.8606057032146|24423&4&1238.7574992710352|24440&4&696.3200423162596|24441&4&252.46518397373205|24448&4&735.2084221942335|24453&4&9.592326932761353E-14|24457&4&36.58209336399455|24460&4&732.4268579425324|24462&4&0.0|24476&4&1465.735519904003|24478&4&1558.2497573576866|24479&4&1614.0121001197458|24480&4&742.8691601529852|24492&4&88.66637699187257|24512&4&95.15818251843132,2|24403&4&237.07447035991706|24410&4&41.93897407524278|24411&4&152.5445577038915|24412&4&925.5969249404342|24413&4&12.320817593229163|24416&4&1524.1359878682215|24422&4&2.9109146887729986|24423&4&646.8429776806574|24435&4&245.81816729742008|24442&4&304.8913542378945|24445&4&1316.3836715865882|24450&4&969.5979298840158|24464&4&247.35485231609476|24466&4&267.0739585410178|24478&4&702.6497911985451|24486&4&1234.3584496195058|24488&4&660.7009522005582|24489&4&359.23711631323835|24493&4&502.63422238543365|24494&4&832.1378030645894|24500&4&243.15098256444708,2|24407&4&735.1144461540194|24409&4&72.57290169023133|24412&4&150.1340285012362|24426&4&909.2119233946487|24430&4&885.9898526205321|24432&4&147.93466314345196|24438&4&498.0156962161432|24443&4&1626.1429316645708|24448&4&8.924871151926732|24450&4&359.01147470689295|24455&4&432.3256019344233|24473&4&1457.0569254022544|24477&4&645.4939074642208|24488&4&747.550109011455|24489&4&271.33692785080723|24493&4&611.2431998033027|24497&4&51.14255554124257,2|24398&4&185.25289744051787|24402&4&412.93958228808117|24427&4&527.3120923206176|24430&4&-4.085620730620576E-14|24432&4&14.12343242280759|24433&4&1131.266633814506|24435&4&917.835860400851|24436&4&642.0757388467821|24437&4&635.6905357627435|24446&4&263.24444458154585|24448&4&82.27530139193294|24449&4&1022.6209477038885|24454&4&141.22804757731632|24455&4&93.98630396449002|24461&4&2056.3635993990633|24462&4&37.525258126585456|24483&4&169.57369460112855|24489&4&87.94551120330819|24496&4&371.3504554912966|24500&4&420.9484075171008|24502&4&1.9281615117082997|24513&4&2.335396248016203,2|24398&4&0.0|24399&4&2904.15843404847|24405&4&339.9480003363968|24406&4&749.5618712081268|24428&4&797.6008473634877|24431&4&36.977845283643134|24434&4&1183.409628648826|24443&4&274.4895886578542|24444&4&765.6548968642833|24456&4&944.8920069078804|24464&4&211.85988921448467|24469&4&121.81509105200989|24470&4&298.15401363720014|24482&4&718.0592160050331|24490&4&765.6992220829252|24494&4&0.0|24495&4&813.0781864840582,2|24397&4&787.9594114867266|24402&4&289.5321492749483|24404&4&563.2143550926004|24414&4&286.59512332901744|24418&4&1528.0075512522103|24424&4&270.16503653582606|24430&4&309.9690209731317|24432&4&1412.9780994020498|24440&4&432.0471254096814|24441&4&391.01042465716284|24459&4&13.892307790812886|24463&4&668.6080860641559|24479&4&681.7407781336037|24485&4&247.2091725079033|24494&4&66.77127347130158|24511&4&60.69428016318994|24512&4&58.45132581638156,2|24400&4&1664.3416282808253|24403&4&624.774823311712|24413&4&371.18562302263064|24414&4&130.46022613242693|24421&4&105.04628030544772|24426&4&27.990245354979834|24427&4&978.3927271047484|24435&4&-3.730349362740526E-14|24440&4&0.23385452586765254|24446&4&956.5400530628829|24451&4&1826.4071032384304|24452&4&1007.1293035672869|24460&4&289.4819385130738|24467&4&2096.5939226647724|24477&4&-6.039613253960852E-14|24481&4&105.42286723732111|24482&4&945.5357278736258|24483&4&1089.9977178742915|24485&4&2032.2848829539523|24489&4&238.5509622486912|24497&4&35.37368340549608|24503&4&69.8044414354361,2|24410&4&88.66123427114346|24417&4&2213.6367022929458|24419&4&614.1376157565098|24431&4&1813.2272598540264|24434&4&2190.8889602590907|24436&4&138.47786668860834|24439&4&792.5559348426775|24445&4&87.4507110204004|24458&4&134.63365617275647|24459&4&909.6441400968313|24468&4&961.6357452828736|24484&4&1888.924417568092|24491&4&517.2399464327309|24498&4&340.6141885688012|24502&4&16.389450084501107|24512&4&288.3728883032957|24516&4&1.0658141036401503E-14,2|24401&4&775.1053228082119|24402&4&372.79177590027024|24405&4&800.3964408716772|24413&4&326.56341153421664|24415&4&938.9356841884496|24424&4&803.9714264930567|24430&4&14.735267875924933|24453&4&2698.6612913360605|24462&4&547.9512025094588|24464&4&129.9772803846786|24471&4&732.1936702796222|24472&4&518.9211254541497|24475&4&517.8244836759658|24477&4&1213.0751690401637|24493&4&90.62831769401927|24498&4&3.187840191324604|24511&4&802.9492169071301
184|4,130,1,1,1,1,1,1,1,1,1,1,1,1,1,1,1,1,1,1,1,1,1,1,1,1,1,1,1,1,1,1,1,1,1,1,1,1,1,1,1,1,1,1,1,1,1,1,1,1,1,1,1,1,1,1,1,1,1,1,1,1,1,1,1,1,1,1,1,1,1,1,1,1,1,1,1,1,1,1,1,1,1,1,1,1,1,1,1,1,1,1,1,1,1,1,1,1,1,1,1,1,0,0,0,0,0,0,0,0,0,0,0,0,0,0,0,0,0,0,0,0,2|24398&4&349.3535497015176|24408&4&661.645492970059|24409&4&1450.5553047987926|24419&4&501.54081676942207|24420&4&558.3746770630819|24429&4&1564.7191078571393|24432&4&912.7486357916719|24436&4&272.05310319740494|24442&4&1793.942128102558|24454&4&271.5191225791003|24457&4&284.66342624341286|24462&4&440.4909423666197|24465&4&957.3341121228711|24467&4&567.3672012002149|24483&4&810.8940166698367|24509&4&4.081149584054631,2|24404&4&1648.56149772875|24410&4&1263.757507270557|24411&4&1369.2342531789172|24414&4&464.3919171600631|24421&4&553.9532456329216|24422&4&717.5381507131459|24423&4&1130.7064213644117|24440&4&766.0176347431412|24441&4&235.35858858086527|24448&4&677.9132522421535|24457&4&26.54511426403696|24460&4&682.0139236246034|24476&4&1612.9433340854234|24478&4&1564.9355782879024|24479&4&1613.1546122768107|24480&4&666.9782673806233|24492&4&287.58861191396977|24512&4&80.96073311311459,2|24403&4&213.41709820937|24410&4&33.55117926019423|24411&4&108.35476464239701|24412&4&851.640886452176|24413&4&6.524532807848821|24416&4&1491.5605496952476|24422&4&-2.4868995751603507E-14|24423&4&576.4164447090941|24435&4&390.2608244997774|24442&4&247.53366858753748|24445&4&1260.615451328918|24450&4&1227.219362355379|24464&4&232.75020592066537|24466&4&250.36226666495108|24478&4&612.9933214123541|24486&4&1289.7008672697589|24488&4&582.2611284263468|24489&4&319.8348662636543|24493&4&805.8646335549904|24494&4&891.2176550156139|24500&4&216.85289275942284,2|24407&4&787.6473183984831|24409&4&223.94813233139206|24412&4&113.61561074773365|24426&4&834.7203063230431|24430&4&955.51940909296|24432&4&109.0660336362304|24438&4&419.7065622864525|24443&4&1520.4881273648812|24448&4&1.350632686368006|24450&4&282.91969296937714|24455&4&568.6021053627654|24473&4&1436.9833272037185|24477&4&730.1988294071266|24488&4&707.1294049263647|24489&4&389.1303542140783|24493&4&551.5752882514821|24497&4&65.72039278249758,2|24398&4&144.58254644391644|24402&4&385.53693943902056|24427&4&459.6829611181746|24432&4&2.8421709430404007E-14|24433&4&1041.6485981201995|24435&4&816.5647301988881|24436&4&765.7008610953837|24437&4&569.7627605175913|24446&4&246.79166679519923|24448&4&171.62824539357752|24449&4&973.572090154586|24454&4&132.41893560824084|24455&4&55.00989794623598|24461&4&1991.5997540244707|24462&4&29.754181749513943|24483&4&138.32771595246197|24489&4&60.4051942989189|24496&4&349.1150119577595|24500&4&388.8596052951726|24502&4&4.440892098500626E-16|24513&4&1.687538997430238E-14,2|24399&4&3040.0589033943634|24405&4&421.0637515750352|24406&4&810.3266339141198|24428&4&1113.878550475304|24431&4&13.628391742213166|24434&4&1174.9775980938618|24443&4&214.8777994375451|24444&4&892.1904054890313|24456&4&907.4003146649379|24464&4&188.2342599680603|24469&4&103.66016389642235|24470&4&279.7620849656578|24482&4&612.366674629855|24490&4&877.7830212133938|24495&4&736.279984743015,2|24397&4&718.0316940673887|24402&4&341.96672520948687|24404&4&458.70179390399164|24414&4&224.4490824122101|24418&4&1549.5119039148638|24424&4&317.8174797828509|24430&4&271.3333666100326|24432&4&1782.1529267065637|24440&4&378.9410786949269|24441&4&342.0473066737659|24459&4&10.41923084310967|24463&4&611.1130027228031|24479&4&579.2040774827302|24485&4&407.4188264434367|24494&4&45.68057770124058|24511&4&41.662795693299955|24512&4&46.62808488365911,2|24400&4&1638.9517813104521|24403&4&633.2494790119708|24413&4&393.9162542100726|24414&4&122.76963285245483|24421&4&82.5258568173317|24426&4&18.660163569986565|24427&4&923.3055389890186|24440&4&0.0|24446&4&869.8504462614086|24451&4&1694.7164542530543|24452&4&962.9201423475828|24460&4&240.97027573144535|24467&4&2154.568635882695|24481&4&0.0|24482&4&983.6375003507816|24483&4&1150.7316837549906|24485&4&1862.783243967717|24489&4&225.2064622553628|24497&4&32.126567151646434|24503&4&65.0453471385001,2|24410&4&62.510694117550614|24417&4&2318.6331211881234|24419&4&538.1832648949703|24431&4&1922.0693049180206|24434&4&1977.494574217635|24436&4&96.91919183319784|24439&4&729.1576088440352|24445&4&64.29259763217644|24458&4&127.44861100475086|24459&4&845.1587691522748|24468&4&892.5176270764981|24484&4&2022.8250153005956|24491&4&487.25248461238505|24498&4&311.2491810258357|24502&4&12.601037485529371|24512&4&347.53742969357586,2|24401&4&712.0463280272511|24402&4&311.88947534007616|24405&4&717.0947059281633|24413&4&285.88260577133883|24415&4&1104.4934800645303|24424&4&703.9489887470651|24430&4&3.70219693034697|24453&4&2642.2388075753634|24462&4&518.5135569745676|24464&4&151.01007143643065|24471&4&679.0392851399212|24472&4&471.58739287829343|24475&4&604.6074784699731|24477&4&1088.36540448199|24493&4&47.481653379946465|24498&4&-1.865174681370263E-14|24511&4&841.5740173030445
185|4,130,1,1,1,1,1,1,1,1,1,1,1,1,1,1,1,1,1,1,1,1,1,1,1,1,1,1,1,1,1,1,1,1,1,1,1,1,1,1,1,1,1,1,1,1,1,1,1,1,1,1,1,1,1,1,1,1,1,1,1,1,1,1,1,1,1,1,1,1,1,1,1,1,1,1,1,1,1,1,1,1,1,1,1,1,1,1,1,1,1,1,1,1,1,1,1,1,1,1,1,1,0,0,0,0,0,0,0,0,0,0,0,0,0,0,0,0,0,0,0,0,2|24398&4&415.72078921133385|24408&4&671.7390684421043|24409&4&1316.8092805377864|24419&4&466.54367810270094|24420&4&514.1453438560794|24429&4&1530.3386364502103|24432&4&821.0418036096762|24436&4&249.96497902734905|24442&4&1837.8731072742462|24454&4&246.59441107254804|24457&4&290.4345654527595|24462&4&401.38055859636665|24465&4&897.6901840947323|24467&4&474.2351346634816|24483&4&734.127573240191|24509&4&1.369977586814492,2|24404&4&1541.7791147811931|24410&4&1203.316967868927|24411&4&1426.8116702117013|24414&4&439.6644264212043|24421&4&584.0872143641387|24422&4&665.8313355929087|24423&4&1392.6872601503542|24440&4&756.6434630026151|24441&4&218.25199318799847|24448&4&620.6180822900735|24457&4&17.097327254141288|24460&4&631.6009893066745|24476&4&1755.6296953740302|24478&4&1471.1993530256316|24479&4&1657.7310232769546|24480&4&591.6930069568779|24492&4&315.01110303593805|24512&4&69.44343337938625,2|24403&4&189.75972605882296|24404&4&140.24728695892748|24410&4&25.16338444514568|24411&4&72.07603156235433|24412&4&826.4940738935264|24413&4&1.4939596494767882|24416&4&1366.4644193568454|24423&4&505.98991173753086|24435&4&600.6738687663828|24442&4&193.1240478881739|24445&4&1249.6480837901402|24450&4&1454.9042177272152|24464&4&218.14555952523597|24466&4&231.99471635529517|24478&4&527.783820442234|24486&4&1484.5653853755825|24488&4&503.8213046521356|24489&4&280.4326162140703|24493&4&774.5427285448137|24494&4&900.4625819412263|24500&4&190.55480295439864,2|24407&4&863.9856129273523|24409&4&496.62217514549695|24412&4&77.09719299423115|24426&4&760.2286892514378|24430&4&892.830955618725|24432&4&70.19740412900883|24438&4&471.9409718229656|24443&4&1481.1461361834135|24448&4&8.43769498715119E-15|24450&4&211.0691545182973|24455&4&676.9695994361255|24473&4&1468.256405073897|24477&4&690.0520848315568|24488&4&666.7087008412743|24489&4&476.4860858575693|24493&4&491.9073766996614|24497&4&62.19194246357242,2|24398&4&109.47810372902464|24402&4&358.13429658996006|24427&4&394.39674629377885|24433&4&1148.7991109425639|24435&4&723.7557108358827|24436&4&971.1941317271028|24437&4&545.9192010852536|24446&4&230.33888900885262|24448&4&203.52591307464152|24449&4&934.6811904811423|24454&4&123.60982363916534|24455&4&20.803873296194713|24461&4&1952.3056849216478|24462&4&21.983105372442427|24483&4&115.01588464736315|24489&4&38.967178823697864|24496&4&326.8795684242223|24500&4&359.13819433082784,2|24399&4&3072.137766084061|24405&4&511.0696563820227|24406&4&750.9743013098614|24428&4&1015.8718712127486|24431&4&-5.3290705182007514E-14|24434&4&1557.7048278284974|24443&4&159.48669782400665|24444&4&861.7860362125082|24456&4&826.6888141797232|24464&4&166.69785814973108|24469&4&85.5052367408348|24470&4&261.37015629411536|24482&4&515.7436475099493|24490&4&885.4659372929193|24495&4&659.481783001972,2|24397&4&653.9349335194734|24402&4&440.89209052166643|24404&4&357.1110781452084|24414&4&168.37809679802712|24416&4&209.26238094661835|24418&4&1402.9444271923358|24424&4&394.5368255181566|24427&4&37.24826888523114|24428&4&62.031161314407655|24430&4&232.69771224693352|24432&4&1929.2491267304383|24440&4&325.8350319801723|24441&4&293.08418869036893|24459&4&6.946153895406439|24463&4&575.8276891387184|24479&4&480.0652042846082|24485&4&630.9147465805228|24494&4&30.004772756571192|24511&4&22.63131122340999|24512&4&34.80484395093667,2|24400&4&1491.4937062371966|24403&4&576.4950371193346|24413&4&520.1716513448531|24414&4&115.07903957248273|24421&4&60.005433329215634|24426&4&9.330081784993295|24427&4&868.2183508732885|24446&4&879.9351839225579|24451&4&1781.583780878119|24452&4&883.7021737109162|24460&4&192.45861294981685|24467&4&2407.3127333480247|24482&4&1174.577831432565|24483&4&1259.17191905551|24485&4&1704.7089237449034|24489&4&211.8619622620344|24497&4&30.03760970669719|24503&4&56.50296074666507,2|24410&4&37.681198870113455|24417&4&2619.404119322136|24419&4&462.22891403343067|24431&4&1952.6224007952287|24434&4&1764.1001881761795|24436&4&63.42309003847075|24439&4&667.262897861535|24445&4&43.86636825800398|24458&4&120.26356583674524|24459&4&780.6733982077183|24468&4&892.9975779339352|24484&4&2204.2733881278623|24491&4&457.26502279203925|24498&4&281.88417348287027|24502&4&8.812624886557638|24512&4&326.0427047307576,2|24401&4&692.6600340636576|24402&4&255.84232949298791|24405&4&633.7929709846494|24413&4&245.201800008461|24415&4&1000.9219872141591|24424&4&612.0936944317963|24430&4&0.0|24453&4&2413.4071310781223|24462&4&489.0759114396766|24464&4&143.1346246636474|24471&4&633.9496523175774|24472&4&424.25366030243725|24475&4&663.2011736070181|24477&4&968.562004479871|24493&4&21.5641428349679|24511&4&779.2114534626801
186|4,130,1,1,1,1,1,1,1,1,1,1,1,1,1,1,1,1,1,1,1,1,1,1,1,1,1,1,1,1,1,1,1,1,1,1,1,1,1,1,1,1,1,1,1,1,1,1,1,1,1,1,1,1,1,1,1,1,1,1,1,1,1,1,1,1,1,1,1,1,1,1,1,1,1,1,1,1,1,1,1,1,1,1,1,1,1,1,1,1,1,1,1,1,1,1,1,1,1,1,1,1,0,0,0,0,0,0,0,0,0,0,0,0,0,0,0,0,0,0,0,0,2|24398&4&532.0967836714747|24408&4&606.0812428596906|24409&4&1198.625804366732|24419&4&663.9510078339248|24420&4&469.9160106490769|24429&4&1707.1869866193974|24432&4&729.3349714276804|24436&4&227.8768548572931|24442&4&1806.6823234123985|24454&4&221.6696995659957|24457&4&254.23929260096864|24462&4&362.27017482611376|24465&4&1040.3654259446485|24467&4&396.58034510674736|24483&4&657.3611298105454|24509&4&-8.43769498715119E-15,2|24404&4&1434.9967318336367|24410&4&1331.7718012717708|24411&4&1500.7917629751173|24414&4&600.6386411089686|24421&4&546.8623945578337|24422&4&614.1245204726712|24423&4&1695.5037496875066|24440&4&706.2599396736823|24441&4&201.14539779513171|24448&4&563.3229123379934|24457&4&11.398218169427494|24460&4&581.1880549887453|24476&4&1664.3074931267229|24478&4&1512.6255579565254|24479&4&1660.9630552664194|24480&4&518.0941338934703|24492&4&384.5105248038521|24512&4&57.926133645657934,2|24403&4&166.10235390827592|24404&4&460.893355020591|24410&4&16.77558963009713|24411&4&44.883797919155185|24412&4&1069.3392064047557|24413&4&0.0|24415&4&70.78251535738019|24416&4&1245.868634413687|24423&4&435.56337876596757|24435&4&789.4793263056625|24442&4&141.5764711323775|24445&4&1176.6823300011663|24450&4&1387.4451545875709|24464&4&203.54091312980657|24466&4&213.6271660456393|24478&4&442.5743194721136|24486&4&1520.0862304515035|24488&4&425.3814808779244|24489&4&241.03036616448634|24493&4&1081.7539277767044|24494&4&827.3174039027147|24500&4&164.2567131493744,2|24407&4&878.4171767618894|24409&4&733.0069248232776|24412&4&41.92999567175072|24426&4&694.864640038876|24430&4&924.5588329003522|24432&4&39.43519535113292|24438&4&643.7456946438368|24443&4&1664.5023233118036|24450&4&151.10001809210758|24455&4&1045.9169890711864|24473&4&1357.4591256724311|24477&4&649.9053402559871|24488&4&812.4764118633811|24489&4&450.9766962435473|24493&4&432.23946514784086|24497&4&58.663492144647236,2|24398&4&74.37366101413284|24402&4&330.73165374089956|24427&4&336.9584620841905|24433&4&1176.3172407867373|24435&4&643.4286037786555|24436&4&914.8440097935186|24437&4&478.2653560862612|24446&4&213.886111222506|24448&4&192.70457414127165|24449&4&1024.8412735041488|24454&4&114.80071167008985|24455&4&0.0|24461&4&1789.6489446114183|24462&4&14.655403581628274|24483&4&94.13704652475593|24489&4&23.76631118541933|24496&4&304.6441248906852|24500&4&427.71849468626726,2|24399&4&2851.0676401503792|24405&4&483.17507790013985|24406&4&688.1182064890266|24428&4&921.2590132195967|24434&4&1999.6736044356091|24443&4&105.58720015679171|24444&4&791.3966402408746|24456&4&911.7208012164594|24464&4&145.1614563314019|24469&4&67.35030958524726|24470&4&242.978227622573|24482&4&425.07074428904264|24490&4&871.9557637033311|24495&4&611.5809865454789,2|24397&4&727.1941108699747|24402&4&623.7703336095806|24404&4&269.7716702413587|24414&4&119.5034499229735|24416&4&508.72207419520873|24418&4&1450.0189122555187|24424&4&488.21326318136494|24427&4&35.385855440969586|24428&4&104.15735589378335|24430&4&194.06205788383443|24432&4&1994.7558916591636|24440&4&279.9275192591537|24441&4&244.12107070697195|24459&4&3.4730769477032073|24463&4&517.3637076739614|24466&4&4.175005766344507|24479&4&388.0795386776482|24485&4&730.0586882477186|24487&4&112.61993874450064|24494&4&19.04517921111036|24511&4&104.08801173114162|24512&4&22.981603018214226,2|24400&4&1344.0356311639414|24403&4&625.8960625074496|24413&4&528.0082097429602|24414&4&107.38844629251062|24421&4&40.79112360484011|24426&4&2.4868995751603507E-14|24427&4&813.1311627575586|24446&4&815.9042563234841|24451&4&2033.6720377289453|24452&4&892.2583692972122|24460&4&143.94695016818838|24467&4&2446.5364173783346|24482&4&1440.9496685711974|24483&4&1177.2231422599684|24485&4&1554.8583468990453|24489&4&198.517462268706|24497&4&27.948652261747938|24503&4&47.96057435483,2|24410&4&17.32207557701298|24417&4&2914.2898703446754|24419&4&386.2745631718911|24431&4&2023.7902985222854|24434&4&1571.14658399575|24436&4&38.213457774631394|24439&4&665.4932236684932|24445&4&31.141886862268557|24458&4&225.08389672413017|24459&4&716.1880272631619|24468&4&811.6278671595117|24484&4&2025.6865314848983|24491&4&427.27756097169345|24498&4&252.51916593990484|24502&4&5.976127191606283|24512&4&304.54797976793924,2|24401&4&630.874794069839|24402&4&209.2977414159803|24405&4&556.9800261355839|24413&4&204.52099424558318|24415&4&897.7000882461277|24424&4&524.5418581960388|24453&4&2184.57545458088|24462&4&459.63826590478544|24464&4&135.25917789086418|24471&4&580.3920295620084|24472&4&519.513517325327|24475&4&612.8267966544681|24477&4&853.4167162100418|24493&4&-7.815970093361102E-14|24511&4&716.8488896223157
187|4,130,1,1,1,1,1,1,1,1,1,1,1,1,1,1,1,1,1,1,1,1,1,1,1,1,1,1,1,1,1,1,1,1,1,1,1,1,1,1,1,1,1,1,1,1,1,1,1,1,1,1,1,1,1,1,1,1,1,1,1,1,1,1,1,1,1,1,1,1,1,1,1,1,1,1,1,1,1,1,1,1,1,1,1,1,1,1,1,1,1,1,1,1,1,1,1,1,1,1,1,1,0,0,0,0,0,0,0,0,0,0,0,0,0,0,0,0,0,0,0,0,2|24398&4&572.9729163297518|24408&4&777.0760226930898|24409&4&1085.832702493125|24419&4&722.2416943797407|24420&4&425.68667744207437|24429&4&1567.059114460934|24432&4&637.6281392456848|24436&4&205.78873068723718|24442&4&1785.9288108771643|24454&4&196.74498805944341|24457&4&218.04401974917772|24462&4&323.1597910558608|24463&4&78.70619613263545|24465&4&1206.7933800799651|24467&4&323.42080930228894|24483&4&580.5946863808998,2|24404&4&1328.2143488860795|24410&4&1334.2904045837465|24411&4&1407.6086828640907|24414&4&857.0313877388394|24421&4&509.6375747515286|24422&4&562.4177053524337|24423&4&1809.2483007425178|24440&4&750.0137610187331|24441&4&184.0388024022649|24448&4&506.02774238591337|24457&4&5.6991090847137285|24460&4&749.79930230021|24476&4&1619.4508920874719|24478&4&1495.1045230102984|24479&4&1677.9014362934113|24480&4&552.8436103553563|24492&4&459.8444385801197|24512&4&46.40883391192962,2|24403&4&142.44498175772884|24404&4&564.4992784013241|24410&4&8.387794815048577|24411&4&30.813752327903217|24412&4&992.1086532469953|24415&4&251.36521922741207|24416&4&1138.4444264494516|24423&4&365.13684579440434|24435&4&920.4894543263472|24442&4&92.17662819466241|24445&4&1131.1081334100636|24450&4&1336.6500037307296|24464&4&188.93626673437717|24466&4&195.2596157359834|24478&4&357.3648185019931|24486&4&1444.2974799365857|24488&4&346.94165710371306|24489&4&201.62811611490235|24493&4&1294.9011367009693|24494&4&931.4416074449406|24500&4&137.95862334435017,2|24407&4&883.2692662870813|24409&4&694.3271302365963|24412&4&20.01410900616752|24426&4&807.0913607474617|24430&4&972.0640800828867|24432&4&14.508910738304648|24438&4&563.6912636880016|24443&4&1614.8084733994797|24450&4&94.27343770102698|24455&4&1194.0302141713669|24473&4&1314.4057135105625|24477&4&655.4674103764087|24488&4&1008.5217824835132|24489&4&456.7807727593833|24493&4&372.57155359602024|24497&4&55.13504182572207,2|24398&4&45.34158149659143|24399&4&167.3617580068128|24402&4&303.32901089183906|24427&4&282.8101539632174|24433&4&1138.5838312086785|24435&4&567.3922095090758|24436&4&1160.5685281033434|24437&4&410.6115110872688|24441&4&77.79180818093124|24446&4&197.4333334361594|24448&4&181.8832352079018|24449&4&1023.1649302564468|24454&4&105.99159970101438|24461&4&1618.230195848179|24462&4&7.327701790814117|24483&4&73.25820840214872|24489&4&8.565443547140754|24490&4&51.181116836970546|24496&4&282.40868135714805|24500&4&436.3706835378467,2|24399&4&2575.188805179316|24405&4&455.2804994182571|24406&4&625.2621116681922|24428&4&826.6461552264446|24434&4&2331.346594667396|24443&4&68.58972226700477|24444&4&721.007244269241|24456&4&844.4302915142672|24464&4&124.86550719531007|24469&4&49.1953824296597|24470&4&224.58629895103064|24482&4&348.2627084372954|24490&4&795.4710333985072|24495&4&631.2053872677119|24501&4&13.697035914687149,2|24397&4&815.0190629972518|24402&4&676.6417886238346|24404&4&205.31382243694293|24414&4&77.05763348373446|24416&4&668.9517249190305|24418&4&1574.6649284208247|24424&4&629.512105810413|24427&4&171.25435977230563|24428&4&294.6821913015009|24430&4&161.69575637996314|24432&4&2096.144089417491|24440&4&234.60778246422646|24441&4&195.15795272357497|24459&4&-2.398081733190338E-14|24463&4&458.89972620920435|24466&4&10.845115216072427|24479&4&298.8851466954047|24485&4&690.2276222677424|24487&4&106.98894180727561|24494&4&8.085585665649553|24511&4&181.72171186149396|24512&4&11.158362085491781,2|24400&4&1196.577556090686|24403&4&613.2792106694839|24413&4&575.0510354218845|24414&4&99.69785301253853|24421&4&21.5768138804646|24427&4&758.0439746418288|24446&4&926.2957758825887|24451&4&1982.3658122081783|24452&4&1102.2551888377443|24460&4&97.33623958637487|24467&4&2527.925808615862|24474&4&4.897105396419953|24482&4&1617.4340172061911|24483&4&1145.9885304937488|24485&4&1411.2856248770122|24489&4&185.17296227537759|24497&4&25.859694816798687|24503&4&39.41818796299494,2|24410&4&5.6843418860808015E-14|24417&4&2683.837135111092|24419&4&320.7006684375574|24431&4&2078.8814355950726|24434&4&1387.1125754736754|24436&4&13.003825510791987|24439&4&603.7569034752828|24445&4&18.962377703469294|24458&4&212.29858275335505|24459&4&694.9422824326166|24468&4&734.7079391556214|24484&4&1850.2442296347126|24491&4&397.2900991513476|24498&4&227.7570867571817|24502&4&5.122394735662528|24512&4&283.0532548051209,2|24401&4&604.8638781467009|24402&4&173.24493111959035|24405&4&481.76343288789997|24413&4&163.84018848270534|24415&4&801.6252068940762|24424&4&442.050355502564|24438&4&118.49196131104372|24453&4&2217.097220518771|24462&4&430.2006203698944|24464&4&132.49855172709414|24471&4&526.8344068064395|24472&4&584.0189075641276|24475&4&562.4524197019182|24477&4&738.3886273404404|24511&4&654.4863257819515
188|4,130,1,1,1,1,1,1,1,1,1,1,1,1,1,1,1,1,1,1,1,1,1,1,1,1,1,1,1,1,1,1,1,1,1,1,1,1,1,1,1,1,1,1,1,1,1,1,1,1,1,1,1,1,1,1,1,1,1,1,1,1,1,1,1,1,1,1,1,1,1,1,1,1,1,1,1,1,1,1,1,1,1,1,1,1,1,1,1,1,1,1,1,1,1,1,1,1,1,1,1,1,0,0,0,0,0,0,0,0,0,0,0,0,0,0,0,0,0,0,0,0,2|24398&4&532.8183640424772|24408&4&778.5028325608935|24409&4&973.0396006195185|24419&4&814.2698945407332|24420&4&381.45734423507184|24427&4&281.4217104472798|24429&4&1434.3979303584938|24432&4&545.9213070636891|24436&4&183.70060651718126|24442&4&2053.2320226385946|24454&4&171.8202765528911|24457&4&274.69995402068037|24462&4&284.04940728560786|24463&4&147.34939460490872|24465&4&1172.9139383028207|24467&4&256.5036377180596|24483&4&503.82824295125414,2|24404&4&1221.4319659385228|24410&4&1504.9094780386354|24411&4&1314.425602753064|24414&4&1059.3024046408507|24421&4&627.695117127492|24422&4&510.71089023219645|24423&4&1877.8056467296892|24440&4&712.5699459052288|24441&4&166.93220700939816|24447&4&24.612522096954862|24448&4&448.73257243383335|24457&4&-3.730349362740526E-14|24460&4&688.4351589008114|24476&4&1663.4172394216248|24478&4&1667.6510789682386|24479&4&1840.901194809098|24480&4&649.1301999347596|24492&4&523.1966713881835|24512&4&34.8915341782013,2|24403&4&118.7876096071818|24404&4&656.7397331138819|24410&4&2.4868995751603507E-14|24411&4&20.52498347343832|24412&4&1178.4974484922968|24415&4&548.7494963717936|24416&4&1037.1461550528686|24423&4&294.7103128228411|24435&4&870.9177865216384|24442&4&42.77678525694734|24445&4&1394.2130192924947|24450&4&1630.9432037179386|24464&4&174.33162033894777|24466&4&176.89206542632752|24478&4&273.5958298544729|24486&4&1442.826238262369|24488&4&273.6456684070326|24489&4&162.22586606531831|24493&4&1358.4706534746965|24494&4&1024.5666034094108|24500&4&111.66053353932594,2|24407&4&813.7547152067506|24409&4&655.6473356499151|24412&4&4.58263079841839|24426&4&881.9043464895537|24430&4&922.4817710885362|24432&4&2.5644202486312397|24438&4&494.63838844859737|24443&4&1543.2237235198036|24450&4&42.83977576989264|24455&4&1158.1181613876483|24473&4&1198.3431515864543|24477&4&675.8216392637714|24488&4&1060.3720593554165|24489&4&552.3694555193833|24493&4&324.6484536341888|24497&4&51.60659150679689,2|24398&4&27.29568735426276|24399&4&408.87067992981366|24402&4&275.92636804277856|24427&4&232.37313305338614|24433&4&1041.6141465170285|24435&4&504.210949268174|24436&4&1186.1618501494247|24437&4&555.5956374958694|24441&4&426.5006838776044|24446&4&180.98055564981277|24448&4&171.061896274532|24449&4&1195.7758749265631|24454&4&97.1824877319389|24461&4&1751.262867675549|24462&4&-4.085620730620576E-14|24483&4&52.37937027954152|24489&4&0.0|24490&4&152.14754961501959|24496&4&260.1732378236109|24500&4&526.1997597318925,2|24399&4&2304.6418399150575|24405&4&467.90781044785734|24406&4&562.4060168473576|24428&4&738.5068408420368|24434&4&2430.738184352369|24443&4&40.51586478268836|24444&4&650.6178482976075|24456&4&825.9069554813769|24464&4&104.56955805921825|24469&4&31.040455274072162|24470&4&206.19437027948823|24482&4&281.9729702925804|24490&4&723.4182307312495|24495&4&562.182443106899|24501&4&13.012184118952792,2|24397&4&753.8654053359733|24402&4&705.1425910740838|24404&4&150.1689481218091|24414&4&43.07890360749914|24416&4&814.405958853627|24418&4&1637.924212832229|24424&4&593.2582721851454|24427&4&162.5054004392642|24428&4&490.73617842245284|24430&4&129.32945487609186|24432&4&1959.3955912621386|24440&4&189.2880456692992|24441&4&146.19483474017798|24463&4&402.1210607045678|24466&4&11.468761410117798|24479&4&219.32957920396257|24485&4&650.3965562877663|24487&4&101.35794487005057|24494&4&4.263256414560601E-14|24511&4&172.3844058059752|24512&4&5.579181042745926,2|24400&4&1049.1194810174304|24403&4&836.6289293539731|24413&4&741.6274616463801|24414&4&92.00725973256642|24421&4&7.393659582951573|24427&4&702.956786526099|24446&4&912.0358820826076|24451&4&1821.0695447589546|24452&4&1105.4626160073542|24460&4&54.62501453689626|24467&4&2682.3228031441586|24474&4&30.458651592997146|24482&4&1737.6186074852294|24483&4&1488.549412981718|24485&4&1267.7129028549793|24489&4&171.8284622820492|24497&4&23.77073737184944|24503&4&30.87580157115988,2|24417&4&2453.384399877509|24419&4&259.98267054858434|24431&4&2261.526164893909|24434&4&1212.3725855740347|24436&4&4.618527782440651E-14|24439&4&704.4908654374882|24445&4&6.7828685446700305|24458&4&199.51326878257987|24459&4&628.2949301823595|24460&4&260.8914906142079|24468&4&657.7880111517313|24484&4&1675.2814464613393|24491&4&367.3026373310018|24498&4&202.99500757445858|24502&4&4.268662279718774|24512&4&261.5585298423026,2|24401&4&664.6269498596371|24402&4&137.1921208232004|24405&4&406.5468396402161|24413&4&123.15938271982752|24415&4&709.0075999601788|24424&4&368.7723239666421|24438&4&153.10327613775252|24453&4&2179.9367176250125|24462&4&527.3790573849997|24464&4&124.36736392386022|24471&4&473.2767840508706|24472&4&527.2250835592063|24475&4&515.3144999685586|24477&4&634.3933962880394|24511&4&592.1237619415871
189|4,130,1,1,1,1,1,1,1,1,1,1,1,1,1,1,1,1,1,1,1,1,1,1,1,1,1,1,1,1,1,1,1,1,1,1,1,1,1,1,1,1,1,1,1,1,1,1,1,1,1,1,1,1,1,1,1,1,1,1,1,1,1,1,1,1,1,1,1,1,1,1,1,1,1,1,1,1,1,1,1,1,1,1,1,1,1,1,1,1,1,1,1,1,1,1,1,1,1,1,1,1,0,0,0,0,0,0,0,0,0,0,0,0,0,0,0,0,0,0,0,0,2|24398&4&535.4077596165331|24408&4&735.8250052264204|24409&4&860.2464987459118|24419&4&800.3117895402332|24420&4&337.2280110280693|24427&4&267.49273309250714|24429&4&1409.383152278662|24432&4&454.2144748816935|24436&4&161.6124823471253|24442&4&2357.599159896746|24454&4&146.8955650463388|24457&4&341.5763515481555|24462&4&244.9390235153549|24463&4&383.62997031386476|24465&4&1083.6656168369334|24467&4&196.94987779623276|24483&4&427.06179952160846|24511&4&50.67183826201153,2|24404&4&1114.6495829909659|24410&4&1599.4223084220403|24411&4&1221.2425226420373|24414&4&1272.395190776188|24421&4&699.0155917266943|24422&4&459.0040751119591|24423&4&1795.1511077038622|24440&4&656.5972265701404|24441&4&149.82561161653135|24447&4&23.38189599210712|24448&4&391.4374024817533|24460&4&627.0710155014127|24476&4&1609.7430245352773|24478&4&1582.4833956870143|24479&4&2004.572758621045|24480&4&816.3157930203743|24492&4&487.7355863647312|24512&4&23.37423444447298,2|24403&4&95.13023745663473|24404&4&900.7370057775229|24411&4&13.123347971014411|24412&4&1211.9261061508896|24415&4&520.4978044023222|24416&4&943.5976901253744|24423&4&233.53947578789663|24435&4&1010.9842161557741|24442&4&10.843282927112952|24445&4&1283.5604253961405|24450&4&1865.0784009885306|24464&4&159.72697394351837|24466&4&158.52451511667164|24478&4&205.77969892221296|24486&4&1614.2371089045803|24488&4&209.37568058456594|24489&4&122.8236160157343|24493&4&1376.932574349146|24494&4&1130.695354037699|24500&4&87.88041388373452,2|24407&4&746.8276994478676|24409&4&616.967541063234|24412&4&3.375077994860476E-14|24426&4&802.1180962470393|24430&4&923.6813774104698|24432&4&-1.687538997430238E-14|24438&4&431.9445460082731|24443&4&1737.1968617429447|24450&4&12.865579315040641|24455&4&1302.0196907428551|24473&4&1182.2623634848733|24477&4&1130.1653949786444|24488&4&1065.6134128354083|24489&4&666.3213181252167|24493&4&281.7406265736164|24497&4&48.07814118787172,2|24398&4&11.639381683098202|24399&4&707.1268846320536|24402&4&248.52372519371804|24420&4&80.93394779567683|24427&4&186.77981787017757|24433&4&944.6444618253787|24435&4&441.02968902727207|24436&4&1192.098791068518|24437&4&488.66171581722523|24441&4&437.28053934839534|24446&4&164.52777786346616|24448&4&160.24055734116212|24449&4&1205.455037696144|24454&4&258.899635578953|24461&4&1609.938983344412|24483&4&39.28452770965616|24490&4&166.17975624670999|24496&4&237.93779429007378|24500&4&586.7117151569611,2|24399&4&2045.155391539043|24405&4&647.9193011596801|24406&4&648.1656306664845|24428&4&661.5539244520664|24434&4&2364.3606767944893|24443&4&16.635032046098182|24444&4&580.2284523259739|24456&4&864.4297351570542|24464&4&84.27360892312643|24469&4&337.6673885817633|24470&4&187.8024416079458|24482&4&228.67434379732038|24490&4&654.3141905213647|24495&4&497.2667047474887|24501&4&12.327332323218435,2|24397&4&692.7117476746947|24402&4&797.075291669842|24404&4&108.23018513944764|24414&4&21.525889187945808|24416&4&770.1011067164015|24418&4&1496.9935776228108|24424&4&856.0350772572217|24427&4&153.75644110622278|24428&4&465.01827757548244|24430&4&96.9631533722206|24432&4&1822.6470931067859|24440&4&143.96830887437193|24441&4&114.33288131139024|24463&4&355.8904627301459|24466&4&10.857251161435073|24479&4&161.96680576416932|24485&4&625.1314090561989|24487&4&115.3956723518385|24511&4&163.04709975045645|24512&4&3.375077994860476E-14,2|24400&4&1273.6945182906143|24403&4&957.1645661083155|24413&4&908.7377846660897|24414&4&84.31666645259432|24421&4&2.8421709430404007E-14|24427&4&647.869598410369|24446&4&1216.7870179995805|24451&4&1691.2403049624443|24452&4&1219.7860281674862|24460&4&29.181812129865133|24467&4&2807.4817236386166|24474&4&28.923476249856236|24482&4&1799.9390787528723|24483&4&1382.7126595579616|24485&4&1124.1401808329465|24489&4&158.4839622887208|24497&4&21.68177992690019|24503&4&22.38474722723307,2|24417&4&2389.4208675105765|24419&4&202.25431089395735|24426&4&74.28885432161081|24431&4&2261.6934002833013|24434&4&1039.6650305512187|24439&4&685.205021319131|24445&4&3.015046431397374|24458&4&186.72795481180475|24459&4&739.8345685535612|24460&4&450.61689102028447|24468&4&580.8680831478409|24484&4&1500.3186632879665|24491&4&337.315175510656|24498&4&178.2329283917354|24502&4&3.4149298237750205|24512&4&240.06380487948434,2|24401&4&761.5631670457165|24402&4&101.13931052681045|24405&4&340.53214744534597|24413&4&91.76399367312055|24415&4&626.4159401188156|24424&4&297.3330070726429|24438&4&236.87646216689197|24453&4&2551.4197642515264|24462&4&491.6106077226086|24464&4&184.7113732589002|24468&4&82.14935090083236|24471&4&419.71916129530166|24472&4&470.43125955428474|24475&4&469.1655509103245|24477&4&532.037752604443|24511&4&529.7611981012227
190|4,130,1,1,1,1,1,1,1,1,1,1,1,1,1,1,1,1,1,1,1,1,1,1,1,1,1,1,1,1,1,1,1,1,1,1,1,1,1,1,1,1,1,1,1,1,1,1,1,1,1,1,1,1,1,1,1,1,1,1,1,1,1,1,1,1,1,1,1,1,1,1,1,1,1,1,1,1,1,1,1,1,1,1,1,1,1,1,1,1,1,1,1,1,1,1,1,1,1,1,1,1,0,0,0,0,0,0,0,0,0,0,0,0,0,0,0,0,0,0,0,0,2|24398&4&0.0|24408&4&871.3195495385579|24409&4&747.453396872305|24419&4&854.2510510144275|24420&4&296.03005432078743|24427&4&373.34685570944674|24429&4&1536.3274333410623|24432&4&362.5076426996978|24436&4&139.68089431694926|24442&4&2254.163016085829|24454&4&121.9708535397865|24457&4&587.0475536538963|24462&4&205.82863974510195|24463&4&616.8393738460074|24465&4&1006.0198135441965|24467&4&152.52372569957822|24483&4&350.29535609196284|24511&4&48.138246348910954,2|24404&4&1007.8672000434091|24410&4&1478.4502467333393|24411&4&1128.0594425310105|24414&4&1197.6138646202976|24421&4&648.2111831855449|24422&4&407.2972599917217|24423&4&1724.3344850629333|24440&4&600.624507235052|24441&4&132.71901622366457|24447&4&22.151269887259375|24448&4&334.14223252967327|24460&4&565.706872102014|24476&4&1471.3816680370119|24478&4&1639.553527661078|24479&4&2259.1476427011826|24480&4&991.1440469458116|24492&4&479.5386218024255|24512&4&11.856934710744657,2|24403&4&71.4728653060877|24404&4&945.8825789304934|24411&4&8.292757026260457|24412&4&1141.3508384148681|24415&4&492.2461124328509|24416&4&852.9942163906491|24423&4&173.97221615846988|24435&4&1043.5029996935677|24442&4&6.750155989720952E-14|24445&4&1331.055957509282|24450&4&1904.4188621821036|24464&4&145.12232754808898|24466&4&140.15696480701578|24478&4&152.46675304185302|24486&4&1733.1027067060145|24488&4&155.57063815442132|24489&4&84.49851991776991|24493&4&1424.9241039700298|24494&4&1134.59180268277|24500&4&66.7887051591353,2|24407&4&681.1432698743811|24409&4&578.2877464765527|24426&4&723.8459838242214|24430&4&851.4936722588127|24438&4&378.2267411492264|24443&4&1796.2757307017923|24450&4&-9.592326932761353E-14|24455&4&1495.725558525589|24473&4&1062.7419089192465|24477&4&1218.8495689320157|24488&4&1194.7205957821257|24489&4&792.8897682130714|24493&4&239.7665184723166|24497&4&44.54969086894655,2|24398&4&0.0|24399&4&1073.5206095082146|24402&4&221.12108234465754|24420&4&76.88725040589298|24427&4&141.18650268696896|24433&4&847.6747771337291|24435&4&380.997870439125|24436&4&1159.4262980020012|24437&4&445.82179564176556|24441&4&414.14605717480663|24446&4&148.07500007711954|24448&4&322.8542513558042|24449&4&1368.002554790347|24454&4&477.7815743825413|24461&4&1712.504720586363|24483&4&26.189685139770805|24490&4&177.82402619331728|24496&4&215.70235075653665|24500&4&545.9772072059203,2|24399&4&1803.9819940114019|24405&4&863.912482127788|24406&4&722.4290967573352|24428&4&584.6010080620961|24434&4&2472.330843085273|24443&4&6.990272915306848|24444&4&642.1729219199703|24456&4&1001.2155067438612|24464&4&65.1064777762212|24469&4&403.33067912543277|24470&4&169.41051293640345|24482&4&183.50335884126457|24490&4&586.4607717898455|24495&4&432.3509663880786|24501&4&11.642480527484079,2|24397&4&673.5401483898736|24402&4&746.785764416162|24404&4&78.57216145910151|24414&4&6.309415558182174|24416&4&886.4368459496582|24418&4&1448.439147166945|24424&4&952.8937749280419|24427&4&145.00748177318133|24428&4&439.3003767285121|24430&4&67.59968167272453|24432&4&1812.5204926470315|24440&4&98.64857207944465|24441&4&83.97965945461395|24463&4&315.7152251192529|24466&4&10.245740912752348|24479&4&124.71435556748767|24485&4&1134.5354628902853|24487&4&108.78123919366281|24511&4&153.7097936949377,2|24400&4&1416.338439418054|24403&4&893.1457176666564|24413&4&850.0506074433002|24414&4&76.62607317262221|24427&4&592.7824102946391|24446&4&1228.800035546245|24451&4&1758.8007703650314|24452&4&1345.713243923392|24460&4&12.42702210312418|24467&4&2778.778870414865|24474&4&27.38830090671533|24482&4&1976.8701463972736|24483&4&1276.8759061342048|24485&4&982.8182109655218|24489&4&145.1394622953924|24497&4&19.59282248195094|24503&4&16.654923177384617,2|24417&4&2373.954913818769|24419&4&147.84905260084273|24426&4&316.1179262393181|24431&4&2331.3914357939025|24434&4&866.9574755284027|24439&4&618.1124789598052|24445&4&1.3322676295501878E-14|24458&4&173.9426408410296|24459&4&703.9299141332875|24460&4&574.0137997017268|24468&4&503.94815514395066|24484&4&1353.0097768817263|24491&4&307.32771369031013|24498&4&153.4708492090123|24502&4&2.5611973678312667|24512&4&218.56907991666603,2|24401&4&688.573720125645|24402&4&157.65642435780165|24405&4&285.53642399669866|24413&4&71.80776426025699|24414&4&127.20257019446478|24415&4&543.8242802774525|24424&4&229.12734845743023|24438&4&275.6420867929541|24453&4&2554.696033828968|24462&4&455.84215806021774|24464&4&173.1564255987526|24468&4&78.04188335579074|24471&4&366.16153853973276|24472&4&413.6374355493633|24475&4&423.0166018520906|24477&4&440.0003530899549|24511&4&473.48450234883796
191|4,130,1,1,1,1,1,1,1,1,1,1,1,1,1,1,1,1,1,1,1,1,1,1,1,1,1,1,1,1,1,1,1,1,1,1,1,1,1,1,1,1,1,1,1,1,1,1,1,1,1,1,1,1,1,1,1,1,1,1,1,1,1,1,1,1,1,1,1,1,1,1,1,1,1,1,1,1,1,1,1,1,1,1,1,1,1,1,1,1,1,1,1,1,1,1,1,1,1,1,1,1,0,0,0,0,0,0,0,0,0,0,0,0,0,0,0,0,0,0,0,0,2|24408&4&1001.4633263429399|24409&4&634.6602949986984|24415&4&46.16426126309293|24419&4&974.018404334426|24420&4&254.83209761350548|24427&4&353.272049101319|24429&4&1478.2042778428895|24432&4&281.08733138635483|24436&4&117.74930628677325|24442&4&2070.617626301741|24454&4&97.04614203323419|24457&4&666.7994211912633|24462&4&166.718255974849|24463&4&584.4346041139939|24465&4&1091.8633359609353|24467&4&109.74187612585038|24483&4&273.52891266231717|24511&4&246.52744509297176,2|24404&4&901.0848170958523|24410&4&1357.4781850446388|24411&4&1034.8763624199837|24414&4&1122.8325384644074|24421&4&608.0033002104456|24422&4&476.8093697853827|24423&4&1605.3534403999752|24440&4&639.4554159849599|24441&4&115.61242083079776|24447&4&63.14743725487402|24448&4&279.9546772922231|24460&4&504.3427287026154|24476&4&1333.020311538746|24478&4&1556.524073945743|24479&4&2101.0862249393344|24480&4&915.6220136318913|24492&4&510.80711237886896|24512&4&4.058594897233671,2|24403&4&48.07440490422678|24404&4&1124.9619680882388|24411&4&3.462166081506489|24412&4&1240.7609901117353|24415&4&463.9944204633796|24416&4&767.7590556875093|24423&4&116.77303815021659|24435&4&1222.0411455760257|24445&4&1212.4959573124534|24450&4&1870.4370686688533|24464&4&130.51768115265958|24466&4&0.0|24478&4&118.06671849236376|24486&4&1704.8866720284186|24488&4&105.18358738631841|24489&4&57.452257655536414|24493&4&1705.2648319337302|24494&4&1227.8968694257292|24500&4&48.35198118530484,2|24407&4&618.0411250283157|24409&4&751.6759618342107|24426&4&658.5416284278024|24430&4&1062.9659455661474|24438&4&330.7998503291519|24443&4&1705.9693696504842|24455&4&1591.2038869983944|24473&4&943.2214543536193|24477&4&1514.747297522616|24488&4&1290.7707200237653|24489&4&904.6630116845989|24493&4&199.65391299221102|24497&4&41.021240550021375,2|24399&4&1375.4994331224327|24402&4&193.718439495597|24420&4&253.92338408114867|24427&4&99.1098098437099|24433&4&883.4116553383652|24435&4&322.0649537299536|24436&4&1094.721304953889|24437&4&571.4230895901928|24441&4&392.0473620860393|24446&4&131.62222229077292|24448&4&310.6583614285825|24449&4&1456.8729588777837|24454&4&601.7215163802698|24461&4&1722.2290353098101|24483&4&13.09484256988545|24490&4&214.23536525832336|24496&4&193.4669072229995|24500&4&505.24269925487977,2|24399&4&1582.513329574793|24405&4&1012.2691639099314|24406&4&711.9880998741531|24428&4&507.6480916721257|24434&4&2711.121887756423|24443&4&4.660181943537912|24444&4&935.1761827561925|24456&4&1044.8784150568722|24464&4&46.12756148021643|24469&4&451.35876616287186|24470&4&151.01858426486106|24475&4&87.71696924449117|24482&4&149.32944724922038|24490&4&518.6073530583261|24495&4&370.54385426778487|24501&4&67.6776361087169,2|24397&4&614.4810936770887|24402&4&696.496237162482|24404&4&55.0485506236091|24414&4&2.3092638912203256E-14|24416&4&1022.6884214439224|24418&4&1450.5609882211118|24424&4&1032.4824669385728|24427&4&136.2585224401399|24428&4&630.8596144415699|24430&4&38.23620997322846|24432&4&1822.8713966731534|24440&4&53.328835284517375|24441&4&55.79100099690703|24463&4&287.0026624673229|24466&4&0.0|24479&4&98.93557884768636|24485&4&1515.1082662842207|24487&4&102.16680603548713|24511&4&144.37248763941895,2|24400&4&1438.8593929985236|24403&4&864.4756660763194|24413&4&791.3634302205106|24414&4&68.93547989265011|24427&4&537.6952221789094|24446&4&1307.9296127399439|24451&4&1716.597157268995|24452&4&1356.2836165255012|24460&4&-8.171241461241152E-14|24467&4&2557.377566547495|24474&4&25.85312556357442|24482&4&1940.9917883255475|24483&4&1171.0391527104484|24485&4&868.3736435116974|24489&4&131.794962302064|24497&4&17.503865037001688|24503&4&13.26603791077528,2|24417&4&2428.0386457301447|24419&4&96.08336420942773|24426&4&356.4760402516274|24431&4&2845.991264548461|24434&4&697.4047830917668|24439&4&598.5803423874386|24458&4&161.15732687025445|24459&4&661.2928213591701|24460&4&984.6321120853243|24468&4&427.0282271400605|24479&4&585.1575271922849|24484&4&1613.237126860562|24491&4&277.34025186996433|24498&4&166.23186122303827|24500&4&248.40184161444617|24502&4&1.7074649118875131|24512&4&197.07435495384772,2|24401&4&928.5276360174284|24402&4&158.37869882856077|24405&4&237.2612348671572|24413&4&51.851534847393474|24414&4&236.22382666837873|24415&4&461.23262043608946|24424&4&176.7617306418785|24438&4&260.539301729664|24453&4&2683.917975107609|24462&4&633.0812580570959|24464&4&251.6463564590407|24468&4&170.9682780774291|24471&4&405.57744170779335|24472&4&356.84361154444184|24475&4&378.3864959809638|24477&4&355.76282284389265|24511&4&417.2078065964531
192|4,130,1,1,1,1,1,1,1,1,1,1,1,1,1,1,1,1,1,1,1,1,1,1,1,1,1,1,1,1,1,1,1,1,1,1,1,1,1,1,1,1,1,1,1,1,1,1,1,1,1,1,1,1,1,1,1,1,1,1,1,1,1,1,1,1,1,1,1,1,1,1,1,1,1,1,1,1,1,1,1,1,1,1,1,1,1,1,1,1,1,1,1,1,1,1,1,1,1,1,1,1,0,0,0,0,0,0,0,0,0,0,0,0,0,0,0,0,0,0,0,0,2|24408&4&974.0055186845404|24409&4&521.8671931250917|24412&4&69.7104046691787|24415&4&132.77344500744795|24419&4&1116.0751602115615|24420&4&215.25062655805783|24427&4&413.0373707436788|24429&4&1482.3484175158956|24432&4&203.15155005143063|24436&4&95.81771825659723|24442&4&1887.0722365176534|24447&4&217.811874750762|24454&4&72.12143052668189|24457&4&684.0337132311544|24462&4&130.4086705143058|24463&4&552.0298343819804|24465&4&1156.5245843751534|24467&4&74.6077374628126|24483&4&196.76246923267152|24492&4&16.144910420585802|24511&4&233.94771364701313,2|24404&4&794.3024341482954|24410&4&1236.5061233559381|24411&4&941.6932823089571|24414&4&1048.0512123085173|24421&4&556.6690653909935|24422&4&420.31073719551796|24423&4&1994.7820818338432|24440&4&859.1160240031035|24441&4&98.50582543793098|24447&4&59.805471476403156|24448&4&227.1568877137388|24460&4&442.97858530321673|24476&4&1410.731625445246|24478&4&1491.7518707192344|24479&4&1943.0248071774856|24480&4&840.4677603638086|24492&4&470.57818225121173|24512&4&-7.105427357601002E-15,2|24403&4&28.053994327650216|24404&4&1319.2526351660533|24411&4&-2.398081733190338E-14|24412&4&1122.0743655524975|24415&4&435.7427284939082|24416&4&684.5348534951977|24423&4&59.57386014196332|24435&4&1263.6408686281975|24445&4&1275.5102042265203|24450&4&1714.0289918294366|24464&4&115.91303475723018|24478&4&89.36321035268332|24486&4&1630.2076142246146|24488&4&57.8194672983788|24489&4&35.909867709682615|24493&4&1594.3656966733515|24494&4&1332.072654400986|24500&4&32.780657087224014,2|24407&4&560.1420246157525|24409&4&901.9878537488473|24426&4&600.2798382947085|24430&4&1109.829711216236|24438&4&284.46133476668956|24443&4&1681.165858973585|24455&4&1481.0104874243093|24473&4&823.7009997879927|24477&4&1417.496077770053|24488&4&1582.051342839488|24489&4&1031.2263385357528|24493&4&166.41806262925866|24497&4&37.4927902310962,2|24399&4&1647.9463329631744|24402&4&166.3157966465365|24420&4&285.81898802807837|24427&4&62.72139689350293|24433&4&793.9478358246201|24435&4&273.952696633369|24436&4&1011.01060709479|24437&4&875.4657284499598|24441&4&553.8509493839299|24446&4&115.16944450442631|24448&4&504.4866807450203|24449&4&1500.5332707293023|24454&4&891.8632031685078|24461&4&1549.4299896547527|24483&4&9.592326932761353E-14|24490&4&260.2307666070356|24496&4&171.23146368946237|24500&4&464.50819130383906,2|24399&4&1382.2708453891253|24405&4&1020.6057160621087|24406&4&675.4959355927643|24428&4&430.69517528215533|24434&4&2810.36162906527|24443&4&2.3300909717689646|24444&4&994.5732597427323|24456&4&967.232347405851|24464&4&30.238137396503063|24469&4&426.9311137692872|24470&4&132.62665559331867|24475&4&126.26766272621005|24482&4&121.49256721896239|24490&4&451.69633358862177|24495&4&308.7367421474911|24501&4&126.21311623004681,2|24397&4&559.2508334077775|24402&4&646.2067099088017|24404&4&35.31395768053452|24416&4&1018.4895488896043|24418&4&1316.5192380191982|24424&4&1075.657370427385|24427&4&127.50956310709847|24428&4&790.2717046471929|24430&4&14.07458807691721|24432&4&1672.1202787797085|24440&4&16.1173114084575|24441&4&27.60234253920009|24463&4&258.29009981539286|24466&4&61.597847533282206|24479&4&79.1484630781491|24485&4&1424.6192167743047|24487&4&95.55237287731146|24511&4&135.0351815839002,2|24400&4&1320.3323161087164|24403&4&798.6893777920943|24413&4&749.4557959042212|24414&4&61.244886612678016|24427&4&482.6080340631795|24446&4&1203.074567112049|24450&4&123.32689537743158|24451&4&1547.9082772562952|24452&4&1531.7683023406032|24464&4&35.873461231555886|24467&4&2335.976262680125|24473&4&169.73770830674403|24474&4&24.31795022043351|24482&4&1969.5102961532298|24483&4&1065.202399286692|24485&4&753.9290760578734|24489&4&118.45046230873561|24497&4&15.41490759205244|24503&4&9.877152644165953,2|24417&4&2299.8718619223987|24419&4&51.375046268511966|24426&4&464.890402014753|24431&4&2910.2452222034435|24434&4&538.8402515707173|24439&4&529.1097797387648|24458&4&148.3720128994793|24459&4&650.8499631508184|24460&4&932.0635204718701|24468&4&367.7255884738874|24479&4&573.958194471026|24484&4&1447.426240039671|24491&4&338.32796059042994|24498&4&193.8040798823213|24500&4&347.7839689925851|24502&4&0.8537324559437596|24512&4&175.5796299910294,2|24401&4&1112.7120495916333|24402&4&217.11717758847456|24405&4&198.12451643754716|24413&4&31.895305434529963|24414&4&224.09462890947364|24415&4&385.09666606616315|24424&4&133.33490355152887|24438&4&469.3945337160138|24453&4&2471.051785063999|24462&4&586.6624309117415|24464&4&235.58916487287135|24468&4&599.269710449873|24471&4&621.8164550483374|24472&4&431.0601000701632|24475&4&339.7264880829412|24477&4&295.44781668304654|24484&4&192.6598405926094|24511&4&367.3973308367024
193|4,130,1,1,1,1,1,1,1,1,1,1,1,1,1,1,1,1,1,1,1,1,1,1,1,1,1,1,1,1,1,1,1,1,1,1,1,1,1,1,1,1,1,1,1,1,1,1,1,1,1,1,1,1,1,1,1,1,1,1,1,1,1,1,1,1,1,1,1,1,1,1,1,1,1,1,1,1,1,1,1,1,1,1,1,1,1,1,1,1,1,1,1,1,1,1,1,1,1,1,1,1,0,0,0,0,0,0,0,0,0,0,0,0,0,0,0,0,0,0,0,0,2|24398&4&128.14262863663234|24407&4&35.479584530208456|24408&4&955.0743884564878|24409&4&419.4362047530453|24412&4&251.82078028606298|24415&4&290.4550025026142|24419&4&1258.790994526523|24420&4&179.115806094419|24427&4&569.9264931380465|24429&4&1347.2448205451449|24432&4&130.961192714781|24436&4&73.8861302264212|24442&4&1703.5268467335657|24447&4&0.0|24454&4&47.19671902012959|24457&4&641.1813433348163|24462&4&96.86258589904702|24463&4&519.6250646499669|24465&4&1057.834206726088|24466&4&82.55525234713468|24467&4&39.47359879977479|24483&4&119.99602580302586|24492&4&113.83758916720528|24511&4&221.36798220105447,2|24404&4&687.5200512007386|24410&4&1275.9176824629978|24411&4&848.5102021979303|24414&4&973.2698861526271|24421&4&505.33483057154143|24422&4&475.9560694990517|24423&4&2236.4045630248397|24440&4&1085.1471915807515|24441&4&81.39923004506419|24447&4&0.0|24448&4&192.62824294134325|24460&4&386.9469292221128|24476&4&1660.758057638955|24478&4&1357.0926299606938|24479&4&1784.9633894156368|24480&4&765.3135070957258|24492&4&430.3492521235543,2|24403&4&10.926400643140784|24404&4&1462.033914101959|24412&4&1004.8476299447539|24415&4&407.4910365244369|24416&4&603.2095089306243|24423&4&20.95140766223835|24435&4&1360.0236617322887|24445&4&1519.8790475937926|24450&4&1561.119535750606|24464&4&101.3083883618008|24478&4&60.659702213002845|24486&4&1660.7530753371243|24488&4&28.637742229240033|24489&4&24.03944947213953|24493&4&1483.4665614129722|24494&4&1229.4904054736894|24500&4&19.96186944121841,2|24407&4&502.2429242031891|24409&4&842.7249043150225|24426&4&546.6538440080726|24430&4&1196.9263128030723|24438&4&246.67858338501617|24443&4&1689.7751163445432|24455&4&1385.3511632541695|24473&4&718.8268974156666|24477&4&1320.2448580174898|24488&4&1796.4912581192098|24489&4&972.0132732986515|24493&4&133.1822122663063|24497&4&33.96433991217103,2|24399&4&1878.0646484097974|24402&4&138.91315379747599|24420&4&270.4683269405442|24427&4&32.74284805307829|24433&4&704.4840163108751|24435&4&227.95287085969468|24436&4&927.2999092356908|24437&4&847.0788136628469|24441&4&761.8603432983768|24446&4&98.7166667180797|24448&4&607.164848271646|24449&4&1381.1253901520106|24454&4&874.851379346908|24461&4&1474.7307116785155|24490&4&245.1629669053246|24496&4&148.99602015592527|24500&4&423.77368335279846,2|24399&4&1202.836752837051|24405&4&1122.1165260927396|24406&4&610.0289889819169|24428&4&371.0567832380518|24434&4&3506.019454727416|24443&4&1.687538997430238E-14|24444&4&1148.50014602062|24456&4&889.5862797548298|24464&4&16.566927473468844|24469&4&402.5034613757025|24470&4&114.23472692177631|24475&4&119.73498716678831|24482&4&93.65568718870442|24490&4&394.94602113432387|24495&4&530.8782865518676|24501&4&184.3004967139412,2|24397&4&497.88748449559114|24402&4&595.9171826551217|24404&4&15.579364737459969|24416&4&992.8385250314526|24418&4&1333.3581098547497|24424&4&1254.6151976319006|24427&4&118.76060377405703|24428&4&926.999192244352|24430&4&6.039613253960852E-14|24432&4&1559.0981433056127|24440&4&1.2079226507921703E-13|24441&4&10.826710532589624|24463&4&229.57753716346275|24466&4&58.51795515661809|24479&4&59.36134730861181|24485&4&1334.1301672643885|24487&4&231.77431913015357|24511&4&125.69787552838145,2|24400&4&1289.6359802690895|24403&4&840.082773636202|24406&4&112.27481148565539|24413&4&689.9296415361067|24414&4&53.55429333270592|24427&4&427.5208459474496|24446&4&1098.2195214841536|24450&4&218.75320910721376|24451&4&1442.2840400570826|24452&4&1621.431519350031|24464&4&103.06012925579998|24467&4&2587.8269332076907|24473&4&171.28179967022015|24474&4&34.780706667733256|24481&4&109.75304369355123|24482&4&2037.7527029723708|24483&4&1137.3613880805206|24485&4&639.4845086040494|24489&4&105.10596231540723|24497&4&13.325950147103189|24503&4&6.488267377556626,2|24417&4&2323.0837328198413|24419&4&13.089834853826744|24426&4&439.72012360228416|24431&4&2760.8843162388844|24434&4&387.71371302723696|24439&4&559.4062291656255|24458&4&135.58669892870415|24459&4&583.0776703213635|24460&4&879.494928858416|24468&4&315.3135396122459|24479&4&644.0670570643192|24484&4&1303.1806330444197|24491&4&389.41672372823547|24498&4&219.38234366457073|24500&4&421.9225260359778|24502&4&5.995204332975845E-15|24512&4&154.0849050282111,2|24401&4&1037.6925749781853|24402&4&194.66115130632227|24405&4&158.98779800793707|24413&4&11.939076021666455|24414&4&211.96543115056855|24415&4&319.91489317471394|24424&4&101.34803661035265|24438&4&806.5068766603164|24453&4&2235.799971285786|24462&4&540.2436037663871|24464&4&219.53197328670197|24468&4&639.2682321924922|24471&4&580.864015752967|24472&4&558.640016666697|24475&4&301.0664801849186|24477&4&237.0726765989217|24484&4&183.02684856297896|24511&4&317.5868550769517
194|4,130,1,1,1,1,1,1,1,1,1,1,1,1,1,1,1,1,1,1,1,1,1,1,1,1,1,1,1,1,1,1,1,1,1,1,1,1,1,1,1,1,1,1,1,1,1,1,1,1,1,1,1,1,1,1,1,1,1,1,1,1,1,1,1,1,1,1,1,1,1,1,1,1,1,1,1,1,1,1,1,1,1,1,1,1,1,1,1,1,1,1,1,1,1,1,1,1,1,1,1,1,0,0,0,0,0,0,0,0,0,0,0,0,0,0,0,0,0,0,0,0,2|24398&4&122.77646798966121|24407&4&71.31000460892241|24408&4&884.6905202655582|24409&4&319.1193433424739|24412&4&583.7072668578213|24415&4&412.8733979983017|24419&4&1371.428535214943|24420&4&252.6693966944258|24427&4&705.6031744238819|24429&4&1212.1412235743942|24432&4&66.03071448325659|24436&4&51.954542196245185|24442&4&1838.0162402435217|24454&4&22.507563281506783|24457&4&598.3289734384783|24462&4&63.31650128378823|24463&4&487.2202949179534|24465&4&1221.9589856231253|24466&4&114.34600393774576|24467&4&12.469794945187294|24483&4&64.33498655460323|24492&4&174.3523052511717|24511&4&208.78825075509582|24514&4&135.3054288019614,2|24404&4&580.7376682531819|24410&4&1166.8346031122664|24411&4&755.3271220869036|24414&4&898.488559996737|24421&4&544.6157828846083|24422&4&442.3924276505669|24423&4&2345.151895285651|24440&4&1060.6592769156373|24441&4&64.29263465219739|24448&4&158.09959816894778|24460&4&330.9152731410087|24476&4&1575.8797079172352|24478&4&1259.773558083737|24479&4&1626.9019716537882|24480&4&690.1592538276429|24492&4&394.7995389782866,2|24403&4&4.675779962508737|24404&4&1641.7595964959078|24412&4&902.3418097538622|24415&4&379.23934455496556|24416&4&525.7815802257971|24423&4&1.266667465263963|24435&4&1265.1571795029563|24445&4&1480.0403745591636|24450&4&1417.884522191896|24464&4&86.70374196637141|24478&4&31.956194073322372|24486&4&1747.8707833987455|24488&4&16.274486227479763|24489&4&13.342719579084733|24493&4&1468.3289004654348|24494&4&1126.9081565463925|24500&4&10.015555576937466,2|24407&4&444.3438237906259|24409&4&783.4619548811975|24426&4&493.0278497214368|24430&4&1464.1005751698983|24438&4&223.5054521751144|24443&4&1674.390681322977|24455&4&1289.6918390840292|24473&4&615.3913097017808|24477&4&1222.9936382649266|24488&4&1754.8134166959333|24489&4&1082.434300998981|24493&4&99.9463619033539|24497&4&30.43588959324586,2|24399&4&2220.810195879464|24402&4&111.51051094841546|24420&4&255.11766585301012|24427&4&14.603852852799887|24433&4&875.1971790542259|24435&4&188.03683378706748|24436&4&843.5892113765918|24437&4&974.3921905354529|24441&4&893.1655594160615|24446&4&82.26388893173308|24448&4&569.9615625798754|24449&4&1378.056521327303|24454&4&1086.2248812928424|24461&4&1672.9164940235066|24490&4&230.09516720361353|24496&4&126.76057662238814|24500&4&383.0391754017578,2|24399&4&1032.5189952603712|24405&4&1070.8984913515023|24406&4&545.1512239550299|24428&4&319.01666931975507|24434&4&4036.3738104823988|24444&4&1247.2613467434467|24456&4&811.9402121038084|24464&4&9.065529235278463|24469&4&378.07580898211774|24470&4&95.84279825023394|24475&4&113.20231160736658|24482&4&66.90672953944008|24485&4&235.61589457513583|24490&4&338.195708680026|24495&4&780.456618330049|24501&4&174.4412754719242,2|24397&4&588.0416447325292|24402&4&545.6276554014416|24404&4&1.1013412404281553E-13|24416&4&984.4045662538165|24418&4&1470.7605640262984|24424&4&1398.0855335671968|24427&4&110.01164444101559|24428&4&875.5013509118942|24432&4&1654.6086980796663|24441&4&1.1368683772161603E-13|24463&4&200.86497451153267|24466&4&55.43806277995398|24479&4&39.57423153907452|24485&4&1243.6411177544724|24487&4&218.018067001427|24511&4&116.3605694728627,2|24400&4&1414.6974093492568|24403&4&965.6660460441226|24406&4&298.1714902734246|24413&4&772.9723282071443|24414&4&45.863700052733826|24427&4&372.43365783171976|24446&4&1199.0829360106864|24450&4&207.5072314134095|24451&4&1518.5697532528047|24452&4&1531.603259645467|24464&4&180.80751416232647|24467&4&2579.3266523356|24473&4&249.65398808584553|24474&4&32.64563473507032|24481&4&104.26539150887368|24482&4&1961.1249830505374|24483&4&1428.8805991021788|24485&4&525.0399411502256|24489&4&91.76146232207883|24497&4&11.23699270215394|24503&4&3.0993821109472988,2|24417&4&2214.0930571949966|24419&4&-4.618527782440651E-14|24426&4&414.54984518981524|24431&4&2763.6292395848013|24434&4&270.0912883297593|24439&4&758.8997166350711|24458&4&122.80138495792902|24459&4&591.8253537259623|24460&4&826.9263372449618|24468&4&262.90149075060447|24479&4&608.892770216046|24484&4&1159.4211353752958|24491&4&487.0347182973306|24498&4&243.35584733288732|24500&4&399.3048849774595|24512&4&132.59018006539281,2|24401&4&961.2913381531731|24402&4&532.0965558667032|24405&4&124.823332278132|24413&4&1.0743453476014697|24414&4&199.83623339166346|24415&4&271.29172481013194|24424&4&80.8010757813106|24438&4&815.7792059388898|24448&4&48.19422283429026|24453&4&2033.6002788651535|24462&4&524.1991384973282|24464&4&203.47478170053265|24468&4&604.9050062799489|24471&4&740.0801308830771|24472&4&567.4517251900711|24475&4&262.406472286896|24477&4&178.6975365147969|24484&4&173.3938565333485|24511&4&267.776379317201
195|4,130,1,1,1,1,1,1,1,1,1,1,1,1,1,1,1,1,1,1,1,1,1,1,1,1,1,1,1,1,1,1,1,1,1,1,1,1,1,1,1,1,1,1,1,1,1,1,1,1,1,1,1,1,1,1,1,1,1,1,1,1,1,1,1,1,1,1,1,1,1,1,1,1,1,1,1,1,1,1,1,1,1,1,1,1,1,1,1,1,1,1,1,1,1,1,1,1,1,1,1,1,0,0,0,0,0,0,0,0,0,0,0,0,0,0,0,0,0,0,0,0,2|24398&4&126.07918662229827|24407&4&67.65580541715077|24408&4&814.3066520746289|24409&4&223.99613584916105|24412&4&775.8806923180304|24415&4&391.02782005387917|24419&4&1262.011014856519|24420&4&220.24663138455145|24427&4&776.6765210823698|24429&4&1139.8699942360183|24432&4&17.637591937088615|24436&4&30.022954166069162|24442&4&2080.88602220731|24454&4&7.497118027616853|24457&4&555.4766035421403|24462&4&29.770416668529442|24463&4&454.8155251859399|24465&4&1184.858361596528|24466&4&131.69331655565355|24467&4&-7.460698725481052E-14|24483&4&38.22257067546737|24492&4&165.30771562584107|24511&4&287.40707060524|24514&4&151.63582390339823,2|24404&4&473.95528530562507|24410&4&1046.3966678755485|24411&4&662.1440419758767|24414&4&823.7072338408468|24421&4&579.6337915774873|24422&4&574.3259399050941|24423&4&2152.525519478967|24440&4&967.6254736156898|24441&4&47.186039259330606|24448&4&124.2212966203639|24460&4&274.8836170599047|24476&4&1467.1181380544724|24478&4&1652.6460995985115|24479&4&1468.8405538919396|24480&4&919.289549236986|24492&4&363.0565719391985,2|24403&4&1.6978709553378328|24404&4&1570.4297279423758|24412&4&806.0755102077258|24415&4&350.98765258549423|24416&4&451.57779357768123|24423&4&-7.105427357601002E-15|24435&4&1170.2906972736241|24445&4&1349.9979825765697|24450&4&1281.7709681872832|24464&4&72.09909557094201|24478&4&9.23188571164899|24486&4&1742.6214560104215|24488&4&13.019588981983814|24489&4&3.8632679510736523|24493&4&1538.1938222341641|24494&4&1207.1537288333934|24500&4&3.535488437424321,2|24407&4&386.44472337806263|24409&4&1182.0766806165195|24426&4&439.40185543480095|24430&4&1609.7305941367538|24438&4&204.33606639607905|24443&4&1736.0097101339416|24455&4&1194.0325149138894|24473&4&514.9512528587577|24477&4&1125.7424185123637|24488&4&1625.1008297395351|24489&4&1059.0946889640818|24493&4&76.56006466852156|24497&4&26.907439274320687,2|24399&4&2537.1684967803985|24402&4&84.10786809935496|24420&4&239.76700476547603|24427&4&5.856796673729013|24433&4&782.8331905784971|24435&4&151.4567625418979|24436&4&902.5540425549078|24437&4&923.1106246325103|24441&4&839.9193751024686|24446&4&65.81111114538646|24448&4&532.7582768881048|24449&4&1267.5682859272263|24454&4&1099.243312810997|24461&4&1523.4531694323025|24490&4&461.91188714883356|24496&4&104.52513308885102|24500&4&342.3046674507172,2|24399&4&873.6898752481499|24405&4&1034.1071544035767|24406&4&488.71072411336155|24428&4&267.3060456750241|24434&4&4307.795208007592|24444&4&1152.391083957161|24456&4&738.7534605509946|24464&4&6.799146926458861|24469&4&353.648156588533|24470&4&77.45086957869155|24475&4&121.57653173469329|24482&4&40.15777189017573|24484&4&115.39865097968914|24485&4&557.1340221999801|24490&4&281.44539622572813|24495&4&726.1627062409211|24501&4&164.58205422990721,2|24397&4&578.6161352152889|24402&4&495.3381281477615|24416&4&916.431500623871|24418&4&1491.8651864715957|24424&4&1388.0053521526388|24427&4&101.26268510797416|24428&4&819.7625010628296|24432&4&1819.2123865301328|24463&4&172.15241185960258|24466&4&52.35817040328987|24479&4&19.787115769537227|24485&4&1153.1520682445562|24487&4&204.26181487270043|24511&4&107.02326341734394,2|24400&4&1452.229219950448|24403&4&884.6843463085528|24406&4&282.9822287310392|24413&4&738.2794170624576|24414&4&38.17310677276173|24427&4&317.3464697159899|24446&4&1166.6808763685012|24450&4&204.41499480995023|24451&4&1760.2954449814224|24452&4&1500.2766400851156|24464&4&199.19631096300532|24467&4&2474.147207095705|24473&4&840.9195389299349|24474&4&0.0|24481&4&98.77773932419612|24482&4&2003.0159818935158|24483&4&1293.8312709897284|24485&4&421.9767086294251|24489&4&78.41696232875043|24497&4&9.14803525720469|24501&4&61.88934988622793|24503&4&2.7894438998525857,2|24417&4&2316.7979759843734|24426&4&435.0050773954333|24431&4&2543.1573508625634|24434&4&177.4715637577493|24439&4&1004.0406709401078|24458&4&110.01607098715388|24459&4&525.4542706510599|24460&4&774.3577456315074|24468&4&210.48944188896303|24479&4&573.7184833677727|24484&4&1015.6616377061719|24491&4&571.594091618501|24498&4&277.13631167774577|24500&4&376.68724391894125|24512&4&111.09545510257449,2|24401&4&1034.946125864818|24402&4&676.3423044183995|24405&4&95.3293445300431|24413&4&-1.3322676295501878E-15|24414&4&187.70703563275836|24415&4&231.3717189315114|24424&4&62.895993001067495|24438&4&768.6206852482466|24448&4&122.37677667108655|24453&4&2225.17637430717|24462&4&654.553612566327|24464&4&187.4175901143633|24468&4&729.896557828652|24471&4&674.4585974015911|24472&4&862.8721149209716|24475&4&223.74646438887336|24477&4&122.53026801422534|24484&4&163.76086450371804|24500&4&218.7207067656053|24511&4&221.3374568004604
196|4,130,1,1,1,1,1,1,1,1,1,1,1,1,1,1,1,1,1,1,1,1,1,1,1,1,1,1,1,1,1,1,1,1,1,1,1,1,1,1,1,1,1,1,1,1,1,1,1,1,1,1,1,1,1,1,1,1,1,1,1,1,1,1,1,1,1,1,1,1,1,1,1,1,1,1,1,1,1,1,1,1,1,1,1,1,1,1,1,1,1,1,1,1,1,1,1,1,1,1,1,1,0,0,0,0,0,0,0,0,0,0,0,0,0,0,0,0,0,0,0,0,2|24398&4&119.13191172103805|24407&4&529.5238820476798|24408&4&743.9227838836993|24409&4&145.36252640999618|24412&4&897.7298547573216|24415&4&369.18224210945664|24419&4&1443.8426230077896|24420&4&187.8238660746771|24427&4&769.7240860802186|24429&4&1572.199354794329|24432&4&0.8014221221663322|24436&4&8.09136613589314|24442&4&2354.3327351521066|24447&4&0.0|24454&4&-2.6645352591003757E-14|24457&4&512.6242336458024|24462&4&11.41171809961345|24463&4&422.4107554539264|24465&4&1084.1891105622199|24466&4&174.54827142775622|24483&4&15.386021082650368|24492&4&156.26312600051045|24511&4&367.37552761081474|24514&4&166.44315207554945,2|24404&4&371.9856159289112|24410&4&976.3440598553165|24411&4&568.96096186485|24414&4&748.9259076849567|24421&4&521.9429478216796|24422&4&558.6088757566179|24423&4&2130.0631730006935|24440&4&875.0411781254|24441&4&30.07944386646382|24448&4&93.74810811065579|24460&4&218.8519609788007|24476&4&1348.3111276225152|24478&4&1821.8302127880397|24479&4&1310.7791361300908|24480&4&1057.9805863762522|24492&4&331.3136049001105,2|24403&4&1.199040866595169E-14|24404&4&1742.2399075820042|24412&4&723.204512148722|24415&4&322.7359606160229|24416&4&381.6728433440243|24435&4&1089.0898066762315|24445&4&1219.9555905939758|24450&4&1157.1752640610027|24464&4&57.49444917551262|24478&4&6.750155989720952E-14|24486&4&1685.0391712235273|24488&4&9.764691736487865|24489&4&2.7533531010703882E-14|24493&4&1413.2290067209053|24494&4&1321.8945353933432|24500&4&1.3322676295501878E-14,2|24407&4&328.5456229654992|24409&4&1099.9198474242373|24426&4&385.77586114816506|24430&4&1489.1269545861455|24438&4&185.16668061704365|24443&4&1660.5502450756742|24455&4&1153.175793536953|24473&4&436.60542166066284|24477&4&1189.8041125620753|24488&4&1495.3882427831368|24489&4&981.1704768928216|24493&4&57.202392981315306|24497&4&23.378988955395513,2|24399&4&2540.833870189463|24402&4&56.705225250294426|24420&4&224.41634367794194|24427&4&2.928398336864477|24433&4&855.213023167136|24435&4&114.8766912967283|24436&4&1044.201587577274|24437&4&854.4729566133435|24441&4&786.6731907888757|24446&4&49.358333359039854|24448&4&495.55499119633424|24449&4&1153.9135219945597|24454&4&1180.243714843794|24461&4&1373.9898448410988|24490&4&685.7477187635017|24496&4&82.2896895553139|24500&4&301.57015949967655,2|24399&4&739.6511868490704|24405&4&1018.893615400086|24406&4&436.4148513442931|24428&4&215.5954220302932|24434&4&4591.574108557075|24444&4&1057.383369863743|24456&4&665.5667089981808|24464&4&4.532764617639243|24469&4&329.2205041949484|24470&4&282.5336579237565|24475&4&114.29851139093414|24482&4&17.093134442416805|24484&4&109.62871843070468|24485&4&929.0845234089446|24490&4&225.50898286778812|24495&4&657.4954189185561|24501&4&154.72283298789023,2|24397&4&515.1233308175405|24402&4&445.04860089408135|24416&4&981.8362787594959|24418&4&1528.306496056625|24424&4&1288.975037687149|24427&4&92.51372577493274|24428&4&764.0236512137649|24432&4&1970.2197586419354|24463&4&143.43984920767247|24466&4&49.278278026625756|24469&4&6.362123467024318|24479&4&-6.394884621840902E-14|24485&4&1062.6630187346402|24487&4&190.50556274397385|24511&4&97.68595736182519,2|24400&4&1321.889192036433|24403&4&803.702646572983|24406&4&267.7929671886538|24413&4&706.2507652580539|24414&4&30.482513492789632|24427&4&262.25928160026|24446&4&1419.7380747232237|24450&4&306.20494929168217|24451&4&1901.6974253908238|24452&4&1449.6695905458455|24464&4&188.41506756263328|24467&4&2490.6438237763696|24473&4&1073.3219269404447|24481&4&93.29008713951856|24482&4&1834.0806519340435|24483&4&1158.7819428772777|24485&4&332.15945974660576|24489&4&65.07246233542205|24497&4&7.059077812255439|24501&4&58.79488239191654|24503&4&2.479505688757854,2|24409&4&422.4945697670056|24417&4&2445.698818357968|24426&4&426.1715839704161|24431&4&2323.242992039971|24434&4&103.29834677092677|24439&4&926.6970199978653|24441&4&112.073078885636|24458&4&97.23075701637873|24459&4&460.8946453777909|24460&4&869.7145537375903|24468&4&170.38541028089062|24479&4&1192.7814277693396|24482&4&123.96144037444469|24484&4&881.821009440176|24491&4&736.0608162728345|24498&4&294.4008001478771|24500&4&354.06960286042295|24512&4&90.54689792744935,2|24401&4&951.0420878129726|24402&4&639.6020352084031|24405&4&65.83535678195423|24414&4&175.57783787385327|24415&4&191.45171305289088|24424&4&45.89053118304463|24438&4&721.4621645576033|24448&4&150.02508708953127|24453&4&2336.8533297278213|24459&4&257.857607182827|24462&4&800.3371093754155|24464&4&171.36039852819394|24468&4&842.1153142343363|24471&4&763.9742899730022|24472&4&1050.2777869420152|24475&4&185.8622234344047|24477&4&73.73209549370426|24484&4&372.93437545088875|24495&4&180.25082131802174|24500&4&207.78467142732504|24511&4&178.65482467584744
197|4,130,1,1,1,1,1,1,1,1,1,1,1,1,1,1,1,1,1,1,1,1,1,1,1,1,1,1,1,1,1,1,1,1,1,1,1,1,1,1,1,1,1,1,1,1,1,1,1,1,1,1,1,1,1,1,1,1,1,1,1,1,1,1,1,1,1,1,1,1,1,1,1,1,1,1,1,1,1,1,1,1,1,1,1,1,1,1,1,1,1,1,1,1,1,1,1,1,1,1,1,1,0,0,0,0,0,0,0,0,0,0,0,0,0,0,0,0,0,0,0,0,2|24398&4&112.18463681977784|24407&4&682.7423514888883|24408&4&772.3572660318489|24409&4&88.3339739315887|24412&4&946.5181204553248|24415&4&435.65408239153527|24419&4&1732.392325843142|24420&4&286.83997191040714|24427&4&1062.6282169326264|24429&4&1633.245440966995|24432&4&5.995204332975845E-15|24436&4&1.4210854715202004E-14|24442&4&2248.854866730639|24447&4&0.0|24457&4&557.7517194646051|24462&4&-7.460698725481052E-14|24463&4&390.0059857219129|24465&4&984.62260547697|24466&4&181.7715970576913|24483&4&2.4868995751603507E-14|24492&4&147.2185363751798|24511&4&453.1455116666196|24514&4&182.72951203927178,2|24404&4&293.42505846320415|24410&4&1068.2386262741968|24411&4&475.7778817538234|24414&4&674.1445815290665|24421&4&553.7457180369922|24422&4&800.4479651204681|24423&4&2236.166281126903|24437&4&121.67048455204662|24440&4&889.1022011149228|24441&4&13.339445273926529|24448&4&63.2749196009477|24460&4&175.2747682165362|24476&4&1291.8423838262254|24478&4&1667.3443116723483|24479&4&1152.7177183682422|24480&4&978.5492584864155|24492&4&299.5706378610225,2|24404&4&1622.8363615368646|24412&4&640.7772131748909|24415&4&294.4842686465515|24416&4&321.7580963021208|24435&4&993.5400448653024|24445&4&1089.9131986113819|24450&4&1041.1068478662783|24464&4&42.88980278008323|24486&4&1612.8942036800818|24488&4&6.509794490991917|24493&4&1393.7833614817312|24494&4&1221.9121784708495,2|24407&4&282.9308508071455|24409&4&1017.763014231955|24426&4&332.1498668615293|24430&4&1488.7501540333806|24438&4&165.9972948380083|24443&4&1799.895428600937|24455&4&1054.776339227153|24473&4&368.8557186205055|24477&4&1322.6934630308137|24488&4&1365.6756558267386|24489&4&903.2462648215613|24493&4&37.84472129410905|24497&4&19.850538636470343,2|24399&4&2796.837671033376|24402&4&36.166069993290265|24420&4&209.06568259040785|24427&4&-1.865174681370263E-14|24433&4&924.9877002672022|24435&4&78.2966200515587|24436&4&953.6350428907613|24437&4&791.6317594781164|24441&4&733.4270064752828|24446&4&32.905555572693245|24448&4&458.3517055045637|24449&4&1083.7419632332776|24454&4&1133.4168897043046|24461&4&1224.5265202498945|24490&4&990.8742390706491|24496&4&242.6520768650314|24500&4&260.83565154863595,2|24399&4&607.2208140169198|24405&4&1141.8924742532731|24406&4&384.1189785752247|24428&4&175.05618153986293|24434&4&4827.310196932667|24444&4&1046.9744486744712|24456&4&592.3799574453672|24464&4&2.266382308819625|24469&4&304.79285180136367|24470&4&252.96799340138375|24475&4&226.28867811863773|24482&4&2.1316282072803006E-14|24484&4&103.85878588172022|24485&4&995.2851879224359|24490&4&179.96121085573853|24495&4&594.7237580712348|24501&4&144.86361174587324,2|24397&4&451.63052641979203|24402&4&394.75907364040125|24416&4&922.2175189461104|24418&4&1391.235261824217|24424&4&1189.9447232216596|24427&4&83.7647664418913|24428&4&708.2848013647002|24432&4&1800.5583253409106|24463&4&114.72728655574237|24466&4&46.198385649961644|24469&4&6.044017293673102|24485&4&972.1739692247241|24487&4&316.18128431700836|24511&4&88.34865130630644,2|24400&4&1595.4893598980957|24403&4&722.7209468374132|24406&4&332.82692214959434|24413&4&636.1868831302405|24414&4&22.791920212817537|24427&4&207.17209348453017|24428&4&36.055448452976066|24446&4&1334.3594617792921|24450&4&342.1285847376944|24451&4&1965.8700161639463|24452&4&1328.3059447846085|24464&4&177.63382416226125|24467&4&2620.6620590267776|24473&4&1015.9348630305846|24481&4&87.802434954841|24482&4&1665.145321974571|24483&4&1166.2100197102827|24485&4&248.31949061061334|24489&4&51.727962342093655|24497&4&4.970120367306189|24501&4&55.70041489760514|24503&4&2.169567477663122,2|24409&4&717.4292252399769|24417&4&2758.8882065531584|24426&4&406.51276679357886|24431&4&2138.444817416814|24434&4&51.87892469958298|24439&4&910.2541376477677|24441&4&193.64601532385814|24458&4&84.44544304560358|24459&4&401.7657616276439|24460&4&930.5442792259113|24468&4&137.24827080317112|24479&4&1376.8618964310592|24482&4&494.7503497833302|24484&4&756.9566618674146|24491&4&756.2614492576236|24498&4&267.43992778402463|24500&4&331.45196180190464|24512&4&70.12695050464629,2|24401&4&986.953788294286|24402&4&602.8617659984067|24405&4&41.3612197468012|24414&4&163.44864011494818|24415&4&151.53170717427037|24418&4&116.76973605590183|24424&4&28.885069365021785|24438&4&674.30364386696|24448&4&222.67870435844858|24453&4&2462.143005409822|24459&4&405.71215706665225|24461&4&396.4928060915619|24462&4&940.5740813049697|24464&4&155.3032069420246|24468&4&888.9635151499889|24471&4&843.8280806810758|24472&4&1100.4470037957044|24475&4&147.97798247993606|24477&4&35.71287309252692|24484&4&528.4242957123085|24495&4&171.23828025212066|24500&4&196.84863608904476|24511&4&139.8511247954913
198|4,130,1,1,1,1,1,1,1,1,1,1,1,1,1,1,1,1,1,1,1,1,1,1,1,1,1,1,1,1,1,1,1,1,1,1,1,1,1,1,1,1,1,1,1,1,1,1,1,1,1,1,1,1,1,1,1,1,1,1,1,1,1,1,1,1,1,1,1,1,1,1,1,1,1,1,1,1,1,1,1,1,1,1,1,1,1,1,1,1,1,1,1,1,1,1,1,1,1,1,1,1,0,0,0,0,0,0,0,0,0,0,0,0,0,0,0,0,0,0,0,0,2|24398&4&105.23736191851759|24407&4&646.8045993847968|24408&4&800.776245961126|24409&4&44.168894435338736|24412&4&1055.4338223480179|24415&4&414.34895803891493|24419&4&1706.8941479441894|24420&4&299.33281614573616|24427&4&1176.201343530246|24429&4&1545.4627716823081|24442&4&2318.806086580801|24457&4&553.3433917580224|24463&4&358.5147011023863|24465&4&888.4874432486164|24466&4&196.28316844968603|24492&4&138.17394674984916|24511&4&539.707585921115|24514&4&196.79660386322698,2|24404&4&219.08501757970745|24410&4&1186.3873688383874|24411&4&603.0989804626945|24414&4&599.3632553731763|24421&4&500.6404550384086|24422&4&739.9498520426816|24423&4&2235.9988986793896|24437&4&115.58696032444429|24440&4&799.100190338027|24441&4&4.054993929862604|24448&4&40.789286082627704|24460&4&138.10802966536937|24476&4&1185.2826587631362|24478&4&1701.5195653438427|24479&4&996.1920138284693|24480&4&899.1179305965788|24492&4&267.82767082193436,2|24404&4&1754.0287954408873|24412&4&566.1681528253848|24415&4&266.2325766770802|24416&4&261.84334926021734|24435&4&1262.4634230116985|24445&4&1257.3609013471691|24450&4&930.9937286746894|24464&4&28.28515638465384|24486&4&1679.380033620762|24488&4&3.2548972454959686|24493&4&1560.5459659486683|24494&4&1115.3109817031252,2|24407&4&241.98994581552898|24409&4&935.6061810396727|24426&4&278.5238725748934|24430&4&1420.2391691755893|24438&4&146.82790905897292|24443&4&1885.2323798594568|24455&4&956.3768849173526|24473&4&302.26249988620225|24477&4&1615.3547380768869|24488&4&1235.9630688703405|24489&4&825.3220527503013|24493&4&18.48704960690279|24497&4&16.322088317545173,2|24399&4&2892.1360203213276|24402&4&18.128713503184965|24420&4&193.71502150287375|24433&4&1130.4312096103795|24435&4&41.716548806389106|24436&4&1079.5811925369721|24437&4&735.6010477874096|24441&4&680.18082216169|24446&4&16.452777786346637|24448&4&421.1484198127932|24449&4&975.4730441154304|24454&4&1309.2124357588777|24461&4&1075.0631956586903|24490&4&1005.8517460464968|24496&4&420.75642505723846|24500&4&223.19309676071381,2|24399&4&482.1988925325925|24405&4&1306.6232621608121|24406&4&331.82310580615626|24428&4&136.56408950206477|24434&4&4792.920640503791|24444&4&1006.1376861089017|24456&4&519.1932058925534|24464&4&7.105427357601002E-15|24469&4&280.36519940777896|24470&4&309.6701696782692|24475&4&338.48576431975164|24484&4&98.08885333273577|24485&4&1166.8083483747419|24490&4&149.6604306404479|24495&4&536.7561313229227|24501&4&135.00439050385623,2|24397&4&442.25775020293344|24402&4&344.4695463867211|24416&4&851.9740240647913|24418&4&1258.0669077036973|24424&4&1090.9144087561701|24427&4&75.01580710884986|24428&4&652.5459515156356|24432&4&2044.3201457287087|24463&4&86.01472390381227|24466&4&43.11849327329753|24469&4&5.725911120321886|24485&4&881.6849197148081|24487&4&0.0|24511&4&79.01134525078768,2|24400&4&1715.067969261383|24403&4&712.9307117631517|24406&4&313.62649978204263|24413&4&566.1230010024273|24414&4&15.101326932845438|24427&4&152.0849053688003|24428&4&231.70681211763758|24446&4&1224.7901006878876|24450&4&322.14026497007836|24451&4&1790.3535640656523|24452&4&1302.6635878242216|24464&4&166.85258076188921|24467&4&2695.9257267693874|24473&4&958.5477991207246|24474&4&69.49830001730768|24481&4&82.31478277016345|24482&4&1496.2099920150984|24483&4&1520.6884617509959|24485&4&170.83586818853126|24489&4&38.38346234876526|24497&4&2.881162922356939|24501&4&99.41247955858685|24503&4&1.8596292665683904,2|24409&4&1117.0976187749234|24417&4&2939.870033641655|24425&4&29.327916787611358|24426&4&377.69412783466504|24431&4&2215.748892977384|24434&4&18.75573887379395|24439&4&965.4189717782644|24440&4&156.84462634603696|24441&4&274.91560298255|24448&4&117.17951083617703|24458&4&0.0|24459&4&343.6480535634311|24460&4&1052.2038958630883|24468&4&109.53024603004057|24479&4&1296.3774171666698|24482&4&599.7342416843044|24484&4&644.3754749271666|24491&4&699.6268163795722|24495&4&216.00311939392026|24498&4&322.441105096957|24500&4&624.6968682365193|24512&4&55.98172439677232,2|24401&4&1041.407566823111|24402&4&717.8738695657979|24405&4&18.89570119299831|24414&4&151.31944235604308|24415&4&117.79478124310363|24418&4&278.1340774480943|24424&4&12.563620193855987|24438&4&627.1451231763167|24448&4&210.71563205735373|24453&4&2740.44165527131|24459&4&384.7819051953626|24461&4&807.9717885155211|24462&4&893.7622921227729|24464&4&139.2460153558552|24468&4&834.0597317167776|24471&4&773.8694950923277|24472&4&1032.2194011977813|24475&4&116.44671252644841|24477&4&10.433831987053665|24484&4&801.735484855579|24495&4&162.22573918621958|24500&4&185.91260075076448|24511&4&105.38711551742092
199|4,130,1,1,1,1,1,1,1,1,1,1,1,1,1,1,1,1,1,1,1,1,1,1,1,1,1,1,1,1,1,1,1,1,1,1,1,1,1,1,1,1,1,1,1,1,1,1,1,1,1,1,1,1,1,1,1,1,1,1,1,1,1,1,1,1,1,1,1,1,1,1,1,1,1,1,1,1,1,1,1,1,1,1,1,1,1,1,1,1,1,1,1,1,1,1,1,1,1,1,1,1,0,0,0,0,0,0,0,0,0,0,0,0,0,0,0,0,0,0,0,0,2|24398&4&98.29008701725736|24407&4&610.8668472807054|24408&4&736.3497890940293|24409&4&27.40497440275598|24412&4&993.1238389992703|24415&4&526.493077801246|24419&4&1615.855173787308|24420&4&507.98668275509334|24427&4&1369.8281072289099|24429&4&1700.334832060579|24442&4&2440.5499732935964|24447&4&0.0|24457&4&508.1184618440955|24463&4&361.053155470483|24465&4&792.352281020263|24466&4&0.0|24492&4&129.12935712451852|24511&4&506.62699909069283|24514&4&209.28584539445066,2|24404&4&160.60256461613153|24410&4&1054.4349482172554|24411&4&547.4273736747053|24414&4&524.5819292172862|24421&4&447.53519203982495|24422&4&746.5563004930443|24423&4&2186.487769088769|24437&4&109.50343609684197|24440&4&721.8840308539873|24441&4&2.1316282072803006E-14|24448&4&25.42846549784055|24460&4&108.45338606917191|24476&4&1413.7814552765667|24478&4&1598.091691635681|24479&4&842.2077614717826|24480&4&819.6866027067423|24492&4&236.08470378284636,2|24404&4&1989.1901715719277|24412&4&506.2933273930146|24415&4&237.98088470760888|24416&4&201.92860221831396|24435&4&1517.7485766208606|24445&4&1607.0988470139469|24450&4&820.8806094831001|24464&4&13.680509989224445|24486&4&1749.472090840781|24488&4&2.042810365310288E-14|24489&4&69.49988372243308|24493&4&1646.0711956302619|24494&4&1025.8921694191542,2|24407&4&201.85504200505434|24409&4&853.4493478473904|24426&4&224.89787828825757|24430&4&1299.6351999166832|24438&4&127.65852327993753|24443&4&1719.6658525429375|24455&4&857.9774306075526|24473&4&238.20466500374485|24477&4&1794.0605323460861|24488&4&1235.2563238477067|24489&4&747.3978406790412|24493&4&6.141330374462077|24497&4&12.79363799862,2|24399&4&2830.23214865514|24402&4&8.815874096236582|24420&4&178.36436041533963|24433&4&1031.8594334093782|24435&4&14.546284890881953|24436&4&1019.1349953003889|24437&4&679.5703360967029|24441&4&626.934637848097|24446&4&2.8421709430404007E-14|24448&4&383.94513412102265|24449&4&996.5100449665807|24454&4&1218.958944137658|24461&4&940.7798514137405|24464&4&195.22529194267|24490&4&945.0119319313135|24496&4&704.3186964648629|24500&4&189.20977894778105,2|24399&4&377.0762665497321|24405&4&1221.7702424186346|24406&4&279.52723303708785|24428&4&109.00214974264503|24434&4&4776.678895925399|24444&4&925.0039453054744|24456&4&446.00645433973955|24469&4&255.93754701419425|24470&4&395.2360657260036|24475&4&318.9724088274971|24484&4&92.31892078375131|24485&4&1517.0743362045348|24490&4&125.01016460764203|24495&4&491.54362370540423|24501&4&125.14516926183926,2|24397&4&818.8379747975582|24402&4&294.180019133041|24416&4&808.7108501856881|24418&4&1127.7104189696474|24424&4&1115.657336659198|24427&4&66.26684777580843|24428&4&596.8071016665708|24432&4&2271.701090299116|24463&4&57.302161251882175|24466&4&0.0|24468&4&13.60819489361893|24469&4&5.4078049469706695|24485&4&791.1958702048919|24487&4&12.957863676801246|24511&4&69.67403919526893,2|24400&4&1627.007918886667|24403&4&635.965020141084|24406&4&493.89506131490054|24413&4&632.0498310677056|24414&4&7.410733652873342|24427&4&96.99771725307043|24428&4&220.03133289062328|24446&4&1272.3553098388002|24450&4&302.15194520246234|24451&4&1665.1658700581406|24452&4&1317.1902930779079|24464&4&156.07133736151718|24465&4&65.05318732520016|24467&4&2964.530096493809|24473&4&901.1607352108647|24474&4&74.56007827660773|24481&4&76.82713058548589|24482&4&1328.7261110695085|24483&4&1829.6051577238218|24485&4&97.04378081324964|24489&4&25.038962355436876|24497&4&0.7922054774076893|24501&4&93.9776854565108|24503&4&1.5496910554736587,2|24409&4&1058.340116527439|24417&4&2850.465483812968|24425&4&27.86152094823079|24426&4&535.2466537889597|24431&4&2132.463880342827|24434&4&-8.526512829121202E-14|24439&4&933.5306889611275|24440&4&194.46980880981187|24441&4&436.5948247918989|24448&4&153.15646309148553|24458&4&142.39846280936524|24459&4&289.3549457798475|24460&4&1245.0834633428062|24468&4&81.81222125690996|24479&4&1357.363971689205|24482&4&568.1852549446478|24484&4&540.1835750003743|24491&4&642.9921835015211|24495&4&341.2781565317615|24498&4&296.3173879415136|24500&4&687.9927446476045|24512&4&41.836498288898376,2|24401&4&950.6054933591022|24402&4&739.9001684830017|24405&4&11.87548333447078|24414&4&139.190244597138|24415&4&87.59973453293017|24418&4&377.8838887389448|24424&4&0.5953713757706509|24438&4&579.9866024856733|24448&4&198.75255975625882|24453&4&2654.3875253888546|24459&4&479.4046762272243|24461&4&1053.77151923341|24462&4&814.890659543906|24464&4&123.18882376968585|24468&4&779.1559482835664|24471&4&845.6992089329125|24472&4&963.9917985998582|24475&4&91.6119897565546|24477&4&-5.6843418860808015E-14|24484&4&891.6508997074022|24495&4&153.2131981203185|24500&4&174.9765654124842|24511&4&75.48153969379523
200|4,130,1,1,1,1,1,1,1,1,1,1,1,1,1,1,1,1,1,1,1,1,1,1,1,1,1,1,1,1,1,1,1,1,1,1,1,1,1,1,1,1,1,1,1,1,1,1,1,1,1,1,1,1,1,1,1,1,1,1,1,1,1,1,1,1,1,1,1,1,1,1,1,1,1,1,1,1,1,1,1,1,1,1,1,1,1,1,1,1,1,1,1,1,1,1,1,1,1,1,1,1,0,0,0,0,0,0,0,0,0,0,0,0,0,0,0,0,0,0,0,0,2|24398&4&91.34281211599715|24407&4&574.929095176614|24408&4&663.261118962932|24409&4&11.053024372121683|24412&4&930.8138556505227|24415&4&649.4324206441561|24419&4&1738.2706825896958|24420&4&497.3091743738141|24427&4&1306.9205182481269|24429&4&1920.8625881149876|24442&4&2510.581643168306|24447&4&138.32555491426157|24457&4&463.79472536500646|24463&4&540.9946146625997|24465&4&696.2171187919097|24466&4&117.47958887518996|24492&4&120.08476749918788|24511&4&473.5464122602706|24514&4&223.85265205087512,2|24404&4&111.82370831886541|24410&4&1161.751131939841|24411&4&646.2988102876182|24414&4&449.8006030613959|24421&4&394.4299290412413|24422&4&764.916617366565|24423&4&2092.013140793282|24437&4&103.41991186923964|24440&4&649.7983000315553|24448&4&10.067644913053432|24460&4&85.35395192277608|24476&4&1628.1251563218382|24478&4&1923.6569941500666|24479&4&700.5085427082596|24480&4&801.1193106551061|24492&4&204.34173674375836,2|24404&4&2203.8998151995575|24412&4&446.41850196064433|24415&4&209.72919273813753|24416&4&142.01385517641052|24435&4&1719.2841345744118|24445&4&1770.5164352806698|24450&4&710.7674902915112|24464&4&6.840254994612199|24486&4&1855.964946138867|24489&4&174.0484653764753|24493&4&1574.6839696435572|24494&4&1089.305749785102,2|24407&4&161.72013819457973|24409&4&771.2925146551081|24426&4&179.2524787401444|24430&4&1262.8653391056846|24438&4&108.48913750090215|24443&4&1575.0952662289997|24455&4&866.6945500257607|24473&4&183.05362161382905|24477&4&1710.389181490159|24488&4&1099.0934447946204|24489&4&669.4736286077809|24493&4&-2.6645352591003757E-14|24497&4&9.265187679694828,2|24399&4&2807.981209525402|24402&4&6.039613253960852E-14|24420&4&163.01369932780554|24433&4&966.6809740281554|24435&4&1.0658141036401503E-14|24436&4&1051.0100856852232|24437&4&623.5396244059964|24441&4&573.6884535345041|24448&4&346.74184842925206|24449&4&1011.1573217667848|24454&4&1291.28304578281|24461&4&813.8056906553184|24464&4&278.82136407612256|24490&4&884.17211781613|24496&4&662.5169862441257|24500&4&158.95087749218473,2|24399&4&275.876104350223|24405&4&1135.5067841679665|24406&4&227.23136026801944|24428&4&86.8929002829953|24434&4&4605.507647823719|24444&4&856.9165347064238|24456&4&0.0|24469&4&231.50989462060954|24470&4&391.3077454930517|24475&4&339.1823502535474|24484&4&86.54898823476685|24485&4&1701.2114936953749|24490&4&100.35989857483615|24495&4&453.99712264435783|24501&4&115.28594801982226,2|24397&4&980.3930398742318|24402&4&243.8904918793609|24409&4&148.72787123983676|24416&4&729.4890458971305|24418&4&997.3539302355975|24424&4&1032.6421160485181|24427&4&57.51788844276699|24428&4&541.0682518175062|24432&4&2345.2490509136087|24463&4&28.58959859995207|24468&4&201.44713067914515|24469&4&5.089698773619453|24485&4&700.7068206949758|24487&4&12.309970492961183|24511&4&60.33673313975017,2|24400&4&1643.4428163221576|24403&4&733.0667580537176|24406&4&787.0309770417066|24413&4&797.7698050872459|24414&4&-5.5067062021407764E-14|24427&4&52.941856963474|24428&4&208.35585366360894|24446&4&1324.0207426512818|24450&4&282.1636254348463|24451&4&1565.475646871023|24452&4&1245.8769368240914|24464&4&145.29009396114515|24465&4&151.53266609328688|24467&4&3273.473188443655|24473&4&843.7736713010047|24474&4&70.65832861273407|24481&4&71.33947840080833|24482&4&1161.2422301239187|24483&4&2029.6595432153945|24485&4&46.35870234060089|24489&4&13.25751683737926|24497&4&-4.6629367034256575E-15|24501&4&88.54289135443474|24503&4&1.239752844378927,2|24409&4&999.5826142799544|24417&4&2827.650754077397|24425&4&93.68362403912616|24426&4&497.1094565843856|24431&4&2115.2806630985674|24439&4&1051.9896376952026|24440&4&460.25195193691644|24441&4&413.2605723309439|24448&4&388.5829957765062|24458&4&0.0|24459&4&241.36298142957617|24460&4&1399.7803707477287|24468&4&54.09419648377937|24479&4&1366.9706023613085|24482&4&590.604896359981|24484&4&443.3131194902586|24491&4&586.3575506234699|24495&4&363.4916948529659|24498&4&299.7909232585549|24500&4&739.5075491119871|24512&4&31.65415165971845,2|24401&4&859.8034198950935|24402&4&1071.2278458375947|24405&4&5.937741667235368|24414&4&127.0610468382329|24415&4&63.86152079790861|24418&4&492.72395293646304|24424&4&0.29768568788536737|24438&4&532.82808179503|24448&4&186.78948745516396|24453&4&2423.2245725493676|24459&4&552.8972129048291|24461&4&1104.5325075465594|24462&4&761.9245265914117|24464&4&107.13163218351649|24468&4&724.2521648503549|24471&4&974.4190686547198|24472&4&895.7641960019351|24475&4&66.77726698666086|24484&4&1019.2282808509511|24495&4&144.20065705441743|24500&4&164.04053007420393|24511&4&50.191409518961095
201|4,130,1,1,1,1,1,1,1,1,1,1,1,1,1,1,1,1,1,1,1,1,1,1,1,1,1,1,1,1,1,1,1,1,1,1,1,1,1,1,1,1,1,1,1,1,1,1,1,1,1,1,1,1,1,1,1,1,1,1,1,1,1,1,1,1,1,1,1,1,1,1,1,1,1,1,1,1,1,1,1,1,1,1,1,1,1,1,1,1,1,1,1,1,1,1,1,1,1,1,1,1,0,0,0,0,0,0,0,0,0,0,0,0,0,0,0,0,0,0,0,0,2|24398&4&84.39553721473693|24407&4&538.9913430725226|24408&4&591.4446296156782|24409&4&0.0|24412&4&868.503872301775|24415&4&668.3912388539284|24419&4&1609.0302661770845|24420&4&461.4157345643661|24427&4&1536.9496280383637|24429&4&2159.808642507903|24442&4&2389.4650618601786|24447&4&131.4092771685485|24457&4&419.47098888591745|24463&4&965.2473580107355|24465&4&600.0819565635562|24466&4&111.60560943143047|24492&4&111.04017787385723|24511&4&507.08323689282855|24514&4&239.9500506018438,2|24404&4&74.84566033918941|24410&4&1170.9011889150856|24411&4&861.9182075757237|24414&4&375.01927690550576|24421&4&341.32466604265767|24422&4&780.3772504555802|24423&4&1910.6556067943802|24437&4&97.33638764163732|24440&4&584.2492306427259|24448&4&-6.750155989720952E-14|24460&4&68.16582340689607|24476&4&1594.4562924661532|24478&4&1955.2835374950791|24479&4&558.8093239447365|24480&4&725.7699524549104|24492&4&172.5987697046703,2|24404&4&2035.3618478618323|24412&4&386.543676528274|24415&4&181.47750076866618|24416&4&82.0991081345071|24435&4&1750.025413250975|24445&4&1626.4404979513276|24450&4&600.654371099922|24464&4&-4.796163466380676E-14|24486&4&1691.9277965240028|24489&4&165.17229239834543|24493&4&1602.457776784698|24494&4&1130.5111938139198,2|24407&4&121.58523438410512|24409&4&689.1356814628258|24424&4&11.585041817800857|24426&4&134.04405442538854|24430&4&1282.7393747326496|24438&4&89.31975172186677|24443&4&1892.1883536387118|24455&4&808.9214935529957|24473&4&136.85824877476014|24477&4&1559.7700825229583|24488&4&972.6250894189518|24489&4&591.5494165365208|24492&4&1.1202562603854407|24497&4&5.736737360769655,2|24399&4&2596.344450995851|24420&4&147.66303824027145|24433&4&945.9985047231896|24436&4&1155.9068984548685|24437&4&567.5089127152899|24441&4&520.4422692209114|24448&4&309.5385627374815|24449&4&910.143408876273|24454&4&1197.4126712330806|24461&4&701.8253197846998|24464&4&339.1382787661928|24490&4&823.3323037009468|24496&4&651.9204184080518|24500&4&128.6919760365884,2|24399&4&196.583858719337|24405&4&1230.9913874408965|24406&4&187.28889674409493|24428&4&64.7836508233456|24434&4&4518.491400234365|24444&4&948.1264007626509|24469&4&207.08224222702484|24470&4&476.2967667442243|24475&4&449.90220822815684|24484&4&80.7790556857824|24485&4&1737.0709114120448|24490&4&75.70963254203026|24495&4&417.4272738313795|24501&4&105.42672677780527,2|24397&4&979.380205290296|24402&4&193.60096462568077|24409&4&141.2914776778449|24416&4&1031.5126394953581|24418&4&870.6026135256317|24424&4&926.3129516659409|24427&4&48.768929109725555|24428&4&485.3294019684414|24432&4&2254.105627068194|24463&4&8.547499903424054|24468&4&399.0130347657084|24469&4&4.771592600268237|24485&4&610.2177711850597|24487&4&159.20288063933552|24511&4&50.99942708423142,2|24400&4&1783.496091389149|24403&4&657.2719082137841|24406&4&874.2714321035592|24413&4&739.0231419249507|24427&4&20.92763827755863|24428&4&196.68037443659463|24446&4&1315.09390797393|24450&4&387.61527621389064|24451&4&1741.4821535494302|24452&4&1116.9620132785071|24456&4&44.083565341373045|24464&4&134.5088505607731|24465&4&319.54248126035515|24467&4&3579.0036275259617|24473&4&833.1032541925222|24474&4&97.63657307801617|24481&4&65.85182621613077|24482&4&1001.3369720570279|24483&4&1879.5247230628797|24485&4&13.936779110081005|24489&4&5.736807971986142|24501&4&96.99136327159275|24503&4&0.9298146332841952,2|24409&4&940.8251120324699|24417&4&3064.865368805348|24425&4&88.8528032532318|24426&4&486.58166108804016|24431&4&2142.3609436742363|24439&4&971.1901331840304|24440&4&449.0248746017478|24441&4&389.92631986998896|24448&4&526.5885400453113|24458&4&0.0|24459&4&203.06571746056161|24460&4&1298.8042971147586|24468&4&32.390349470970655|24479&4&1540.3170173652604|24482&4&621.0916212038014|24484&4&358.11652260117523|24491&4&610.3659319575322|24495&4&455.12721246904744|24498&4&334.55411335777274|24500&4&786.4602917772393|24512&4&21.471805030538526,2|24401&4&847.827832960028|24402&4&1289.1571855204966|24405&4&-4.085620730620576E-14|24414&4&426.34389363661614|24415&4&40.12330706288709|24418&4&660.2900064176291|24424&4&2.1094237467877974E-15|24438&4&485.6695611043868|24448&4&174.82641515406908|24453&4&2469.3678030721476|24459&4&719.8789035411219|24461&4&1043.4576941295047|24462&4&842.1205587763054|24464&4&91.07444059734712|24468&4&669.3483814171436|24471&4&1013.9263498909428|24472&4&827.536593404012|24475&4&47.23707433911981|24484&4&1395.8990185332086|24495&4&135.18811598851636|24500&4&153.10449473592365|24511&4&29.92452459114453
202|4,130,1,1,1,1,1,1,1,1,1,1,1,1,1,1,1,1,1,1,1,1,1,1,1,1,1,1,1,1,1,1,1,1,1,1,1,1,1,1,1,1,1,1,1,1,1,1,1,1,1,1,1,1,1,1,1,1,1,1,1,1,1,1,1,1,1,1,1,1,1,1,1,1,1,1,1,1,1,1,1,1,1,1,1,1,1,1,1,1,1,1,1,1,1,1,1,1,1,1,1,1,0,0,0,0,0,0,0,0,0,0,0,0,0,0,0,0,0,0,0,0,2|24398&4&77.4482623134767|24407&4&674.578639815693|24408&4&519.6281402684248|24412&4&806.1938889530273|24415&4&630.9636188929001|24419&4&1479.7898497644737|24420&4&438.9501552416067|24427&4&1430.9125638474286|24429&4&2183.2909075477287|24442&4&2176.0336787420656|24447&4&124.49299942283542|24457&4&375.1472524068284|24463&4&1021.3907945051461|24465&4&512.1171555122977|24466&4&105.73162998767097|24492&4&101.99558824852662|24511&4&572.8109657446655|24514&4&257.35457314861867,2|24404&4&41.256381903052315|24410&4&1483.3923900561376|24411&4&1114.0757315638775|24414&4&300.23795074961555|24421&4&583.1815211510636|24422&4&722.4074004534548|24423&4&2051.475182112343|24437&4&91.25286341403499|24440&4&518.7001612538966|24460&4&54.756045407348466|24476&4&1458.200514873611|24478&4&1986.278130026982|24479&4&441.93085364291665|24480&4&689.0449669012436|24492&4&140.85580266558225,2|24404&4&2034.132735238775|24412&4&326.6688510959036|24415&4&153.22580879919485|24416&4&35.03723128077168|24435&4&1648.1217677164605|24445&4&1484.0544617560163|24450&4&490.54125190833287|24486&4&1527.8906469091394|24489&4&245.82711826864778|24493&4&1734.9700476372007|24494&4&1074.8570906252073,2|24403&4&267.51549099618103|24407&4&81.45033057363051|24409&4&606.9788482705435|24424&4&94.52246050758353|24426&4&100.20732050478557|24430&4&1370.9427263812122|24438&4&70.15036594283137|24443&4&2252.6602872220337|24455&4&904.887626953719|24461&4&207.93395994243247|24473&4&96.73941637874776|24477&4&1684.212068452515|24488&4&1085.7807653677949|24489&4&513.6252044652606|24492&4&121.96058418426959|24497&4&2.9422114633804357,2|24399&4&2778.0893996882187|24420&4&132.31237715273733|24433&4&963.4867119690834|24436&4&1282.595714569216|24437&4&511.4782010245831|24441&4&467.19608490731844|24448&4&272.335277045711|24449&4&858.2264997835118|24454&4&1103.5422966833505|24458&4&0.0|24461&4&596.917724993585|24464&4&350.5692850498607|24490&4&809.4170566921844|24496&4&0.0|24500&4&102.83115858917597,2|24399&4&117.29161308845084|24405&4&1391.2347790429649|24406&4&159.33137751625696|24428&4&42.6744013636959|24434&4&4939.243932852133|24444&4&921.2204718224725|24469&4&182.65458983344016|24470&4&448.41170495030065|24475&4&447.4463126817455|24484&4&75.00912313679794|24485&4&1819.8430852932793|24490&4&51.059366509224375|24495&4&380.85742501840116|24501&4&95.56750553578829,2|24397&4&910.3644878260216|24402&4&156.3193055925119|24409&4&133.85508411585306|24416&4&1508.4911566150136|24418&4&748.1100378074752|24424&4&819.9837872833637|24427&4&40.01996977668412|24428&4&429.59055211937675|24432&4&2040.2022719402587|24463&4&3.331465463590292|24468&4&552.8180194030581|24469&4&4.453486426917021|24485&4&519.7287216751437|24487&4&220.7128834164474|24511&4&41.66212102871267,2|24397&4&9.108736530682506|24400&4&1641.7889369862783|24403&4&591.2072254339279|24406&4&972.1536242746574|24409&4&104.07952113597128|24413&4&777.480382115587|24427&4&386.62150092594146|24428&4&185.0048952095803|24442&4&411.92879798293734|24446&4&1311.5923336270616|24450&4&641.6948213447341|24451&4&2037.5226252956274|24452&4&1114.5906266397915|24456&4&442.7098671384001|24464&4&123.72760716040108|24465&4&523.4263898675983|24467&4&3281.1203740250376|24473&4&924.3726571109312|24474&4&0.0|24481&4&60.36417403145321|24482&4&853.9199449490294|24483&4&1854.382684078646|24485&4&6.750155989720952E-14|24489&4&-3.375077994860476E-14|24501&4&90.862405868555|24503&4&0.6198764221894635,2|24409&4&882.0676097849854|24417&4&2858.1918599948876|24425&4&84.02198246733744|24426&4&528.3855982724974|24431&4&2044.99969061812|24439&4&958.3597784232857|24440&4&490.2937318715915|24441&4&366.5920674090339|24448&4&498.56264381124714|24459&4&173.30011207000055|24460&4&1197.8282234817889|24468&4&14.544100293968421|24479&4&2152.193880956685|24482&4&784.8975098233191|24484&4&289.4000120504786|24491&4&549.6991483688754|24495&4&429.9709088497373|24498&4&310.30054230518596|24500&4&829.5396025917848|24512&4&11.2894584013586,2|24401&4&1102.145394186071|24402&4&1208.336744576381|24414&4&521.4830984057814|24415&4&26.69297916660284|24418&4&1036.6282926342478|24438&4&438.51104041374344|24448&4&162.8633428529742|24453&4&2520.208172570521|24459&4&816.7324790635085|24461&4&982.3828807124501|24462&4&1012.4533261555719|24464&4&75.01724901117775|24468&4&614.4445979839322|24471&4&975.7385869229553|24472&4&759.3089908060889|24475&4&31.120116717732376|24484&4&1473.8455095427266|24495&4&126.17557492261527|24500&4&142.16845939764337|24511&4&14.812627565535681
203|4,130,1,1,1,1,1,1,1,1,1,1,1,1,1,1,1,1,1,1,1,1,1,1,1,1,1,1,1,1,1,1,1,1,1,1,1,1,1,1,1,1,1,1,1,1,1,1,1,1,1,1,1,1,1,1,1,1,1,1,1,1,1,1,1,1,1,1,1,1,1,1,1,1,1,1,1,1,1,1,1,1,1,1,1,1,1,1,1,1,1,1,1,1,1,1,1,1,1,1,1,1,0,0,0,0,0,0,0,0,0,0,0,0,0,0,0,0,0,0,0,0,2|24398&4&70.50098741221646|24407&4&697.589586194174|24408&4&546.0460594403223|24412&4&743.8839056042797|24415&4&735.0395724482364|24419&4&1378.3223059913971|24420&4&552.5076259125921|24427&4&1324.8754996564935|24429&4&2016.003888373286|24442&4&1971.0180578024595|24447&4&117.57672167712235|24457&4&389.236661868472|24463&4&946.8004343225409|24465&4&431.01501341931095|24466&4&99.85765054391148|24492&4&92.95099862319597|24511&4&643.508932996034|24514&4&275.1060114434674,2|24404&4&13.936676693930945|24410&4&1737.820967859836|24411&4&1230.5852513062787|24414&4&234.809955915093|24421&4&900.6667750231272|24422&4&815.8677498749319|24423&4&1959.490282623949|24437&4&414.8182400947735|24440&4&457.7975362447514|24460&4&43.80483632587878|24476&4&1627.8564845929072|24478&4&1867.5784531509184|24479&4&349.8499874788163|24480&4&620.9476722853229|24492&4&109.11283562649422,2|24404&4&2075.182265944394|24412&4&266.7940256635333|24415&4&124.97411682972351|24416&4&4.568437095068153|24435&4&1620.390807861718|24445&4&1556.271093463164|24450&4&393.3608603896961|24486&4&1369.3672892095392|24489&4&429.3982947244499|24493&4&1958.8598049041725|24494&4&1048.4756673141278,2|24403&4&338.23063831400424|24407&4&51.147185132952025|24409&4&524.8220150782612|24424&4&342.7025361348395|24426&4&76.61612406914284|24430&4&1411.7946439366415|24438&4&50.98098016379599|24443&4&2153.2190389676334|24455&4&793.5471548683564|24461&4&511.735496883087|24473&4&64.83138626225912|24477&4&1837.5235187685098|24488&4&1094.3919270478013|24489&4&435.70099239400037|24492&4&115.85975433440515|24497&4&0.8622041695323848,2|24399&4&3542.701838067507|24420&4&116.96171606520323|24433&4&950.0008590928305|24436&4&1455.3601548365843|24437&4&455.44748933387643|24441&4&413.9499005937256|24448&4&235.1319913539404|24449&4&881.6690508841693|24454&4&1009.6887657765125|24461&4&501.6392776606175|24464&4&495.11662118150593|24490&4&1128.5324549213396|24500&4&81.11606995019699,2|24399&4&57.042265060033856|24405&4&1429.555171258915|24406&4&134.30889822017775|24428&4&20.565151904046196|24434&4&5048.552177636623|24444&4&936.956205172455|24469&4&158.22693743985545|24470&4&420.52664315637685|24475&4&482.5609633807089|24484&4&69.23919058781348|24485&4&1888.2034858891445|24490&4&26.409100476418487|24495&4&344.28757620542274|24501&4&85.70828429377129,2|24397&4&841.751694699124|24402&4&121.95293715438231|24409&4&126.41869055386123|24416&4&1933.1463190696008|24418&4&641.3853195494368|24424&4&727.8738353500404|24427&4&31.27101044364268|24428&4&373.85170227031205|24432&4&2429.3633791244|24463&4&2.2209769757268436|24468&4&523.6132795407826|24469&4&4.135380253565804|24485&4&429.2396721652276|24487&4&209.2112032597235|24511&4&32.32481497319392,2|24397&4&8.653299704148381|24400&4&1525.9961201153087|24403&4&527.537996885966|24406&4&969.4566412168438|24409&4&98.87554507917271|24412&4&143.62485441073534|24413&4&789.2493730986688|24418&4&239.3046313314877|24427&4&470.8196706841463|24428&4&350.5055880780515|24442&4&889.712159859683|24446&4&1194.7517787141287|24450&4&865.9004493776149|24451&4&2046.1677365834694|24452&4&1422.6839677119524|24456&4&727.7468648637623|24464&4&112.94636376002904|24465&4&816.6701733421528|24467&4&3045.898966104955|24473&4&960.5883109448555|24481&4&0.0|24482&4&721.6838188074585|24483&4&1805.7705747044527|24501&4&84.73344846551726|24503&4&0.30993821109473174,2|24409&4&823.3101075375009|24417&4&3064.2382817225634|24425&4&79.19116168144308|24426&4&763.7497842597076|24431&4&2047.2419328553403|24439&4&955.4971608374304|24440&4&609.7720336222486|24441&4&343.25781494807893|24448&4&568.5795617717179|24459&4&148.489517166799|24460&4&1096.8521498488187|24468&4&9.430410556212179|24479&4&2649.430022513026|24482&4&1177.5732363484406|24484&4&229.67346764627297|24491&4&576.4079297144874|24495&4&404.8146052304271|24498&4&286.0469712525992|24500&4&871.7220613306412|24512&4&104.04254496863501,2|24401&4&1118.4473040571074|24402&4&1127.5163036322658|24414&4&682.3720693834666|24415&4&13.262651270318585|24418&4&979.651436878215|24438&4&391.3525197231002|24448&4&150.90027055187932|24453&4&2478.760899465384|24459&4&904.0566112359375|24461&4&921.3080672953954|24462&4&1181.9360396032384|24464&4&58.96005742500839|24468&4&559.5408145507209|24471&4&905.875470803871|24472&4&691.0813882081659|24475&4&18.293010084051392|24484&4&1813.1077650108114|24495&4&117.16303385671418|24500&4&131.2324240593631|24511&4&4.808922106489455
204|4,130,1,1,1,1,1,1,1,1,1,1,1,1,1,1,1,1,1,1,1,1,1,1,1,1,1,1,1,1,1,1,1,1,1,1,1,1,1,1,1,1,1,1,1,1,1,1,1,1,1,1,1,1,1,1,1,1,1,1,1,1,1,1,1,1,1,1,1,1,1,1,1,1,1,1,1,1,1,1,1,1,1,1,1,1,1,1,1,1,1,1,1,1,1,1,1,1,1,1,1,1,0,0,0,0,0,0,0,0,0,0,0,0,0,0,0,0,0,0,0,0,2|24398&4&96.1483397547139|24407&4&740.5072471970889|24408&4&705.0385117433524|24412&4&681.5739222555321|24415&4&818.3236039769866|24419&4&1274.6211908833059|24420&4&517.4085498117167|24427&4&1218.8384354655584|24429&4&1854.5219341993757|24442&4&1781.8156492405103|24447&4&110.66044393140928|24457&4&373.00915266809363|24463&4&872.2100741399358|24465&4&368.38000101973887|24466&4&93.98367110015198|24481&4&4.306946782748467|24492&4&83.90640899786534|24511&4&596.3796970813067|24514&4&293.68505735806934,2|24404&4&-9.592326932761353E-14|24410&4&1779.3427428517537|24411&4&1370.9170011012907|24414&4&180.8331960549476|24421&4&836.7145672583606|24422&4&883.3141766793992|24423&4&1860.2184234010351|24437&4&392.25227082175417|24440&4&402.23700744126495|24460&4&32.853627244409104|24476&4&1660.4548797088887|24478&4&1764.4060060763104|24479&4&279.7642135070384|24480&4&647.9217366227167|24492&4&77.36986858740617,2|24404&4&2044.4261343213645|24412&4&213.9906132781628|24415&4&96.72242486025218|24416&4&3.019806626980426E-14|24435&4&1780.670479593819|24445&4&1425.7915973182833|24450&4&301.7215866220198|24486&4&1215.015259508172|24489&4&501.93830640083786|24490&4&62.15668506206034|24493&4&1990.6292603277145|24494&4&1008.9851948265767,2|24403&4&320.6503176708136|24407&4&28.48969261387717|24409&4&446.2938269704905|24424&4&439.919606469352|24426&4&59.238600736401985|24430&4&1512.0859993693416|24438&4&31.81159438476061|24443&4&1975.436867308864|24455&4&751.0837763115734|24461&4&811.4756991321017|24473&4&43.87601972294712|24477&4&1751.6455453002175|24486&4&252.5634119842806|24488&4&985.5413796523886|24489&4&371.3436267152805|24492&4&109.7589244845407|24497&4&0.0,2|24399&4&4016.0122818900345|24420&4&101.61105497766916|24433&4&937.25559377631|24436&4&1568.3278251963643|24437&4&399.9085169146778|24441&4&360.7037162801327|24448&4&202.04247073176654|24449&4&834.4579491043513|24454&4&915.8352348696744|24461&4&428.19896666002325|24464&4&467.26063334684704|24490&4&1046.2313404158524|24500&4&63.539433667993165,2|24399&4&19.874592846777343|24405&4&1308.1464392471444|24406&4&109.41923637612682|24428&4&6.394884621840902E-14|24434&4&4935.623894917476|24444&4&960.427006363659|24469&4&133.79928504627077|24470&4&392.64158136245305|24475&4&482.04426784620273|24484&4&63.469258038829025|24485&4&1952.9099872467646|24490&4&10.295531904024989|24495&4&307.71772739244443|24501&4&75.8490630517543,2|24397&4&774.6107729451722|24402&4&87.5865687162527|24409&4&118.98229699186939|24416&4&1873.6980597184638|24418&4&553.0159221713379|24424&4&635.7638834167172|24427&4&22.52205111060124|24428&4&318.11285242124734|24432&4&2509.508367564855|24463&4&1.1104884878634256|24468&4&494.4085396785071|24469&4&3.8172740802145886|24485&4&351.1110812807067|24487&4&197.70952310299958|24511&4&22.987508917675164,2|24397&4&8.197862877614256|24400&4&1395.3758074561779|24403&4&464.6706069778863|24406&4&1084.3176337722225|24409&4&492.84269844456855|24412&4&186.64732925677066|24413&4&712.3991555522165|24418&4&309.5295399237631|24427&4&446.3293266507626|24428&4&755.7008308908391|24442&4&926.2724926226806|24446&4&1138.88343624024|24450&4&1011.4050954750508|24451&4&1934.1565661172806|24452&4&1554.902550920829|24456&4&690.1370275937071|24464&4&102.16512035965701|24465&4&891.7573557512599|24467&4&3158.947274994084|24473&4&1045.4803226600227|24482&4&603.5327990711535|24483&4&1665.1693573501193|24492&4&229.46178860398987|24501&4&78.6044910624795|24503&4&0.0|24512&4&102.22535165351776,2|24409&4&764.5526052900163|24417&4&2973.232364142545|24425&4&74.36034089554872|24426&4&706.218640070954|24431&4&2110.614390761786|24439&4&876.4090864948911|24440&4&670.658585013208|24441&4&319.92356248712395|24448&4&647.4578621076164|24459&4&128.2062078923785|24460&4&995.8760762158487|24468&4&4.316720818455963|24479&4&2475.905581316017|24482&4&1411.2085288054077|24484&4&174.5340908893495|24491&4&531.8296188781738|24495&4&379.658301611117|24498&4&293.74632523269054|24500&4&908.1985059054157|24512&4&95.1915461470869,2|24401&4&1073.7405093441673|24402&4&1046.6958626881503|24414&4&761.3860522299683|24415&4&1.4210854715202004E-13|24418&4&922.674581122182|24438&4&344.1939990324569|24448&4&138.93719825078446|24453&4&2258.533368877575|24459&4&848.6832632866091|24461&4&860.2332538783407|24462&4&1111.6559232011552|24464&4&49.40172985807298|24468&4&504.63703111750954|24471&4&836.0123546847873|24472&4&622.8537856102428|24475&4&6.046065674883237|24484&4&1866.0943379954713|24495&4&108.15049279081309|24500&4&120.29638872108283|24511&4&3.019806626980426E-14
205|4,130,1,1,1,1,1,1,1,1,1,1,1,1,1,1,1,1,1,1,1,1,1,1,1,1,1,1,1,1,1,1,1,1,1,1,1,1,1,1,1,1,1,1,1,1,1,1,1,1,1,1,1,1,1,1,1,1,1,1,1,1,1,1,1,1,1,1,1,1,1,1,1,1,1,1,1,1,1,1,1,1,1,1,1,1,1,1,1,1,1,1,1,1,1,1,1,1,1,1,1,1,0,0,0,0,0,0,0,0,0,0,0,0,0,0,0,0,0,0,0,0,2|24398&4&158.22592533772286|24407&4&909.2503283346811|24408&4&631.9648937458733|24412&4&619.2639389067843|24415&4&809.6990579731571|24419&4&1142.6457335918933|24420&4&482.3094737108413|24427&4&1112.8013712746233|24429&4&1773.9698274646275|24442&4&1598.369852080308|24447&4&103.7441661856962|24457&4&335.4374902205494|24463&4&797.6197139573306|24465&4&305.74498862016674|24466&4&88.10969165639249|24481&4&4.091599443611043|24492&4&74.86181937253471|24511&4&549.2504611665795|24514&4&272.7818486010125,2|24399&4&191.82197138912466|24410&4&1780.0517591942103|24411&4&1481.9240411626254|24414&4&130.77936063791623|24421&4&781.4652735171669|24422&4&818.4404416305265|24423&4&1888.3958487839645|24437&4&369.68630154873483|24440&4&352.3016352801451|24460&4&21.902418162939426|24476&4&1671.6581093135617|24478&4&1613.002142016461|24479&4&214.03434733261713|24480&4&661.2068980411022|24492&4&55.99731144885153,2|24404&4&2033.5298990653791|24405&4&186.62288505086303|24412&4&161.1872008927923|24415&4&68.47073289078085|24435&4&1826.6379135993282|24445&4&1567.6825840339066|24450&4&226.6645907705176|24486&4&1069.9107507575116|24489&4&473.95244203318083|24490&4&185.54097000026943|24493&4&1816.7038158034684|24494&4&911.815132622444,2|24403&4&303.06999702762295|24407&4&12.3784801309641|24408&4&126.03325861430665|24409&4&375.5158326490034|24424&4&478.65072737286465|24426&4&41.86107740366109|24430&4&1382.862959362975|24438&4&12.642208605725227|24443&4&1947.1497244018979|24455&4&801.2464013270289|24461&4&776.2867431448518|24473&4&27.64362706654891|24477&4&1642.9803945185863|24486&4&661.8683915531811|24488&4&1020.8356872463717|24489&4&313.5542746743513|24492&4&103.65809463467626,2|24399&4&3697.189913794558|24420&4&86.26039389013505|24433&4&1075.3470582914476|24436&4&1621.9657428343417|24437&4&344.3745588772437|24441&4&307.4575319665398|24448&4&173.62628556315468|24449&4&939.4895934374828|24454&4&906.8534259500185|24461&4&361.0539068484272|24463&4&20.050865162521063|24464&4&439.40464551218827|24490&4&963.9302259103649|24500&4&45.962797385789344,2|24399&4&2.609938525589556|24405&4&1191.6613272826344|24406&4&90.63034471387019|24434&4&4939.968714902029|24444&4&873.368045276359|24469&4&109.37163265268607|24470&4&364.75651956852937|24475&4&488.5257095871651|24484&4&57.69932548984457|24485&4&2171.618327824395|24490&4&3.1241635815144178|24495&4&271.14787857946607|24501&4&65.98984180973731,2|24397&4&707.4698511912209|24402&4&56.63808701562756|24409&4&111.54590342987755|24416&4&1916.006425940324|24418&4&473.2785158851998|24424&4&546.747514268208|24427&4&13.773091777559802|24428&4&262.37400257218275|24432&4&2435.6606684905273|24463&4&7.549516567451064E-15|24468&4&605.891012131438|24469&4&3.4991679068633728|24485&4&281.61099602423224|24487&4&196.3319068575878|24511&4&13.65020286215641,2|24397&4&66.34686898381118|24400&4&1265.674808459575|24403&4&404.90936457423015|24406&4&1013.221332056684|24409&4&623.2100198373623|24412&4&176.9559006579053|24413&4&637.7829967397587|24418&4&477.80877757624967|24427&4&421.8389826173789|24428&4&840.4347347353419|24442&4&1016.1476847435197|24446&4&1202.283652606999|24450&4&1173.472830065964|24451&4&1779.7043908356172|24452&4&1526.5414772017484|24456&4&652.5271903236519|24464&4&91.38387695928498|24465&4&842.236852897059|24467&4&3308.19303498359|24473&4&1114.402786365932|24482&4&489.8260834698645|24483&4&1519.0322910357936|24492&4&339.273635732996|24501&4&72.47553365944175|24512&4&97.11408407084187,2|24409&4&705.7951030425318|24417&4&3065.291570177198|24425&4&69.52952010965436|24426&4&648.6874958822003|24431&4&2189.912463861172|24439&4&797.5022163509575|24440&4&729.3419481102181|24441&4&296.58931002616896|24448&4&608.9395082998408|24459&4&107.92289861795801|24460&4&894.9000025828789|24468&4&2.1316282072803006E-14|24479&4&2302.3811401190087|24482&4&1780.1897033857422|24484&4&134.30444484812674|24491&4&487.25130804186045|24495&4&354.50199799180683|24498&4&325.15257551827943|24500&4&840.4235744755015|24512&4&90.18146477092445,2|24401&4&1082.3643430068605|24402&4&1230.178979266445|24414&4&725.8067305187059|24418&4&865.6977253661489|24438&4&417.25530274734604|24448&4&126.97412594968958|24453&4&2046.6038376381068|24459&4&793.3099153372806|24461&4&799.1584404612861|24462&4&1027.9266681646718|24464&4&41.21998504468685|24468&4&449.73324768429825|24471&4&845.7487727949539|24472&4&686.4822441372129|24475&4&0.4854685828785592|24484&4&1842.6870063589872|24495&4&99.137951724912|24500&4&109.36035338280257
206|4,130,1,1,1,1,1,1,1,1,1,1,1,1,1,1,1,1,1,1,1,1,1,1,1,1,1,1,1,1,1,1,1,1,1,1,1,1,1,1,1,1,1,1,1,1,1,1,1,1,1,1,1,1,1,1,1,1,1,1,1,1,1,1,1,1,1,1,1,1,1,1,1,1,1,1,1,1,1,1,1,1,1,1,1,1,1,1,1,1,1,1,1,1,1,1,1,1,1,1,1,1,0,0,0,0,0,0,0,0,0,0,0,0,0,0,0,0,0,0,0,0,2|24398&4&289.5908001479188|24407&4&996.5900661196234|24408&4&562.9853887242158|24412&4&556.9539555580368|24415&4&748.3741647756694|24419&4&1399.5217324377968|24420&4&447.210397609966|24427&4&1006.7643070836882|24429&4&1891.7384663484852|24442&4&1423.0267601957564|24447&4&96.82788843998313|24457&4&290.3401281622494|24463&4&723.0293537747253|24465&4&244.9199800337826|24466&4&82.23571221263299|24481&4&3.87625210447362|24492&4&65.81722974720408|24511&4&502.12122525185237|24514&4&251.8786398439556,2|24399&4&182.23087281966843|24410&4&1693.211531595117|24411&4&1655.911361995234|24414&4&80.7255252208848|24421&4&720.2854814101512|24422&4&753.5667065816538|24423&4&2013.794166415425|24437&4&347.1203322757155|24440&4&304.31908938514|24460&4&10.95120908146975|24476&4&1854.029427771069|24478&4&1667.0069741265556|24479&4&155.14987928757444|24480&4&584.049234278417|24492&4&36.93869751585035,2|24404&4&2216.164118024339|24405&4&305.8378502272651|24412&4&110.82424980390223|24415&4&40.21904092130952|24435&4&1796.1813213818782|24445&4&1646.6305177970416|24450&4&167.52215787602205|24486&4&941.1969695901455|24489&4&484.28870644152045|24490&4&176.10852978760082|24493&4&1643.3160909320889|24494&4&810.9699678225036|24498&4&55.658574823273966,2|24403&4&285.4896763844323|24407&4&3.930406939730441|24408&4&350.2818977190868|24409&4&318.94048241176137|24424&4&550.5852521086638|24426&4&24.483554070920206|24430&4&1296.2399238445964|24438&4&7.460698725481052E-14|24439&4&50.22785531942475|24443&4&2278.961419760441|24455&4&1204.2015181287607|24461&4&733.5272930833695|24473&4&18.680114227935746|24477&4&1576.8139287340223|24486&4&830.2896232773892|24488&4&1289.6276535260536|24489&4&261.13945221711316|24492&4&97.5572647848118|24493&4&388.1828183899396|24500&4&180.4042417161819|24503&4&1.7814681774500514,2|24399&4&3378.3675456990804|24402&4&171.69973608177895|24420&4&70.90973280260096|24433&4&1251.1981593042083|24436&4&1506.9063388711188|24437&4&290.92680491441223|24441&4&254.21134765294693|24448&4&147.244338804754|24449&4&1029.630071325179|24454&4&926.2945325337407|24458&4&35.77219422093315|24461&4&300.91822530240586|24463&4&19.04832190439501|24464&4&411.54865767752943|24490&4&881.6291114048776|24500&4&28.386161103585525,2|24399&4&1.687538997430238E-14|24405&4&1080.790524046166|24406&4&72.1020544323477|24434&4&4893.989672645609|24444&4&788.5566964256997|24469&4&84.94398025910138|24470&4&336.8714577746056|24475&4&452.2667438214314|24484&4&51.92939294086011|24485&4&2148.6595127433848|24490&4&-1.865174681370263E-14|24495&4&234.57802976648765|24501&4&56.13062056772033,2|24397&4&640.5599844742633|24402&4&31.602925858264104|24409&4&104.10950986788572|24416&4&2084.6685841552744|24418&4&393.59369729849425|24424&4&462.4327521681674|24427&4&6.886545888779907|24428&4&209.7367107888384|24432&4&2302.3723810591673|24464&4&66.60544460759957|24468&4&609.0700913697917|24469&4&3.181061733512157|24485&4&224.33515498728414|24487&4&306.9579457635187|24511&4&4.312896806637658,2|24397&4&307.7794069793432|24400&4&1135.9738094629718|24403&4&345.148122170574|24406&4&942.1250303411456|24409&4&629.2013805608995|24412&4&315.14532603699377|24413&4&620.5919868753754|24418&4&891.4684336391044|24427&4&421.6915799964621|24428&4&893.9039428369829|24442&4&990.1901607733736|24446&4&1086.357787808346|24450&4&1110.4523056968249|24451&4&2046.843279398181|24452&4&1399.9387192283652|24456&4&771.3088792368865|24464&4&80.60263355891296|24465&4&1046.4653403799362|24467&4&3173.8649134724556|24473&4&1046.0683196306234|24482&4&388.4278151405738|24483&4&1381.9613681546134|24492&4&400.98398455472|24501&4&66.34657625640399|24512&4&92.00281648816598,2|24409&4&647.0376007950473|24417&4&3229.0076734783916|24425&4&64.69869932376|24426&4&591.1563516934468|24431&4&2172.326131778369|24439&4&718.595346207024|24440&4&736.5859413784693|24441&4&273.255057565214|24448&4&570.4211544920654|24459&4&87.63958934353751|24460&4&904.938383494137|24479&4&2128.856698922|24482&4&1929.6886209690456|24484&4&111.68992156704611|24491&4&442.6729972055469|24495&4&329.34569437249667|24498&4&298.43142050263646|24500&4&772.6486430455873|24512&4&85.17138339476197,2|24401&4&982.5178067480495|24402&4&1136.143360446209|24414&4&745.0879447565458|24418&4&808.7208696101159|24438&4&612.9140148010481|24448&4&115.01105364859473|24453&4&1834.6743063986387|24459&4&737.9365673879522|24461&4&738.0836270442315|24462&4&944.1974131281887|24464&4&33.03824023130072|24468&4&394.8294642510868|24471&4&772.3089175802752|24472&4&946.8723386069472|24475&4&0.32364572191903895|24484&4&1831.4061391487953|24495&4&90.12541065901091|24500&4&98.42431804452231
207|4,130,1,1,1,1,1,1,1,1,1,1,1,1,1,1,1,1,1,1,1,1,1,1,1,1,1,1,1,1,1,1,1,1,1,1,1,1,1,1,1,1,1,1,1,1,1,1,1,1,1,1,1,1,1,1,1,1,1,1,1,1,1,1,1,1,1,1,1,1,1,1,1,1,1,1,1,1,1,1,1,1,1,1,1,1,1,1,1,1,1,1,1,1,1,1,1,1,1,1,1,1,0,0,0,0,0,0,0,0,0,0,0,0,0,0,0,0,0,0,0,0,2|24398&4&329.24151303329165|24407&4&942.3056001115098|24408&4&494.3370761929999|24412&4&494.6439722092892|24415&4&687.0492715781817|24419&4&1502.921860479741|24420&4&412.11132150909066|24427&4&900.7272428927532|24429&4&1733.7776812880443|24442&4&1252.435420698962|24447&4&89.91161069427005|24457&4&245.2427661039494|24463&4&648.4389935921203|24465&4&195.98591793461284|24466&4&76.3617327688735|24481&4&3.6609047653361966|24492&4&56.772640121873444|24511&4&454.9919893371252|24514&4&230.97543108689874,2|24399&4&172.6397742502122|24410&4&1937.3802289556916|24411&4&1554.567809591143|24414&4&39.95677507518455|24421&4&665.853094913387|24422&4&688.692971532781|24423&4&2110.40892596545|24437&4&324.5543630026961|24440&4&256.3365434901348|24460&4&7.460698725481052E-14|24476&4&1840.8149718992381|24478&4&1512.0907967678672|24479&4&101.3858603278453|24480&4&597.2995681818587|24492&4&22.41357048097771,2|24403&4&108.15042245417027|24404&4&2168.760560096275|24405&4&435.7178044104963|24412&4&76.42338032981057|24415&4&15.506474719707198|24434&4&609.5559275775411|24435&4&1869.0856699023666|24445&4&1497.7476245509263|24450&4&110.33282016080949|24474&4&17.119773453722125|24479&4&193.9067981289288|24486&4&820.8248976164639|24489&4&659.419278031925|24490&4&166.67608957493218|24493&4&1487.4196269083232|24494&4&812.0949358755188|24498&4&106.7841584404682,2|24403&4&267.9093557412416|24407&4&-8.881784197001252E-16|24408&4&438.34541101868916|24409&4&275.4634438061602|24424&4&550.6979551956417|24426&4&7.562409131131506|24430&4&1169.607700151623|24439&4&94.3138529924561|24443&4&2245.289785113714|24455&4&1538.6507991006579|24461&4&711.8066327184176|24473&4&9.998177382252766|24477&4&1551.7247821945575|24486&4&847.6382810988468|24488&4&1393.3631775412503|24489&4&208.72462975987503|24492&4&91.45643493494737|24493&4&674.4456688856421|24500&4&365.0796522825712|24503&4&37.47391462390332,2|24397&4&72.88911017217711|24399&4&3059.545177603603|24402&4&163.11474927769|24420&4&55.559071715066864|24433&4&1173.3341023684666|24436&4&1799.8875475149116|24437&4&237.47905095158075|24441&4&200.96516333935404|24448&4&120.86239204635328|24449&4&1061.9725847265252|24454&4&891.3078669728168|24458&4&33.98358450988649|24461&4&241.31134570140532|24463&4&105.55383879025436|24464&4&383.6926698428706|24490&4&799.3279968993901|24500&4&15.630250035073278,2|24405&4&969.9197208096977|24406&4&53.57376415082525|24434&4&4446.910294784071|24444&4&703.7453475750407|24469&4&60.516327865516686|24470&4&308.9863959806818|24475&4&469.0461502423391|24484&4&46.159460391875655|24485&4&1989.750534718874|24495&4&199.4530512177368|24501&4&46.27139932570334,2|24397&4&580.2230827225409|24402&4&16.97439516011216|24409&4&96.67311630589388|24415&4&272.45383004191314|24416&4&2202.9742872280203|24418&4&322.98497511070843|24424&4&383.902532065414|24427&4&2.6645352591003757E-14|24428&4&159.36080663774888|24432&4&2360.764850982554|24464&4&63.27517237721959|24468&4&570.8600819059363|24469&4&2.862955560160941|24485&4&173.6771714573442|24487&4&288.81836629831815|24511&4&1.4210854715202004E-14,2|24397&4&292.1528381577374|24400&4&1006.2728104663686|24403&4&290.69465313095543|24406&4&871.0287286256068|24409&4&594.315836039582|24412&4&380.8597020651686|24413&4&648.6292448734507|24418&4&1005.0460818954758|24427&4&641.7406963138894|24428&4&1044.5818838259734|24442&4&991.1334882934408|24446&4&1204.6547220711589|24450&4&1157.9411881451956|24451&4&1997.2417486124368|24452&4&1532.0214801449229|24456&4&725.8794656576666|24464&4&69.82139015854092|24465&4&1345.0733533135308|24467&4&3030.7754609122558|24473&4&1081.7187945195883|24482&4&303.7249917497239|24483&4&1244.8904452734332|24492&4&434.30348852377733|24501&4&60.21761885336624|24512&4&86.89154890549008,2|24409&4&588.2800985475628|24417&4&2967.1977955415414|24425&4&59.867878537865636|24426&4&704.9467008347407|24431&4&2211.150631287183|24439&4&642.6947279025635|24440&4&705.8929735320205|24441&4&339.1999445022523|24448&4&531.90280068429|24459&4&67.356280069117|24460&4&974.3687614857391|24479&4&1955.3322577249912|24482&4&2064.0635550017805|24484&4&89.07539828596559|24490&4&20.755580117168563|24491&4&420.6075319024389|24495&4&588.6178050437761|24498&4&271.7102654869934|24500&4&704.8737116156728|24512&4&80.1613020185995,2|24401&4&993.3048007986187|24402&4&1042.1077416259734|24414&4&810.6492715544935|24418&4&751.7440138540828|24438&4&668.7815485822521|24448&4&103.04798134749984|24453&4&1963.9679908584312|24459&4&682.5632194386237|24461&4&677.008813627177|24462&4&860.4681580917055|24464&4&24.85649541791458|24468&4&339.92568081787545|24471&4&698.8690623655964|24472&4&1085.1292603157913|24475&4&0.1618228609595187|24484&4&1790.626584772901|24495&4&81.11286959310982|24500&4&87.48828270624205
208|4,130,1,1,1,1,1,1,1,1,1,1,1,1,1,1,1,1,1,1,1,1,1,1,1,1,1,1,1,1,1,1,1,1,1,1,1,1,1,1,1,1,1,1,1,1,1,1,1,1,1,1,1,1,1,1,1,1,1,1,1,1,1,1,1,1,1,1,1,1,1,1,1,1,1,1,1,1,1,1,1,1,1,1,1,1,1,1,1,1,1,1,1,1,1,1,1,1,1,1,1,1,0,0,0,0,0,0,0,0,0,0,0,0,0,0,0,0,0,0,0,0,2|24398&4&307.01133768050033|24407&4&919.9114677283733|24408&4&437.3438173578203|24412&4&432.3339888605415|24415&4&625.7243783806939|24419&4&1600.5622462649483|24420&4&377.01224540821534|24427&4&794.690178701818|24429&4&1575.8168962276034|24442&4&1087.3552847756428|24447&4&183.86442458133894|24457&4&0.0|24463&4&577.7839432161468|24465&4&159.8483864517469|24466&4&70.487753325114|24481&4&3.445557426198773|24492&4&0.0|24511&4&407.862753422398|24514&4&210.0722223298419,2|24399&4&198.709841802411|24410&4&2135.6831086990182|24411&4&1453.224257187052|24414&4&13.708291061487174|24417&4&75.86317923142678|24421&4&735.8393296275359|24422&4&623.8192364839081|24423&4&2279.980194107164|24437&4&489.6992785189766|24440&4&213.06086482882878|24455&4&87.3894000545464|24476&4&1914.44419902448|24478&4&1582.0327122373783|24479&4&53.683630359571666|24480&4&738.1117980918233|24492&4&0.0,2|24403&4&271.00380206080854|24404&4&2468.170797676934|24405&4&643.6275032162722|24412&4&42.77891226780772|24415&4&-8.171241461241152E-14|24434&4&917.3824284627409|24435&4&1712.0337143744684|24445&4&1586.9523130583352|24450&4&56.027427997984134|24474&4&37.12890409533071|24479&4&730.8302521838256|24486&4&703.4607754051995|24489&4&725.1857360641422|24490&4&157.24364936226357|24493&4&1345.1857872591702|24494&4&818.6370626959216|24498&4&101.30580408138661,2|24403&4&250.32903509805095|24408&4&415.22159841959444|24409&4&231.98640520055918|24424&4&523.754473064515|24426&4&1.2434497875801753E-14|24430&4&1076.6940830338976|24439&4&331.68806101166615|24443&4&2230.633026703884|24455&4&1416.460920941788|24461&4&1136.6388405059395|24473&4&4.999088691126355|24477&4&1523.146991511527|24486&4&1144.2950186575192|24488&4&1349.8166616431558|24489&4&157.8754806091298|24492&4&0.0|24493&4&708.9300486869929|24500&4&466.49204336673534|24503&4&35.59576522226453,2|24397&4&69.24465466356826|24399&4&2749.0908974084664|24402&4&154.52976247360107|24420&4&40.20841062753277|24433&4&1079.8808397225473|24436&4&1972.3010312881147|24437&4&184.03129698874926|24441&4&151.60856943480775|24448&4&94.48044528795259|24449&4&1227.4754404586333|24454&4&823.5940017055904|24458&4&0.0|24461&4&181.70895686308194|24463&4&285.5928292910487|24464&4&355.8366820082117|24490&4&719.5859382357512|24500&4&4.821260160767159,2|24405&4&859.0489175732293|24406&4&35.045473869302775|24434&4&4022.14743884768|24444&4&618.9339987243815|24469&4&36.08867547193199|24470&4&281.10133418675804|24475&4&430.1352658672733|24484&4&40.3895278428912|24485&4&1830.8415566943631|24495&4&169.0576319705042|24501&4&37.09702987942072,2|24397&4&527.1811889133371|24402&4&6.772487040449419|24409&4&89.23672274390205|24415&4&594.0180402279102|24416&4&2321.778789670793|24418&4&265.1426238234419|24424&4&313.8272013081043|24428&4&118.77929154194396|24432&4&2274.3853862451115|24464&4&59.944900146839615|24468&4&532.6500724420811|24469&4&34.18713178850644|24485&4&123.01918792740432|24487&4&270.6787868331176,2|24397&4&276.5262693361316|24400&4&876.5718114697656|24403&4&238.57275147493047|24406&4&895.8088131197337|24409&4&559.4302915182647|24412&4&792.3708612104592|24413&4&699.428425352581|24418&4&1026.7884230296982|24427&4&780.5223276849322|24428&4&1064.8679116306594|24442&4&1277.274979498854|24446&4&1088.0132479443505|24450&4&1287.515685621317|24451&4&1828.717147256766|24452&4&1512.9775692327182|24456&4&680.450052078447|24464&4&59.0401467581689|24465&4&1414.2277707256353|24467&4&2808.40062706145|24473&4&1080.1394908211628|24482&4&232.05801111905492|24483&4&1110.3552306437196|24492&4&0.0|24501&4&54.08866145032849|24512&4&81.78028132281419,2|24409&4&529.5225963000782|24417&4&2705.3879176046917|24425&4&55.037057751971275|24426&4&798.0890140165396|24431&4&2389.7448903331165|24439&4&566.794109598103|24440&4&657.501145298292|24441&4&535.0783439832899|24448&4&493.3844468765146|24459&4&49.234952100397074|24460&4&1131.604435683281|24479&4&1781.8078165279826|24482&4&2329.495433624436|24484&4&66.46087500488505|24490&4&205.27619173820253|24491&4&376.7148849594323|24495&4&653.6602411023762|24498&4&244.98911047135044|24500&4&637.0987801857588|24512&4&75.15122064243702,2|24401&4&1051.4902107970997|24402&4&948.0721228057376|24414&4&1156.9229999348213|24418&4&694.7671580980499|24438&4&682.1655959299405|24448&4&91.08490904640496|24453&4&2226.728843771273|24459&4&627.1898714892952|24461&4&615.9340002101223|24462&4&981.5572995811892|24464&4&16.930491634979106|24468&4&285.0218973846641|24471&4&625.4292071509177|24472&4&995.4079714530369|24475&4&-1.5543122344752192E-15|24484&4&1655.9806472047308|24495&4&72.10032852720873|24500&4&76.55224736796178
209|4,130,1,1,1,1,1,1,1,1,1,1,1,1,1,1,1,1,1,1,1,1,1,1,1,1,1,1,1,1,1,1,1,1,1,1,1,1,1,1,1,1,1,1,1,1,1,1,1,1,1,1,1,1,1,1,1,1,1,1,1,1,1,1,1,1,1,1,1,1,1,1,1,1,1,1,1,1,1,1,1,1,1,1,1,1,1,1,1,1,1,1,1,1,1,1,1,1,1,1,1,1,0,0,0,0,0,0,0,0,0,0,0,0,0,0,0,0,0,0,0,0,2|24398&4&284.7811623277089|24407&4&845.5696652738532|24408&4&383.9353358746162|24412&4&370.02400551179386|24415&4&564.3994851832061|24419&4&1507.5560107171445|24420&4&341.91316930734|24427&4&702.7242000332469|24429&4&1598.1367417312454|24442&4&942.4647488193059|24447&4&178.87905869466636|24463&4&510.75781825411866|24465&4&126.55628025241079|24466&4&64.6137738813545|24481&4&3.2302100870613497|24511&4&360.73351750767074|24514&4&200.03585385852722,2|24399&4&394.63608782428474|24410&4&2070.009668375204|24411&4&1351.880704782961|24414&4&2.8421709430404007E-14|24417&4&282.6656457681883|24421&4&691.0740209572172|24422&4&558.9455014350355|24423&4&2290.714264687384|24437&4&457.7477650064922|24440&4&170.66751493997918|24455&4&187.62185613788904|24476&4&1958.0328835976716|24478&4&1467.1513803977023|24479&4&19.64934770676121|24480&4&982.6956517483466,2|24403&4&351.88631136168107|24404&4&2641.3986129370264|24405&4&845.1248923867115|24412&4&23.10963310865115|24434&4&878.6200107866771|24435&4&1555.1444049733477|24445&4&1446.3270370559887|24450&4&22.004596207367932|24474&4&35.229659456929866|24479&4&985.4681718371746|24486&4&592.9708758865082|24489&4&679.7361353399165|24490&4&147.81120914959496|24493&4&1209.8188185958345|24494&4&827.4778588376864|24498&4&95.827449722305,2|24403&4&232.74871445486028|24408&4&392.09778582049967|24409&4&188.50936659495812|24424&4&706.9757828861698|24430&4&955.5875755087468|24439&4&395.1942081578513|24443&4&2532.7386819518015|24455&4&1297.8512025461862|24461&4&1222.825114452796|24473&4&-2.8421709430404007E-14|24477&4&1628.1062788689158|24486&4&1368.5989092907248|24488&4&1312.6618042074947|24489&4&113.1595187424103|24493&4&829.745962479544|24500&4&441.7811809331872|24503&4&33.71761582062574,2|24397&4&65.6001991549594|24399&4&2451.1304677044973|24402&4&145.94477566951213|24408&4&67.81235240833695|24420&4&24.85774953999868|24433&4&986.4275770766282|24436&4&1936.5309511809178|24437&4&141.21544159629752|24441&4&119.88189883554728|24448&4&68.09849852955188|24449&4&1276.7354296547433|24454&4&1151.732345078799|24461&4&136.8788355289665|24463&4&354.3026549242763|24464&4&327.9806941735528|24475&4&21.990694576485197|24490&4&645.0201540031071|24500&4&3.019806626980426E-14,2|24405&4&750.2042088123351|24406&4&16.517183587780313|24434&4&3609.2028609053496|24444&4&534.1226498737224|24446&4&486.2534823102359|24465&4&8.78016204020878|24469&4&11.661023078347291|24470&4&253.2162723928343|24475&4&391.22438149220767|24484&4&34.61959529390674|24485&4&1996.6537994123164|24495&4&138.66221272327155|24501&4&27.92266043313809|24503&4&17.544894327357042,2|24397&4&474.1392951041334|24402&4&-4.796163466380676E-14|24409&4&81.80032918191021|24415&4&563.63600364141|24416&4&2170.8215642796554|24418&4&217.25348135899011|24424&4&243.7518705507945|24428&4&88.75834253984964|24432&4&2292.748642125593|24464&4&69.82898700731651|24468&4&494.4400629782258|24469&4&489.7689681035047|24485&4&72.36120439746442|24487&4&275.96619721985644|24500&4&118.85405923405764,2|24397&4&260.89970051452576|24400&4&1153.9512155095283|24403&4&200.4162476241855|24406&4&1051.686269208576|24409&4&524.5447469969472|24412&4&985.5086179890266|24413&4&799.1361750770604|24418&4&1143.7253719665362|24427&4&817.1301080632358|24428&4&997.2576235057603|24442&4&1559.0314573933042|24446&4&967.1387554139243|24450&4&1732.278317246313|24451&4&1660.1925459010954|24452&4&1688.6249082530862|24456&4&635.0206384992273|24464&4&48.25890335779687|24465&4&1326.5088616869289|24467&4&2578.2239989510476|24473&4&1061.161773849581|24482&4&171.263677468778|24483&4&997.1722843907542|24492&4&56.42264661569257|24501&4&47.95970404729074|24512&4&76.6690137401383,2|24409&4&470.7650940525937|24417&4&2443.5780396678415|24425&4&50.206236966076915|24426&4&724.029818559431|24431&4&2490.9080051831666|24439&4&499.01700540141326|24440&4&609.1093170645634|24441&4&646.0662130974545|24448&4&454.8660930687392|24459&4&31.11362413167714|24460&4&1298.8132132298015|24479&4&1608.2833753309742|24482&4&2354.927682050755|24484&4&43.84635172380452|24490&4&366.3533345718422|24491&4&428.11570830688794|24495&4&609.0615087489147|24498&4&218.2679554557074|24500&4&569.3238487558444|24512&4&70.14113926627455,2|24398&4&44.41197678636786|24401&4&1128.7864648539207|24402&4&854.0365039855018|24414&4&1384.9422425041098|24418&4&637.790302342017|24438&4&696.5842189895329|24448&4&79.1218367453101|24453&4&2380.9006655915546|24459&4&755.0355106470499|24461&4&554.8591867930678|24462&4&893.9179288459073|24464&4&9.004487852043628|24468&4&230.11811395145276|24471&4&551.9893519362389|24472&4&905.6866825902825|24484&4&1521.3347096365603|24495&4&63.08778746130764|24500&4&65.61621202968152
210|4,130,1,1,1,1,1,1,1,1,1,1,1,1,1,1,1,1,1,1,1,1,1,1,1,1,1,1,1,1,1,1,1,1,1,1,1,1,1,1,1,1,1,1,1,1,1,1,1,1,1,1,1,1,1,1,1,1,1,1,1,1,1,1,1,1,1,1,1,1,1,1,1,1,1,1,1,1,1,1,1,1,1,1,1,1,1,1,1,1,1,1,1,1,1,1,1,1,1,1,1,1,0,0,0,0,0,0,0,0,0,0,0,0,0,0,0,0,0,0,0,0,2|24398&4&262.5509869749175|24407&4&771.2278628193327|24408&4&331.8473667991806|24412&4&307.71402216304625|24415&4&503.07459198571837|24419&4&1437.3065586265682|24420&4&306.81409320646463|24427&4&610.7653267730554|24429&4&1954.9654835895926|24442&4&820.6264891031361|24447&4&187.402519294527|24457&4&0.0|24463&4&455.92393383856717|24465&4&93.26417405307468|24466&4&58.73979443759501|24481&4&3.0148627479239263|24511&4&366.12993100647674|24514&4&178.58930308718323,2|24399&4&712.5318825367664|24410&4&1917.0435338462403|24411&4&1250.5371523788701|24417&4&504.99022073320197|24421&4&641.8708178320062|24422&4&494.07176638616266|24423&4&2176.873938977437|24437&4&425.79625149400783|24440&4&128.27416505112956|24455&4&236.68579423251248|24476&4&1795.3124994895522|24478&4&1767.655886409721|24479&4&-3.552713678800501E-14|24480&4&1066.5243125093793,2|24403&4&467.74104857666043|24404&4&2426.6077187368346|24405&4&952.8540202340387|24412&4&10.466295418147975|24434&4&1069.5678932193514|24435&4&1407.907778877285|24445&4&1305.7017610536425|24450&4&6.270552671740332|24474&4&0.0|24479&4&1344.967109136923|24486&4&498.34301581084|24489&4&804.0230634274865|24490&4&138.37876893692635|24493&4&1079.406684672642|24494&4&917.245724524048|24498&4&90.3490953632234,2|24403&4&215.1683938116696|24408&4&368.973973221405|24409&4&145.03232798935707|24424&4&906.1290697310568|24430&4&911.6231363656788|24439&4&384.66242172475205|24443&4&2364.741754007316|24455&4&1191.7080132608512|24461&4&1426.309862889862|24477&4&1665.226719784976|24486&4&1290.1117205111022|24488&4&1557.3914328336277|24489&4&75.8015625162095|24493&4&919.6509212437825|24500&4&417.07031849963903|24503&4&31.83946641898695,2|24397&4&130.93222009563294|24399&4&2169.1259451552155|24402&4&137.35978886542318|24408&4&88.38435678103565|24420&4&13.553785842248455|24433&4&892.974314430709|24436&4&1792.3587600815738|24437&4&98.57640944034247|24441&4&89.77019669554313|24448&4&41.71655177115118|24449&4&1498.986735214165|24454&4&1258.6954112296817|24461&4&92.9186544484545|24463&4&456.76943910038807|24464&4&300.124706338894|24475&4&60.34194738112621|24490&4&571.5427466156899,2|24405&4&651.8561082349049|24406&4&5.419678738255896|24407&4&109.98536705690492|24434&4&3200.379019994643|24444&4&694.475208314622|24446&4&676.0087566440616|24465&4&8.34115393819834|24469&4&0.0|24470&4&225.3312105989105|24475&4&352.313497117142|24484&4&28.849662744922284|24485&4&2345.5257790282485|24486&4&203.51010871617063|24495&4&108.26679347603893|24501&4&18.748290986855466|24503&4&31.409629191598686,2|24397&4&421.0974012949297|24409&4&74.36393561991838|24415&4&533.2539670549097|24416&4&2134.6621624653653|24418&4&169.36433889453832|24424&4&188.62807172835187|24428&4&58.73739353775536|24432&4&2304.1003061900497|24464&4&65.83799682239369|24468&4&456.2300535143705|24469&4&0.0|24485&4&22.431516804944966|24487&4&278.6087650478977|24500&4&243.21290185216355,2|24397&4&245.27313169291995|24400&4&1474.6780265832135|24403&4&171.35822389302186|24406&4&1125.364992206466|24409&4&489.6592024756298|24412&4&1001.7636998284139|24413&4&860.3850807307081|24418&4&1277.2760095939736|24427&4&807.5460798542358|24428&4&929.647335380861|24442&4&1483.667478104573|24446&4&866.5064061548945|24450&4&1957.9613195584438|24451&4&1580.2545949866112|24452&4&1779.0928865801193|24456&4&824.6082560796606|24464&4&37.477659957424834|24465&4&1238.789952648222|24467&4&2327.0806932099786|24473&4&969.3018912412188|24482&4&118.992417197343|24483&4&883.989338137789|24492&4&53.60151428490794|24501&4&41.83074664425298|24512&4&71.5577461574624,2|24409&4&412.0075918051092|24417&4&2190.0926218743243|24425&4&45.375416180182555|24426&4&668.0677936338429|24431&4&2792.2078829244356|24439&4&433.61724947563096|24440&4&560.7174888308348|24441&4&612.4845306943542|24448&4&472.1466061550998|24459&4&21.901645694030137|24460&4&1403.5493310488173|24479&4&1434.7589341339656|24482&4&2388.5325407060573|24484&4&21.23182844272398|24490&4&347.4679939660971|24491&4&377.4614227969693|24495&4&564.4627763954531|24498&4&191.54680044006437|24500&4&501.54891732593006|24512&4&65.13105789011207,2|24398&4&163.3712528982192|24401&4&1022.4218885352445|24402&4&760.0008851652659|24414&4&1495.8511119466368|24418&4&580.8134465859839|24438&4&674.1781234021046|24448&4&67.15876444421522|24453&4&2451.9920933926314|24459&4&772.3115632956278|24461&4&493.78437337601315|24462&4&806.2785581106257|24464&4&4.502243926021819|24468&4&179.32179806328298|24471&4&478.5494967215601|24472&4&815.9653937275282|24484&4&1639.0778048705538|24495&4&54.07524639540655|24500&4&54.68017669140126
211|4,130,1,1,1,1,1,1,1,1,1,1,1,1,1,1,1,1,1,1,1,1,1,1,1,1,1,1,1,1,1,1,1,1,1,1,1,1,1,1,1,1,1,1,1,1,1,1,1,1,1,1,1,1,1,1,1,1,1,1,1,1,1,1,1,1,1,1,1,1,1,1,1,1,1,1,1,1,1,1,1,1,1,1,1,1,1,1,1,1,1,1,1,1,1,1,1,1,1,1,1,1,0,0,0,0,0,0,0,0,0,0,0,0,0,0,0,0,0,0,0,0,2|24398&4&240.3208116221261|24407&4&696.8860603648122|24408&4&289.9411835442777|24412&4&245.40403881429862|24415&4&441.7496987882306|24419&4&1410.523429567422|24420&4&342.2160783856922|24427&4&524.8030691902479|24429&4&1970.9463052635106|24442&4&702.602955385689|24447&4&174.0524730826785|24457&4&0.0|24463&4&413.73834338797553|24465&4&60.41564895518713|24466&4&52.865814993835514|24481&4&2.799515408786503|24484&4&238.89393497878817|24511&4&400.62354382483926|24514&4&157.14275231583926,2|24399&4&876.8185128530431|24401&4&50.32360755642475|24404&4&266.0360222896438|24410&4&1764.0773993172766|24411&4&1206.326567810921|24417&4&925.4472272516709|24421&4&586.2755447682938|24422&4&429.19803133728993|24423&4&2100.0107423766162|24437&4&532.3517784055814|24440&4&85.88081516227996|24451&4&216.06525766287007|24455&4&0.0|24462&4&259.27517887849683|24476&4&1653.7751473726144|24478&4&1820.7414894411388|24480&4&987.1348523673222,2|24403&4&533.5476404034591|24404&4&2204.272699993873|24405&4&1023.3112038815559|24412&4&-5.6843418860808015E-14|24434&4&1194.9871822952825|24435&4&1578.8287749470248|24445&4&1172.9838913517713|24450&4&-5.1514348342607263E-14|24479&4&1512.018925056539|24486&4&417.192160815623|24489&4&1069.3762399963496|24490&4&128.94632872425774|24493&4&955.6736076639229|24494&4&1057.2144284025378|24498&4&84.8707410041418,2|24403&4&197.58807316847896|24408&4&345.85016062231017|24409&4&101.55528938375602|24424&4&916.9299216837344|24430&4&1135.7080595940984|24439&4&363.1653188481184|24443&4&2160.0566593658573|24455&4&0.0|24461&4&1442.3276030880095|24477&4&1976.2505529624991|24486&4&1211.6245317314792|24488&4&1435.052412794605|24489&4&46.80034158665436|24493&4&1008.0259596004835|24500&4&392.35945606609084|24503&4&29.961317017348158,2|24397&4&123.83894076455998|24399&4&1907.282001127051|24402&4&128.77480206133424|24408&4&455.08239292823373|24420&4&2.2498221444982036|24433&4&1039.8081274329757|24436&4&1688.8630611338272|24437&4&57.14934940939066|24441&4&59.65849455553899|24448&4&24.006356660151045|24449&4&1556.4636270537258|24454&4&1136.2602093850298|24461&4&61.99858418014594|24463&4&502.24724987650694|24464&4&272.26871850423515|24475&4&171.61175176509832|24490&4&499.0887380815064,2|24405&4&566.3285307629262|24406&4&1.3797515394980102|24407&4&221.7953928739778|24434&4&2804.5993366595735|24444&4&949.3794002269345|24446&4&776.5061517380262|24465&4&148.725545377125|24470&4&197.44614880498673|24475&4&313.40261274207626|24484&4&23.079730195937827|24485&4&2337.143883094783|24486&4&527.936150243317|24495&4&77.8713742288063|24501&4&9.573921540572837|24503&4&29.79528549620036,2|24397&4&370.15461040454886|24409&4&66.92754205792654|24415&4&627.0760509037115|24416&4&1965.4091240428154|24418&4&126.00151000672125|24424&4&140.907476067457|24428&4&28.716444535661083|24431&4&464.11202199381114|24432&4&2205.7091806455537|24464&4&143.98977200283258|24468&4&790.4757941112393|24469&4&52.702982928726286|24485&4&-1.4921397450962104E-13|24487&4&258.2001612508082|24500&4&361.5898761907083,2|24397&4&229.64656287131413|24400&4&1604.828065652744|24403&4&142.30020016185813|24406&4&1201.0849107064219|24409&4&455.2415548935848|24412&4&1109.9650445608659|24413&4&792.7061174212831|24418&4&1472.5752045625288|24427&4&828.7157759187528|24428&4&1071.9565853520617|24442&4&1386.1630874991567|24446&4&771.6788035661641|24450&4&2029.6908385847191|24451&4&1419.7135621552864|24452&4&1798.5824722056439|24456&4&771.4429080229806|24464&4&26.696416557052807|24465&4&1151.0710436095153|24467&4&2085.1135041662246|24473&4&865.041343932092|24482&4&81.4009137925299|24483&4&770.8063918848239|24492&4&73.21326922448911|24501&4&35.70178924121523|24512&4&66.44647857478651,2|24409&4&353.2500895576247|24417&4&1947.6282118187883|24425&4&40.544595394288194|24426&4&984.9610133282848|24431&4&2548.3295189806727|24439&4&368.21749354984865|24440&4&512.3256605971062|24441&4&565.3590527222302|24448&4&430.83830900261756|24459&4&14.231946337646297|24460&4&1691.372687648204|24479&4&1261.234492936957|24482&4&2356.0771905346865|24484&4&8.526512829121202E-14|24490&4&364.3726043591913|24491&4&432.1085613537538|24495&4&519.8640440419915|24498&4&164.82564542442137|24500&4&433.7739858960158|24512&4&60.12097651394961,2|24398&4&203.14207060293683|24401&4&916.0573122165687|24402&4&670.286476515462|24414&4&1511.7073966506164|24418&4&523.8365908299509|24438&4&659.8737385298969|24448&4&55.19569214312036|24453&4&2717.9311028328384|24459&4&703.6867484932823|24461&4&432.7095599589586|24462&4&718.6391873753438|24464&4&3.552713678800501E-14|24468&4&128.52548217511327|24471&4&482.1263151705997|24472&4&773.3710882770202|24484&4&1491.812415662275|24495&4&45.06270532950546|24500&4&43.744141353120995
212|4,130,1,1,1,1,1,1,1,1,1,1,1,1,1,1,1,1,1,1,1,1,1,1,1,1,1,1,1,1,1,1,1,1,1,1,1,1,1,1,1,1,1,1,1,1,1,1,1,1,1,1,1,1,1,1,1,1,1,1,1,1,1,1,1,1,1,1,1,1,1,1,1,1,1,1,1,1,1,1,1,1,1,1,1,1,1,1,1,1,1,1,1,1,1,1,1,1,1,1,1,1,0,0,0,0,0,0,0,0,0,0,0,0,0,0,0,0,0,0,0,0,2|24398&4&218.09063626933468|24407&4&622.544257910292|24408&4&257.94352915799465|24412&4&183.09405546555098|24415&4&382.7330186538975|24419&4&1601.4468857927664|24420&4&314.31303272593385|24427&4&438.84081160744057|24429&4&2000.4305473698414|24442&4&584.5794216682419|24447&4&0.0|24463&4&371.5527529373839|24465&4&36.1602984033873|24466&4&46.99183555007602|24481&4&2.5841680696490794|24484&4&647.7103530371392|24511&4&359.4949934962985|24514&4&135.69620154449524,2|24399&4&1054.8381789790076|24401&4&326.29711751460474|24404&4&351.7717816663384|24410&4&1611.1112647883133|24411&4&1102.1263670150229|24417&4&1305.6459538515273|24421&4&531.2100979828839|24422&4&428.96058720386895|24423&4&2549.706076494639|24437&4&888.0971639016847|24440&4&48.227646677680156|24441&4&0.0|24451&4&205.26199477972656|24462&4&246.311419934572|24476&4&1993.2317845360517|24478&4&1650.823191605316|24480&4&907.745392225265,2|24403&4&503.7172558831062|24404&4&1993.6209430691174|24405&4&962.9852350158897|24434&4&1664.0065693611584|24435&4&1699.3161894715613|24445&4&1091.7379374924158|24479&4&1606.5904177312573|24486&4&342.1452903141571|24489&4&1198.802219671323|24490&4&119.5138885115891|24493&4&850.5710003325405|24494&4&1071.8301509896369|24498&4&79.39238664506021,2|24403&4&180.00775252528828|24408&4&322.72634802321545|24409&4&68.68165127537193|24424&4&1059.8992339717947|24430&4&1195.845744115407|24439&4&341.66821597148464|24443&4&1963.8583523138932|24461&4&1348.249911392111|24477&4&1868.9244256814688|24486&4&1133.1373429518567|24488&4&1681.9835778424363|24489&4&25.8339323877609|24493&4&1069.116215532676|24500&4&367.64859363254266|24503&4&28.083167615709367,2|24397&4&116.745661433487|24399&4&1663.3859194829633|24402&4&178.02417219767744|24408&4&431.92930496479755|24420&4&0.0|24433&4&940.9171380328398|24436&4&1546.0687375508394|24437&4&25.13218337861744|24441&4&0.0|24448&4&6.661021581828379|24449&4&1560.178308128723|24454&4&1191.3842378812872|24461&4&39.80126287619433|24463&4&473.84841491383236|24464&4&244.41273066957632|24475&4&162.8225837351273|24490&4&428.9476517991384,2|24405&4&490.8806775923731|24406&4&-9.325873406851315E-15|24407&4&210.43065981263663|24434&4&2429.0570626979415|24444&4&860.1591646518225|24446&4&734.7144068684503|24465&4&331.4053640938462|24470&4&169.56108701106297|24475&4&278.8775768292352|24484&4&17.30979764695337|24485&4&2126.149793396168|24486&4&539.7556148053266|24495&4&47.47595498157366|24501&4&3.2355524631385872|24503&4&50.19655730449455,2|24397&4&319.4215048075338|24409&4&59.49114849593471|24415&4&764.2615629452398|24416&4&1872.8829112680614|24418&4&89.6133276051258|24424&4&100.09674344317276|24428&4&9.55935246156822|24431&4&626.3205756475727|24432&4&2020.9402619648727|24464&4&200.77832371419345|24468&4&1014.4830894671989|24469&4&50.06783378228997|24487&4&237.7915574537188|24500&4&483.84000600009574,2|24397&4&214.01999404970832|24400&4&1541.9187968335905|24403&4&115.00961627326048|24406&4&1193.8694822789644|24409&4&811.6492779565037|24412&4&1232.250030870915|24413&4&725.027154111858|24418&4&1573.8715671355553|24427&4&1050.4118014890541|24428&4&1557.599768365042|24442&4&1288.6586968937406|24446&4&685.9337838990241|24450&4&2025.886340092638|24451&4&1265.3825782098688|24452&4&1957.4091921345203|24456&4&714.0618970317522|24464&4&15.915173156680769|24465&4&1063.3521345708086|24467&4&1843.1463151224707|24473&4&1106.5592703753891|24482&4&48.58268381186343|24483&4&893.8636576503898|24492&4&69.27049253018619|24501&4&29.57283183817747|24512&4&61.335210992110625,2|24409&4&294.49258731014015|24417&4&1719.6908460775674|24425&4&35.71377460839383|24426&4&914.167429206407|24431&4&2340.6718815315035|24439&4&305.1957579134142|24440&4&801.3265465819599|24441&4&0.0|24448&4&653.2578534565707|24459&4&7.6519976234053315|24460&4&1606.8004680098115|24479&4&1116.9679280995622|24482&4&2179.2679622110695|24490&4&412.1410852149665|24491&4&541.0334756608547|24495&4&539.2808021426271|24498&4&139.9484949689702|24500&4&378.41914654682375|24512&4&55.11089513778714,2|24398&4&192.45995750148023|24401&4&825.3399040384851|24402&4&582.0162081551147|24414&4&1412.1518088916841|24418&4&466.8597350739178|24438&4&849.0673251021783|24448&4&43.232619842025485|24453&4&2561.782784064424|24459&4&635.0619336909365|24461&4&371.634746541904|24462&4&641.6501941230254|24468&4&82.58085940027749|24471&4&785.5552857316454|24472&4&860.1906957518564|24484&4&1344.5470264539968|24495&4&36.05016426360437|24500&4&32.80810601484073
213|4,130,1,1,1,1,1,1,1,1,1,1,1,1,1,1,1,1,1,1,1,1,1,1,1,1,1,1,1,1,1,1,1,1,1,1,1,1,1,1,1,1,1,1,1,1,1,1,1,1,1,1,1,1,1,1,1,1,1,1,1,1,1,1,1,1,1,1,1,1,1,1,1,1,1,1,1,1,1,1,1,1,1,1,1,1,1,1,1,1,1,1,1,1,1,1,1,1,1,1,1,1,0,0,0,0,0,0,0,0,0,0,0,0,0,0,0,0,0,0,0,0,2|24398&4&195.86046091654327|24407&4&548.2024554557717|24408&4&227.9791113766325|24412&4&124.26959235026227|24415&4&328.16220835993977|24419&4&1737.7609802649094|24420&4&364.89358778083624|24427&4&356.8705604371575|24429&4&1816.5744832346154|24442&4&466.55588795079484|24463&4&329.36716248679215|24465&4&19.726612993156465|24466&4&90.72081398724764|24481&4&63.74617981787175|24484&4&844.0084182270973|24511&4&408.1306072030213|24514&4&114.24965077315127,2|24399&4&1029.2201637061432|24401&4&309.85645261998343|24404&4&400.4332321253829|24410&4&1458.1451302593496|24411&4&997.9261662191248|24417&4&1463.644229244029|24421&4&520.172400063828|24422&4&367.21903116720324|24423&4&2794.982511375096|24437&4&1072.9733182200696|24440&4&24.593153630954557|24441&4&129.34813950997767|24451&4&390.08041206585386|24462&4&233.34766099064717|24476&4&2131.802555131691|24478&4&1484.2328479376847|24480&4&828.355932083208,2|24403&4&535.9076927632539|24404&4&1795.9971749494805|24405&4&902.659266150223|24434&4&2272.268356325022|24435&4&1680.7216387476424|24445&4&1323.5773550899344|24474&4&12.745420105028252|24479&4&1773.7081173274019|24486&4&270.25211897362857|24489&4&1118.9349679684997|24490&4&110.08144829892049|24493&4&745.4683930011579|24494&4&982.3269796975876|24498&4&73.9140322859786,2|24403&4&162.4274318820976|24408&4&299.6025354241207|24409&4&45.78776751691458|24424&4&1385.1379987697132|24430&4&1355.5963485626949|24439&4&631.3342087146664|24443&4&2142.1337440590237|24461&4&1431.3253394927365|24477&4&1740.0323431647723|24486&4&1054.6501541722341|24488&4&1988.1825860295507|24489&4&14.04357967504348|24493&4&1043.3255699130254|24500&4&342.9377311989945|24503&4&26.205018214070574,2|24397&4&109.65238210241402|24399&4&1436.8584971534824|24402&4&182.9425148282711|24408&4&408.77621700136143|24433&4&842.0261486327042|24436&4&1403.2744139678518|24437&4&11.78868866945773|24448&4&-4.796163466380676E-14|24449&4&1474.4513040304757|24454&4&1188.2433649214393|24461&4&17.60394157224268|24463&4&445.4495799511576|24464&4&216.55674283491743|24475&4&154.0334157051563|24490&4&361.7143369953619,2|24405&4&419.01552845681886|24407&4&199.06592675129548|24434&4&2067.7865034103033|24444&4&909.1619453485234|24446&4&692.9226619988744|24465&4&386.3470616479847|24470&4&141.67602521713923|24475&4&246.4993680135912|24484&4&11.539865097968914|24485&4&1915.1557036975537|24486&4&510.91377965407196|24495&4&17.080535734341023|24501&4&-2.398081733190338E-14|24503&4&47.4814328339116,2|24397&4&269.0363050360833|24409&4&52.054754933942874|24415&4&947.748025358896|24416&4&1977.6415753964257|24418&4&53.28639906878401|24424&4&64.72067758124389|24428&4&0.20195278650509338|24431&4&650.0306837070558|24432&4&1975.1746791552082|24447&4&48.07725792244407|24464&4&366.79150992053223|24468&4&1071.9481416155113|24469&4&47.43268463585366|24487&4&0.0|24500&4&457.77800564148833,2|24397&4&198.3934252281025|24400&4&1675.1952211852995|24403&4&87.71903238466284|24406&4&1171.4463565094534|24409&4&818.6130605967627|24412&4&1208.1438439155982|24413&4&726.9265744499427|24418&4&1637.711297164898|24427&4&1183.0890254831336|24428&4&1496.2034508422064|24442&4&1201.8091648385264|24446&4&600.188764231884|24450&4&1878.4607715895315|24451&4&1111.0515942644508|24452&4&2040.7236548170313|24456&4&656.6808860405237|24464&4&6.927602817886533|24465&4&975.6332255321017|24467&4&1786.5175911183442|24473&4&1094.2803116262455|24482&4&23.99623422152135|24483&4&1233.456298101416|24492&4&104.18495615373615|24501&4&23.44387443513972|24512&4&56.22394340943474,2|24409&4&235.73508506265563|24417&4&1497.4139775385167|24425&4&0.0|24426&4&845.5773971507697|24431&4&2147.0397227518447|24439&4&242.17402227697977|24440&4&1199.3503443738632|24448&4&713.4433233951447|24450&4&17.21928184076512|24459&4&3.8259988117026467|24460&4&1482.5556511950124|24479&4&973.6042904440856|24482&4&2176.0232869431698|24490&4&391.90691060067286|24491&4&661.2862194019963|24495&4&696.4965045224616|24498&4&117.5968870669384|24500&4&328.65441817057484|24512&4&50.10081376162467,2|24398&4&292.993889421618|24401&4&747.9679759185133|24402&4&498.1079052045727|24414&4&1312.5962211327524|24418&4&409.8828793178848|24438&4&1030.2219577287806|24448&4&31.269547540930624|24453&4&2331.6136787822684|24459&4&566.4371188885909|24461&4&310.5599331248494|24462&4&564.661200870707|24468&4&58.49926627698265|24471&4&747.7119250730806|24472&4&970.1481285709818|24484&4&1206.9146292753485|24495&4&27.037623197703287|24500&4&21.872070676560465
214|4,130,1,1,1,1,1,1,1,1,1,1,1,1,1,1,1,1,1,1,1,1,1,1,1,1,1,1,1,1,1,1,1,1,1,1,1,1,1,1,1,1,1,1,1,1,1,1,1,1,1,1,1,1,1,1,1,1,1,1,1,1,1,1,1,1,1,1,1,1,1,1,1,1,1,1,1,1,1,1,1,1,1,1,1,1,1,1,1,1,1,1,1,1,1,1,1,1,1,1,1,1,0,0,0,0,0,0,0,0,0,0,0,0,0,0,0,0,0,0,0,0,2|24398&4&180.03741699558344|24407&4&475.6346322277617|24408&4&200.46482397445493|24412&4&74.7249240274907|24415&4&281.813180085917|24419&4&1581.1439381648352|24420&4&547.4850508459242|24427&4&283.9481060376254|24429&4&1632.71841909939|24442&4&348.53235423334775|24463&4&287.18157203620046|24465&4&3.292927582925621|24466&4&104.43491003375422|24481&4&60.46196452436632|24484&4&799.5616248538303|24511&4&451.7423716441259|24514&4&92.80310000180728,2|24399&4&1108.874223065998|24401&4&293.4984611931078|24404&4&640.3100821134209|24410&4&1368.5521904714333|24411&4&893.7259654232264|24417&4&1708.5758007856111|24421&4&698.9610953669513|24422&4&0.0|24423&4&2734.274363849503|24437&4&1063.7445076822264|24440&4&15.996797771971835|24441&4&271.26488681768797|24451&4&652.3416481367939|24462&4&288.8793670918684|24471&4&91.65214829777801|24476&4&1957.0149476383772|24478&4&1317.6425042700537|24480&4&748.966471941151|24485&4&432.9708899965357,2|24403&4&667.3453452547288|24404&4&1609.4773256681235|24405&4&864.6999737358462|24434&4&2816.795533026242|24435&4&1589.109676260679|24445&4&1240.275539004247|24474&4&12.10814909977684|24479&4&1667.6385926365292|24486&4&206.93155769790005|24489&4&1039.0677162656766|24490&4&100.64900808625187|24493&4&640.3657856697755|24494&4&892.8238084055384|24498&4&68.435677926897,2|24403&4&144.84711123890693|24408&4&276.47872282502595|24409&4&22.89388375845722|24424&4&1361.2223934864342|24430&4&1377.1768550128559|24439&4&874.1922299749826|24443&4&2342.7100729385165|24461&4&1519.56831118378|24477&4&1716.1402483867591|24486&4&976.1629653926111|24488&4&2065.8250537105587|24489&4&2.5992666683981223|24493&4&1175.7926419689884|24500&4&318.2268687654464|24503&4&24.326868812431783,2|24397&4&423.61336765931526|24399&4&1226.4517378846322|24402&4&693.2010869240167|24408&4&386.87404911876393|24433&4&817.1342729642057|24436&4&1327.4662801481163|24437&4&0.9065548690743767|24449&4&1564.4384118025791|24454&4&1445.8161899763604|24461&4&4.973799150320701E-14|24463&4&417.05074498848296|24464&4&188.70075500025857|24475&4&145.24424767518528|24490&4&294.48102219158557,2|24405&4&355.5709314519361|24407&4&187.70119368995432|24434&4&1751.322148748024|24444&4&981.2991069574399|24446&4&739.7123016313724|24465&4&648.9319080147534|24470&4&113.79096342321544|24475&4&214.1211591979472|24484&4&5.769932548984457|24485&4&1704.1616139989392|24486&4&482.07194450281736|24495&4&0.7004759971526772|24503&4&44.76630836332865,2|24397&4&218.70975194933177|24409&4&44.61836137195104|24415&4&1030.2763753209904|24416&4&2034.8817912330023|24418&4&24.26054575983665|24422&4&0.0|24424&4&41.840158005573116|24428&4&-1.27675647831893E-15|24431&4&745.7214789038713|24432&4&2153.340829259081|24447&4&45.67339502632186|24464&4&382.4119701383337|24468&4&1002.0810657949027|24469&4&44.79753548941735|24487&4&17.974572452806527|24500&4&431.71600528288093|24507&4&59.007818057746135,2|24397&4&182.7668564064967|24400&4&1845.0179928654939|24403&4&65.7874327024818|24406&4&1233.247402416338|24409&4&791.3584241637918|24412&4&1300.106188962434|24413&4&897.1583983483933|24418&4&1752.15917175711|24427&4&1289.4534181228069|24428&4&1428.27577885745|24442&4&1835.9258091592903|24446&4&514.4437445647441|24450&4&1736.1148360113575|24451&4&959.8184045289056|24452&4&1885.455302644895|24456&4&608.0189825362868|24464&4&1.389049533383406|24465&4&887.9143164933951|24467&4&1981.9553014621522|24473&4&1114.8390407803267|24482&4&10.039348990592984|24483&4&1472.7726786961998|24492&4&106.60729888001114|24501&4&17.314917032101963|24512&4&51.11267582675885,2|24409&4&176.97758281517116|24417&4&1288.0354633842321|24426&4&776.9873650951323|24431&4&1956.93847258606|24439&4&184.14063724432208|24440&4&1225.9614247575494|24448&4&737.595394061545|24450&4&41.0565578659609|24455&4&14.87484546434797|24459&4&-2.1316282072803006E-14|24460&4&1358.3108343802132|24479&4&835.2541360953503|24482&4&2060.2332525249353|24489&4&26.86715390536972|24490&4&367.6167650198143|24491&4&809.0438438468937|24495&4&857.8382868728205|24498&4&97.6927679216597|24500&4&610.9797250506737|24512&4&45.0907323854622,2|24398&4&276.7509740690817|24401&4&670.6829659828272|24402&4&414.19960225403076|24414&4&1213.0406333738204|24418&4&352.9060235618518|24438&4&1113.67342064994|24448&4&19.30647523983575|24453&4&2437.942332677545|24459&4&600.5582432742439|24461&4&249.48511970779478|24462&4&487.6722076183887|24468&4&37.95870875631469|24471&4&668.927125620381|24472&4&874.644229977246|24484&4&1069.2822320967002|24495&4&18.0250821318022|24500&4&10.936035338280199
215|4,130,1,1,1,1,1,1,1,1,1,1,1,1,1,1,1,1,1,1,1,1,1,1,1,1,1,1,1,1,1,1,1,1,1,1,1,1,1,1,1,1,1,1,1,1,1,1,1,1,1,1,1,1,1,1,1,1,1,1,1,1,1,1,1,1,1,1,1,1,1,1,1,1,1,1,1,1,1,1,1,1,1,1,1,1,1,1,1,1,1,1,1,1,1,1,1,1,1,1,1,1,0,0,0,0,0,0,0,0,0,0,0,0,0,0,0,0,0,0,0,0,2|24398&4&164.2664216138667|24407&4&404.9470289650129|24408&4&172.95053657227743|24412&4&42.412845784606|24415&4&242.3338648328517|24419&4&1435.100946590801|24420&4&497.7540760772986|24427&4&219.4652161919554|24429&4&1609.8794428858835|24442&4&246.41055968060294|24443&4&346.1329577514862|24463&4&244.99598158560875|24465&4&1.509903313490213E-14|24466&4&110.03622388718344|24481&4&87.13615091370424|24484&4&1007.6390253741959|24511&4&489.87429638596575|24514&4&78.12182067056142,2|24399&4&1458.8831401985267|24401&4&431.64731869788216|24404&4&754.5419099594371|24410&4&1399.6661799920291|24411&4&789.5257646273283|24417&4&2144.0084055656607|24421&4&634.4222440182571|24423&4&2576.9597433513673|24437&4&1032.7684771270651|24440&4&10.664531847981227|24441&4&325.3317058528536|24451&4&943.4848325033165|24462&4&422.2728427415942|24471&4&198.91859219719709|24476&4&1785.0908759784716|24478&4&1400.6092648817475|24480&4&847.0519853364933|24485&4&671.2062545472471,2|24403&4&626.1954657602582|24404&4&1436.4638113398616|24405&4&830.0753994343507|24434&4&3508.1671957898516|24435&4&1435.4316588537633|24445&4&1116.5155929380544|24474&4&11.470878094525428|24479&4&1561.569067945657|24486&4&155.44084933766703|24489&4&959.2004645628533|24490&4&91.21656787358324|24493&4&540.0512520540351|24494&4&1141.901365820877|24498&4&85.86663697737099,2|24403&4&127.26679059571627|24408&4&253.3549102259312|24409&4&-1.3500311979441904E-13|24424&4&1371.5528994077185|24430&4&1627.3674373525268|24439&4&1169.8120575786716|24443&4&2125.6635574845086|24461&4&1407.0740475292173|24477&4&1822.466441560081|24486&4&897.6757766129884|24488&4&1922.6725817407855|24489&4&-1.687538997430238E-14|24493&4&1263.3425201492669|24500&4&293.5160063318982|24503&4&22.448719410792993,2|24397&4&400.4673750838436|24399&4&1038.603036430597|24402&4&654.7768784532739|24408&4&363.65841515128585|24433&4&854.9870299517779|24436&4&1545.6181032711238|24437&4&1.1102230246251565E-15|24449&4&1489.1630449245308|24454&4&1462.2870061827377|24463&4&388.65191002580826|24464&4&160.8447671655997|24475&4&136.45507964521425|24490&4&227.24770738780919,2|24405&4&293.33147194566476|24407&4&176.33646062861317|24434&4&1473.6391354470127|24444&4&907.449436119756|24446&4&711.1686954471302|24465&4&839.1745827015636|24470&4&171.68795871647916|24475&4&181.74295038230326|24484&4&0.0|24485&4&1504.9483190290816|24486&4&602.2935721886579|24495&4&2.4424906541753444E-15|24503&4&42.0511838927457,2|24397&4&176.02065333897045|24409&4&37.181967809959204|24415&4&966.5944723454862|24416&4&1854.7332365240607|24418&4&8.449846141097359|24422&4&253.47343938225652|24424&4&30.30558746701245|24431&4&703.8870279777149|24432&4&2398.114976534831|24447&4&43.26953213019966|24464&4&360.4101899878969|24468&4&1216.5236145420638|24469&4&42.16238634298104|24487&4&17.0758438301662|24500&4&405.6540049242736|24507&4&173.64105427422976,2|24397&4&167.14028758489087|24400&4&1734.848488500685|24403&4&53.69226026522887|24406&4&1203.053988529904|24409&4&1018.0601128379546|24412&4&1568.607707696298|24413&4&898.5317219715514|24418&4&1767.2307221319627|24427&4&1380.9306197879175|24428&4&1317.7066236080345|24442&4&2031.3181450465556|24446&4&438.9846479053254|24450&4&1593.7689004331833|24451&4&820.1055173049562|24452&4&1780.97706493726|24456&4&550.2020161707086|24464&4&9.325873406851315E-15|24465&4&800.1954074546884|24467&4&2300.8233126512932|24473&4&1559.968898221874|24482&4&6.750155989720952E-14|24483&4&1334.8288701556041|24492&4&100.30626109799205|24501&4&11.185959629064211|24512&4&46.00140824408297,2|24409&4&118.22008056768664|24417&4&1085.1101367255283|24426&4&899.2524728098849|24431&4&1777.8891155569254|24439&4&139.66864003388181|24440&4&1154.760675245719|24448&4&673.1476584772834|24450&4&244.49316310538987|24455&4&14.131103191130572|24460&4&1250.499677196609|24479&4&696.9039817466148|24482&4&2185.985069664142|24489&4&144.3547407703751|24490&4&440.9450761302502|24491&4&802.676433724401|24495&4&992.3889695717021|24498&4&80.16096955596461|24500&4&740.3931056865645|24512&4&40.080651009299736,2|24398&4&267.4694082218786|24401&4&593.3979560471411|24402&4&348.2858708456156|24414&4&1113.4850456148881|24418&4&295.92916780581874|24438&4&1043.2018904888125|24448&4&9.75311408045538|24453&4&2625.2432755065583|24459&4&526.7961315124983|24461&4&188.41030629074015|24462&4&412.20193245988514|24468&4&17.41815123564673|24471&4&601.1298720236224|24472&4&1097.9832434068283|24484&4&931.6498349180521|24495&4&9.012541065901114|24500&4&-6.750155989720952E-14
216|4,130,1,1,1,1,1,1,1,1,1,1,1,1,1,1,1,1,1,1,1,1,1,1,1,1,1,1,1,1,1,1,1,1,1,1,1,1,1,1,1,1,1,1,1,1,1,1,1,1,1,1,1,1,1,1,1,1,1,1,1,1,1,1,1,1,1,1,1,1,1,1,1,1,1,1,1,1,1,1,1,1,1,1,1,1,1,1,1,1,1,1,1,1,1,1,1,1,1,1,1,1,0,0,0,0,0,0,0,0,0,0,0,0,0,0,0,0,0,0,0,0,2|24398&4&148.9835211623355|24407&4&0.0|24408&4&145.43624917009987|24412&4&21.209334070024664|24415&4&202.85454957978655|24419&4&1458.0779925509314|24420&4&448.02310130867295|24427&4&160.6137023964729|24429&4&2070.811614722503|24442&4&166.40461067348676|24443&4&328.8263098639119|24459&4&312.7732386793538|24463&4&202.81039113501706|24466&4&150.1592697759662|24477&4&218.39689389532532|24481&4&82.35401553605665|24484&4&1169.306642147144|24511&4&525.5540971205821|24514&4&64.59532466639224,2|24399&4&1368.90567378521|24401&4&407.47283732623447|24404&4&1314.137914497238|24410&4&1648.3466590062744|24411&4&685.32556383143|24415&4&14.571534771167535|24417&4&2203.2138332194363|24421&4&574.2980999290243|24423&4&2747.412019141575|24437&4&1008.1989403173835|24440&4&5.332265923990599|24441&4&337.9686659426164|24451&4&1283.216554923898|24462&4&566.1334821367566|24471&4&402.71850086711936|24476&4&1614.9793559365924|24478&4&1421.8089061781784|24480&4&1002.624178842018|24485&4&903.6565630459304,2|24403&4&585.0455862657876|24404&4&1265.0791711649765|24405&4&875.7521307077154|24434&4&3954.038101020896|24435&4&1281.7536414468475|24445&4&992.755646871862|24474&4&10.833607089274016|24479&4&2060.6015584184174|24486&4&111.70455293636832|24489&4&879.3332128600302|24490&4&81.78412766091463|24493&4&449.0143249755323|24494&4&1154.9598804449538|24498&4&117.68434258619568,2|24403&4&109.68646995252561|24408&4&230.2310976268365|24424&4&1274.0342162550369|24430&4&1534.050672426803|24439&4&1140.8388431295705|24443&4&1920.560593678938|24461&4&1294.5797838746544|24477&4&1640.915551394917|24486&4&819.1885878333658|24488&4&1779.5201097710124|24493&4&1177.0096397486454|24500&4&268.80514389835|24503&4&20.5705700091542,2|24397&4&377.32138250837187|24399&4&873.1209333536805|24402&4&832.32855362015|24408&4&340.44278118380777|24433&4&960.8606232498099|24436&4&1773.1251308781666|24449&4&1369.4133027179803|24454&4&1602.5604374130671|24463&4&360.25307506313356|24464&4&132.98877933094087|24475&4&127.66591161524326|24490&4&172.3586185663794,2|24405&4&233.07874170260115|24407&4&0.0|24434&4&1223.729882663844|24444&4&965.0905208123722|24446&4&1180.3271735574983|24465&4&793.1821439919916|24470&4&404.24832550162995|24475&4&150.11008635099677|24485&4&1322.3999701769037|24486&4&806.6561512588886|24503&4&39.33605942216275,2|24397&4&136.01802107763183|24409&4&29.745574247967365|24415&4&902.9125693699822|24416&4&1816.3963563075731|24418&4&-6.039613253960852E-14|24422&4&434.2656522021403|24424&4&23.006737549924768|24431&4&955.2939341235344|24432&4&2543.3276984537133|24447&4&66.38770372594723|24464&4&338.4084098374601|24468&4&1323.513650884291|24469&4&39.527237196544725|24487&4&16.177115207525873|24500&4&379.59200456566623|24507&4&164.8114820153739,2|24397&4&151.51371876328506|24400&4&1729.8756310196104|24403&4&41.59708782797597|24406&4&1092.6830653036652|24409&4&1588.6762713973114|24412&4&1747.353142111598|24413&4&889.8181813229452|24418&4&1739.5107496719993|24427&4&1281.598479564672|24428&4&1255.0505396530948|24442&4&2289.7883069006684|24446&4&367.4233275704739|24450&4&1451.8306519095263|24451&4&700.6178615607097|24452&4&1663.5254368394678|24456&4&492.3850498051306|24465&4&712.4764984159816|24467&4&2508.497090300165|24473&4&1480.7159377426551|24483&4&1196.8850616150085|24492&4&94.00522331597296|24501&4&8.151469720337836|24512&4&40.89014066140708,2|24409&4&59.46257832020214|24417&4&899.3237590648685|24426&4&823.4009592966324|24431&4&1598.8397585277908|24439&4&110.61496580061898|24440&4&1059.434266948954|24448&4&608.6999228930218|24450&4&268.8924666077787|24455&4&13.387360917913174|24460&4&1326.8491634266643|24479&4&558.5538273978794|24482&4&2293.896793757126|24489&4&137.06983584709292|24490&4&752.7359088858709|24491&4&888.9440388838212|24495&4&1105.4326225003156|24498&4&65.42133153051651|24500&4&832.7158066716203|24512&4&35.07056963313727,2|24398&4&250.87842539407563|24401&4&523.6157473382877|24402&4&290.99052123537615|24414&4&1013.9294578559562|24418&4&238.95231204978572|24438&4&972.7303603276852|24448&4&4.029366170000561|24453&4&2639.3003158165084|24459&4&453.03401975075263|24461&4&127.33549287368558|24462&4&345.6462582667899|24468&4&4.845332588041135|24471&4&533.332618426864|24472&4&1461.0888615897425|24484&4&794.0174377394038|24495&4&2.8421709430404007E-14
217|4,130,1,1,1,1,1,1,1,1,1,1,1,1,1,1,1,1,1,1,1,1,1,1,1,1,1,1,1,1,1,1,1,1,1,1,1,1,1,1,1,1,1,1,1,1,1,1,1,1,1,1,1,1,1,1,1,1,1,1,1,1,1,1,1,1,1,1,1,1,1,1,1,1,1,1,1,1,1,1,1,1,1,1,1,1,1,1,1,1,1,1,1,1,1,1,1,1,1,1,1,1,0,0,0,0,0,0,0,0,0,0,0,0,0,0,0,0,0,0,0,0,2|24398&4&133.70062071080432|24408&4&117.92196176792234|24412&4&8.153604059116253|24415&4&163.37523432672137|24419&4&1477.5456455901663|24420&4&517.3734873916312|24427&4&103.7738443706555|24429&4&2102.0911572759187|24442&4&110.59883282576492|24443&4&694.7012709043777|24457&4&109.74838327454569|24459&4&409.8262593730566|24463&4&160.62480068442534|24466&4&137.4321123002306|24477&4&565.6116365953474|24481&4&77.57188015840906|24484&4&1493.1667756122256|24511&4&567.3753864561747|24514&4&52.20519780918938,2|24399&4&1484.8859369633542|24401&4&412.47801043379883|24404&4&1440.0540060885196|24410&4&1628.8550316414353|24411&4&581.1253630355318|24415&4&209.23661769714278|24417&4&2268.6754324145613|24421&4&600.2991080834913|24423&4&2614.286794528432|24437&4&1117.8685863802184|24440&4&-2.8421709430404007E-14|24441&4&395.9866258391171|24451&4&1470.5001402546097|24462&4&728.5911338731369|24471&4&541.2418371982137|24476&4&1659.6500746024276|24478&4&1559.7904101872755|24480&4&928.7970224530841|24485&4&1190.2889301176444,2|24403&4&543.8957067713171|24404&4&1107.5618512607946|24405&4&1067.0471750176152|24434&4&4123.04459470582|24435&4&1128.7589036215286|24445&4&1046.6656453673395|24474&4&10.196336084022604|24479&4&2149.9572012856984|24486&4&72.73735858305588|24489&4&799.4659611572072|24490&4&72.35168744824601|24493&4&357.97739789702945|24494&4&1152.8078229227137|24498&4&109.1384462747171,2|24403&4&92.10614930933494|24408&4&207.10728502774174|24424&4&1176.515533102355|24430&4&1622.5123035099468|24439&4&1263.6871882015303|24443&4&1720.5327070532453|24461&4&1577.1880785065175|24477&4&1467.4303069198668|24486&4&740.7013990537429|24488&4&1636.3676378012383|24493&4&1090.676759348024|24500&4&244.0942814648019|24503&4&18.69242060751541,2|24397&4&354.1753899329002|24399&4&715.489112198145|24402&4&783.1055509675263|24408&4&405.5491588147987|24433&4&1054.656705593517|24436&4&1608.2885195640445|24449&4&1249.6635605114293|24454&4&1479.3996524400081|24463&4&331.8542401004589|24464&4&105.132791496282|24473&4&1.4154871602280537|24475&4&366.84941833319624|24490&4&130.03192260988573,2|24405&4&175.9909670831274|24407&4&390.6147365702466|24434&4&1003.6009535756241|24444&4&1126.5787278135408|24446&4&1242.6400922299504|24465&4&752.215957431778|24470&4&370.0111701325054|24475&4&118.4772223196902|24485&4&1159.8714334274962|24486&4&758.3282635976124|24503&4&36.6209349515798,2|24397&4&96.01538881629322|24409&4&22.309180685975527|24415&4&839.230666394478|24416&4&1806.9084599614712|24422&4&499.4235473167327|24424&4&15.707887632837114|24431&4&1215.5429398612519|24432&4&2474.695770873297|24447&4&142.72978813318943|24464&4&316.4066296870233|24468&4&1426.219947773791|24469&4&36.89208805010841|24487&4&109.54858240551238|24500&4&353.5300042070589|24507&4&169.2328609777224,2|24397&4&135.88714994167924|24400&4&2083.087740932306|24403&4&29.50191539072307|24406&4&1010.9406643969654|24409&4&1970.2697247573972|24412&4&1648.3496851922116|24413&4&810.7916651001494|24418&4&1606.9416121724666|24427&4&1239.0509699808304|24428&4&1246.5456621623357|24442&4&2236.1579253298496|24446&4&313.8435976761678|24450&4&1315.5645843473721|24451&4&596.8666055454419|24452&4&1512.7509636592447|24456&4&434.5680834395526|24465&4&624.7575893772748|24467&4&2769.0988476789744|24473&4&1374.396923734074|24483&4&1058.9412530744128|24492&4&87.70418553395386|24501&4&5.116979811611478|24512&4&35.778873078731195,2|24409&4&21.829804561068|24417&4&731.2856138905438|24418&4&253.21570640331527|24426&4&748.4803488092978|24431&4&1419.7904014986561|24439&4&81.561291567356|24440&4&1103.1104719370364|24448&4&601.1310048482319|24450&4&350.1273487759266|24455&4&12.643618644695776|24460&4&1352.980512315996|24479&4&452.9155346116361|24482&4&2554.931881842938|24489&4&129.78493092381072|24490&4&1203.5679124896806|24491&4&827.5429925243964|24493&4&5.198073485802297|24495&4&1084.1197776173071|24498&4&52.78766306859147|24500&4&916.3865118312834|24512&4&30.0604882569748,2|24398&4&234.2874425662726|24401&4&453.83353862943454|24402&4&233.69517162513674|24414&4&914.3738700970243|24418&4&181.9754562937527|24438&4&902.2588301665578|24448&4&-7.105427357601002E-15|24453&4&2572.47840876423|24459&4&392.16478834814836|24461&4&66.26067945663097|24462&4&289.2223662243781|24468&4&-7.105427357601002E-15|24471&4&473.2661365313654|24472&4&1360.7215639176254|24483&4&242.4903604014553|24484&4&667.3253657095959|24486&4&377.3696688582651|24491&4&4.037561775372694
218|4,130,1,1,1,1,1,1,1,1,1,1,1,1,1,1,1,1,1,1,1,1,1,1,1,1,1,1,1,1,1,1,1,1,1,1,1,1,1,1,1,1,1,1,1,1,1,1,1,1,1,1,1,1,1,1,1,1,1,1,1,1,1,1,1,1,1,1,1,1,1,1,1,1,1,1,1,1,1,1,1,1,1,1,1,1,1,1,1,1,1,1,1,1,1,1,1,1,1,1,1,1,0,0,0,0,0,0,0,0,0,0,0,0,0,0,0,0,0,0,0,0,2|24398&4&118.41772025927312|24408&4&95.34859188269877|24412&4&0.0|24415&4&128.31178998498123|24419&4&1455.6339877132857|24420&4&650.4753882820821|24427&4&64.03905319571426|24429&4&1908.9742439100182|24442&4&60.397062989626335|24443&4&999.6531731750315|24457&4&104.2609641108184|24459&4&409.9462309736347|24462&4&157.59770912761763|24463&4&118.43921023383362|24466&4&140.9397215361402|24477&4&1038.8530792922318|24478&4&428.5803149935928|24481&4&72.78974478076147|24484&4&1561.312703895481|24511&4&611.7275287888959|24514&4&41.08221014587968,2|24399&4&1830.7147572087363|24401&4&633.8861143759195|24404&4&1872.9897858045965|24410&4&1596.0712087642623|24411&4&862.6210084813605|24415&4&311.35628906431725|24417&4&2745.310955615276|24421&4&540.1314396730974|24423&4&2574.9434326929545|24437&4&1035.9640698634705|24441&4&373.36636171014914|24451&4&1387.0503670535413|24462&4&686.5904777892754|24471&4&512.3981715478718|24476&4&1672.3008361813895|24478&4&1404.3954995273511|24480&4&863.4303588096165|24485&4&1435.3440700099122,2|24403&4&502.7458272768466|24404&4&950.0445313566127|24405&4&1123.7483419681696|24434&4&4061.0089966689707|24435&4&1347.5362444060777|24445&4&914.0222020730637|24474&4&63.642816328360276|24479&4&2236.0297022191007|24486&4&37.69239518622397|24489&4&719.5987094543841|24490&4&62.91924723557739|24493&4&272.21642933223075|24494&4&1107.1765519511514|24498&4&164.89164642571814,2|24403&4&74.52582866614426|24408&4&183.983472428647|24424&4&1078.9968499496729|24430&4&1619.149657359048|24439&4&1284.6545755087195|24443&4&1535.3337199375287|24461&4&2073.3044309105644|24477&4&1305.8553732403875|24486&4&662.2142102741202|24488&4&1493.215165831465|24493&4&1004.3438789474023|24500&4&219.38341903125374|24503&4&16.814271205876615,2|24397&4&331.0293973574285|24399&4&578.7170084318022|24402&4&1059.1854311085067|24408&4&512.3523692395909|24433&4&1232.8158240669422|24436&4&1559.8659950268461|24441&4&87.82991516547392|24449&4&1131.9911846354241|24454&4&1650.7171817445112|24458&4&4.107976886299788|24463&4&303.45540513778417|24464&4&77.27680366162315|24473&4&88.66050608517783|24475&4&345.66161656582904|24490&4&104.96027359619924,2|24405&4&129.13701576125698|24407&4&371.08399974173426|24434&4&812.339223758406|24444&4&1048.7530059688247|24446&4&1396.0703043165454|24465&4&705.9722061147379|24470&4&460.56751053247433|24475&4&92.80776764195684|24485&4&1003.0762075512233|24486&4&710.000375936336|24503&4&33.90581048099685,2|24397&4&56.01275655495463|24409&4&14.872787123983688|24415&4&775.5487634189737|24416&4&1862.334329123351|24422&4&472.70133804201225|24424&4&8.40903771574946|24431&4&1612.6293348614677|24432&4&2658.423073936197|24447&4&135.04872106107584|24464&4&294.4048495365866|24468&4&1313.7418451955887|24469&4&34.2569389036721|24487&4&190.30400990618767|24500&4&327.46800384845153|24507&4&268.84767859442604,2|24397&4&120.26058112007344|24400&4&2220.182940991539|24403&4&17.406742953470168|24406&4&943.164969785593|24409&4&2365.3435785568727|24412&4&1713.122106552959|24413&4&731.7651488773538|24418&4&1474.372474672934|24427&4&1423.2460342218237|24428&4&1371.1819392380805|24442&4&2245.6857294382057|24446&4&261.4158081698367|24450&4&1181.9609908430098|24451&4&505.2221909626885|24452&4&1438.2659376346533|24456&4&376.7511170739745|24465&4&537.0386803385682|24467&4&3129.46053413763|24473&4&1268.077909725493|24483&4&928.1213147810898|24492&4&81.4031477519348|24501&4&2.082489902885121|24512&4&30.66760549605531,2|24409&4&-1.4921397450962104E-13|24417&4&590.3140536829509|24418&4&586.7248092897689|24425&4&77.2007086404866|24426&4&673.9959203115859|24431&4&1242.0925491618623|24439&4&55.55265576370029|24440&4&1070.9367162045285|24445&4&315.8364460847866|24448&4&626.9287788722738|24450&4&331.14395980198884|24455&4&11.899876371478378|24460&4&1660.946049784056|24479&4&359.87557267901695|24482&4&2432.4426523646007|24489&4&122.50002600052855|24490&4&1235.402500153889|24491&4&770.3009762360955|24493&4&313.6491598195111|24495&4&1079.0204559756016|24498&4&40.15399460666643|24500&4&828.9918118156809|24512&4&25.050406880812332,2|24398&4&217.69645973846957|24401&4&390.00131670662404|24402&4&176.39982201489732|24414&4&814.8182823380922|24418&4&130.8370873405147|24438&4&831.7873000054303|24453&4&2723.898480060059|24459&4&339.3329284576924|24461&4&25.010506344154532|24462&4&243.15951919620693|24471&4&420.5923565338232|24472&4&1266.2438261360803|24483&4&887.5442240399599|24484&4&549.4364555517823|24486&4&487.6693058816307|24491&4&3.8356836866040593|24496&4&103.44483371660013
219|4,130,1,1,1,1,1,1,1,1,1,1,1,1,1,1,1,1,1,1,1,1,1,1,1,1,1,1,1,1,1,1,1,1,1,1,1,1,1,1,1,1,1,1,1,1,1,1,1,1,1,1,1,1,1,1,1,1,1,1,1,1,1,1,1,1,1,1,1,1,1,1,1,1,1,1,1,1,1,1,1,1,1,1,1,1,1,1,1,1,1,1,1,1,1,1,1,1,1,1,1,1,0,0,0,0,0,0,0,0,0,0,0,0,0,0,0,0,0,0,0,0,2|24398&4&103.13481980774193|24408&4&77.9624102793332|24415&4&93.4961618683975|24419&4&1467.6977907421897|24420&4&634.6350484997523|24424&4&262.7124183253351|24427&4&33.29803200145389|24429&4&1992.4802750503202|24442&4&24.241221107107464|24443&4&946.1165633108237|24457&4&98.77354494709112|24459&4&533.9355990916929|24462&4&193.61296722837884|24463&4&76.29929403886624|24466&4&200.23716765117342|24471&4&188.58861399901156|24477&4&1039.1340101641701|24478&4&469.54272209788905|24481&4&68.00760940311388|24484&4&1740.014236637218|24500&4&334.30405255927354|24511&4&658.9178010983228|24514&4&31.178755229169465,2|24399&4&1708.1341956589329|24401&4&595.9005718784248|24404&4&1936.1425698680262|24410&4&1430.2598305540328|24411&4&889.2754541084312|24415&4&516.6240459130455|24417&4&2721.6990465080994|24421&4&479.9637712627033|24423&4&2420.8434424988936|24437&4&954.059553346723|24441&4&350.7460975811811|24451&4&1303.6005938524734|24462&4&644.5898217054139|24471&4&483.5545058975299|24476&4&1946.584550244497|24478&4&1259.3961384016768|24480&4&789.1801777834091|24485&4&1884.9327701204627,2|24403&4&461.5959477823759|24404&4&805.057010449889|24405&4&1129.8120836751796|24434&4&4543.478113632538|24435&4&1465.4083255456057|24445&4&796.2532635147066|24474&4&0.0|24479&4&2403.4086925895385|24486&4&13.318367903751867|24489&4&639.731457751561|24490&4&53.48680702290877|24493&4&201.3056296921271|24494&4&1166.4479239460638|24498&4&200.2562486746066,2|24403&4&56.945508022953604|24408&4&160.85965982955224|24424&4&981.478166796991|24430&4&1545.1649492207675|24439&4&1414.5653493154214|24443&4&1362.3906156557987|24461&4&2262.933389012869|24477&4&1164.7748621251244|24486&4&583.7270214944974|24488&4&1350.0626938616913|24493&4&918.010998546781|24500&4&194.67255659770558|24503&4&14.936121804237825,2|24397&4&398.5060105253533|24399&4&526.8861037723839|24402&4&993.6972843162025|24408&4&521.9466011145407|24433&4&1133.9727780179837|24436&4&1401.2840798025816|24441&4&223.09901762050794|24449&4&1138.8497166930867|24454&4&1527.4470109995054|24458&4&117.40055777424529|24463&4&355.039881941582|24464&4&49.4208158269643|24473&4&321.79069651742645|24475&4&324.47381479846183|24490&4&83.4989732058952,2|24405&4&95.11517535458746|24407&4&351.55326291322194|24434&4&637.8817709355164|24444&4&962.3918143180977|24446&4&1434.4004752905314|24465&4&761.0088814541226|24470&4&611.2231642294216|24475&4&73.41023875914576|24485&4&857.567082888683|24486&4&661.6724882750597|24503&4&31.1906860104139,2|24397&4&18.716125702660523|24409&4&7.43639356199185|24415&4&711.8668604434697|24416&4&1896.0119563669234|24422&4&497.4109523816273|24424&4&1.1101877986618067|24431&4&1638.4823418559274|24432&4&2776.034351406778|24447&4&220.10140174964636|24464&4&567.388102351356|24468&4&1259.2985872232284|24469&4&31.621789757235785|24487&4&180.37338819679866|24500&4&301.4060034898441|24507&4&364.2379132529925,2|24397&4&104.63401229846762|24400&4&2054.077216866802|24403&4&8.703371476735118|24406&4&969.2884898451495|24409&4&2258.135157390828|24412&4&1583.8297362212336|24413&4&724.5549386292196|24418&4&1341.8033371734016|24427&4&1735.8494800610865|24428&4&1282.7018693686605|24442&4&2240.4047629753577|24446&4&208.98801866350544|24450&4&1048.3573973386474|24451&4&413.5777763799351|24452&4&1316.9930246645838|24456&4&318.93415070839643|24465&4&449.31977129986143|24467&4&3394.7281140281634|24473&4&1161.7588957169119|24483&4&822.133958507789|24492&4&75.1021099699157|24501&4&1.3883266019234084|24512&4&25.556337913379423,2|24417&4&470.57673668628837|24418&4&679.4127065600221|24425&4&73.34067320846226|24426&4&599.5114918138739|24431&4&1078.7748441897159|24439&4&35.96886967809226|24440&4&1058.0856666249717|24445&4&706.0523783411797|24448&4&560.8416054285836|24450&4&312.16057082805105|24455&4&11.15613409826098|24460&4&1748.122903376271|24479&4&266.83561074639783|24482&4&2212.6209824298126|24489&4&230.21512994592464|24490&4&1159.1854628514204|24491&4&713.0589599477948|24493&4&397.5464565337343|24495&4&1093.1507359770637|24498&4&31.511483652213375|24500&4&757.3902391747349|24512&4&20.040325504649864,2|24398&4&201.10547691066662|24401&4&333.08604011680563|24402&4&126.69209104352728|24414&4&715.2626945791603|24418&4&88.05885979702616|24438&4&761.3157698443028|24453&4&2501.5009778533204|24459&4&286.5010685672364|24461&4&5.325514368104985|24462&4&198.623331377401|24471&4&367.91857653628097|24472&4&1171.7660883545352|24483&4&1066.4579835941422|24484&4&446.6819288036555|24486&4&671.0226433056444|24491&4&3.6338055978354245|24496&4&404.7026166011684
220|4,130,1,1,1,1,1,1,1,1,1,1,1,1,1,1,1,1,1,1,1,1,1,1,1,1,1,1,1,1,1,1,1,1,1,1,1,1,1,1,1,1,1,1,1,1,1,1,1,1,1,1,1,1,1,1,1,1,1,1,1,1,1,1,1,1,1,1,1,1,1,1,1,1,1,1,1,1,1,1,1,1,1,1,1,1,1,1,1,1,1,1,1,1,1,1,1,1,1,1,1,1,0,0,0,0,0,0,0,0,0,0,0,0,0,0,0,0,0,0,0,0,2|24398&4&87.85191935621074|24408&4&61.364914896740835|24415&4&65.61320299397545|24419&4&1402.2213294530015|24420&4&600.8846999292953|24424&4&249.57679740906832|24427&4&16.003151141960487|24429&4&2247.3238528702623|24442&4&4.846512554412751|24443&4&892.579953446616|24457&4&93.28612578336384|24459&4&653.6845318240056|24462&4&251.4695270673918|24463&4&35.90882276168559|24466&4&260.9296254257778|24471&4&260.0213444648645|24477&4&1023.0942312049585|24478&4&735.5329128641813|24481&4&0.0|24484&4&1941.6699446535863|24500&4&317.5888499313099|24511&4&606.7139075057586|24514&4&22.476917181752107,2|24399&4&1585.5536341091297|24401&4&557.91502938093|24404&4&1819.7292568499252|24410&4&1445.6745777205076|24411&4&983.5939929866927|24415&4&607.9721433599609|24417&4&2539.7558533006845|24421&4&419.7961028523093|24423&4&2459.2192632943434|24437&4&872.1550368299754|24441&4&328.12583345221304|24451&4&1421.0827883975385|24462&4&602.5891656215524|24471&4&454.7108402471881|24476&4&2059.2868918332874|24478&4&1117.7271556124488|24480&4&980.8800288671649|24485&4&2053.9060676628806,2|24403&4&749.6468634687253|24404&4&678.4242256018471|24405&4&1127.955099706004|24434&4&4553.803108065298|24435&4&1650.511324166256|24445&4&702.8737705719398|24479&4&2227.7824124234935|24486&4&-1.4210854715202004E-13|24489&4&563.3392002348595|24490&4&44.05436681024015|24493&4&141.92563868368592|24494&4&1262.1297243491258|24498&4&186.1391248708295,2|24403&4&39.365187379762936|24408&4&137.73584723045752|24424&4&883.9594836443091|24430&4&1407.9084378153702|24439&4&1463.3150517235338|24443&4&1189.4475113740689|24461&4&2299.119290811299|24477&4&1039.5157206634444|24486&4&505.23983271487464|24488&4&1213.3605139886058|24493&4&831.6781181461594|24500&4&169.9616941641574|24503&4&13.057972402599033,2|24397&4&856.871796821529|24399&4&552.5027091750237|24402&4&1080.5849527818696|24408&4&485.39573363498147|24433&4&1062.8108920891739|24436&4&1439.6945563456325|24441&4&211.72449195156887|24449&4&1225.7002814363402|24454&4&1443.584056221849|24458&4&0.0|24463&4&718.7086895267886|24464&4&31.326092589439018|24473&4&381.71421616737587|24475&4&315.2652331877298|24490&4&62.03767281559116,2|24405&4&62.08786102639317|24407&4&332.0225260847096|24434&4&481.97619954919605|24444&4&876.0306226673707|24446&4&1499.4686845260221|24465&4&869.0067256427759|24470&4&571.4573375918162|24475&4&54.01270987633466|24485&4&732.8455058694359|24486&4&613.3446006137833|24503&4&28.475561539830945,2|24397&4&3.5584463704371156|24409&4&1.2434497875801753E-14|24415&4&648.1849574679657|24416&4&1892.4999155525124|24422&4&542.9573748140488|24424&4&0.0|24431&4&1690.244641004533|24432&4&2816.8280317460885|24447&4&0.0|24464&4&650.2086073767362|24468&4&1382.3398134852457|24469&4&28.98664061079947|24487&4&170.44276648740964|24500&4&275.3440031312368|24507&4&454.6667740667178,2|24397&4&89.00744347686181|24400&4&1890.1532826276866|24403&4&4.263256414560601E-14|24406&4&1322.838516539758|24409&4&2243.4624719060357|24412&4&1454.537365889508|24413&4&833.6440399350652|24418&4&1209.234199673869|24427&4&1903.4761423943314|24428&4&1162.6343116244193|24442&4&2378.7784745406425|24446&4&164.41695766929004|24450&4&914.7538038342848|24451&4&324.44979970172085|24452&4&1172.6145008059264|24456&4&357.8169674825432|24465&4&364.85352162741464|24467&4&3610.2884480480843|24473&4&1055.4398817083309|24483&4&738.9138757404431|24492&4&68.80107218789661|24501&4&0.6941633009617063|24512&4&20.445070330703537,2|24417&4&358.8904332322767|24418&4&761.7095024787735|24425&4&0.0|24426&4&537.7687125894915|24431&4&922.1681707605934|24439&4&18.778519949052757|24440&4&1322.5732646670867|24445&4&815.7388627966518|24448&4&562.391669260749|24450&4&293.17718185411326|24455&4&10.412391825043581|24460&4&1640.6216626202772|24479&4&180.86920050312494|24482&4&1992.7993124950249|24489&4&217.18022457920853|24490&4&1082.9684255489522|24491&4&655.8169436594942|24493&4&376.8713658645986|24495&4&1086.8952629275223|24498&4&22.868972697760288|24500&4&690.8739987760023|24512&4&15.030244128487395,2|24398&4&218.88847371132653|24401&4&276.17076352698723|24402&4&80.30206941046072|24414&4&786.88699436584|24418&4&50.97805422870731|24438&4&690.8442396831756|24453&4&2546.4489030340787|24459&4&239.44685982193806|24461&4&-2.8421709430404007E-14|24462&4&154.08714355859513|24471&4&322.3296458424831|24472&4&1077.28835057299|24483&4&1245.5387632330007|24484&4&350.64871592112735|24486&4&757.2778787248355|24491&4&3.4319275090667896|24496&4&390.87730845201236
221|4,130,1,1,1,1,1,1,1,1,1,1,1,1,1,1,1,1,1,1,1,1,1,1,1,1,1,1,1,1,1,1,1,1,1,1,1,1,1,1,1,1,1,1,1,1,1,1,1,1,1,1,1,1,1,1,1,1,1,1,1,1,1,1,1,1,1,1,1,1,1,1,1,1,1,1,1,1,1,1,1,1,1,1,1,1,1,1,1,1,1,1,1,1,1,1,1,1,1,1,1,1,0,0,0,0,0,0,0,0,0,0,0,0,0,0,0,0,0,0,0,0,2|24398&4&72.56901890467955|24408&4&44.79575606606622|24415&4&45.54930797785227|24419&4&1309.5832163230768|24420&4&569.1318701600247|24424&4&236.44117649280156|24427&4&-8.526512829121202E-14|24429&4&2588.0825651184487|24442&4&0.0|24443&4&1258.071715910532|24457&4&87.79870661963656|24459&4&861.7735797335515|24462&4&344.5697378915147|24463&4&0.0|24466&4&245.7292334277899|24471&4&262.2586106230824|24477&4&964.4236739520533|24478&4&823.3787189714963|24484&4&2218.840840557631|24500&4&300.8736473033462|24511&4&709.5451554527556|24514&4&15.140655103352312,2|24399&4&1462.9730725593263|24401&4&616.1019620247243|24404&4&1793.110501617963|24410&4&1694.9577857739682|24411&4&1048.2506491468193|24415&4&574.84578645851|24417&4&2718.744487742206|24421&4&381.43629462199306|24423&4&2504.3063703885664|24437&4&790.2505203132278|24441&4&305.50556932324514|24451&4&1748.1174970608608|24462&4&560.5885095376909|24471&4&425.8671745968462|24476&4&1876.1082010326013|24478&4&1000.8405337950342|24480&4&971.2884236175989|24485&4&2117.4192214068566,2|24403&4&813.5746163599242|24404&4&570.0413269902506|24405&4&1144.0927398069111|24434&4&4435.765568995094|24435&4&1771.9166778372928|24445&4&624.8227900402984|24474&4&30.097576594322895|24479&4&2052.1561322574476|24489&4&492.3481215101662|24490&4&34.62192659757152|24493&4&86.80737395507555|24494&4&1222.679629998842|24498&4&172.02200106705237,2|24403&4&21.784866736572273|24408&4&114.61203463136277|24424&4&786.4408004916272|24430&4&1274.656967644896|24439&4&1360.273839877276|24443&4&1017.5542041424682|24461&4&2232.366249598809|24477&4&917.7501600817704|24486&4&426.7526439352519|24488&4&1076.6583341155206|24493&4&745.3452377455379|24500&4&145.25083173060924|24503&4&11.17982300096024,2|24397&4&1025.4955544727054|24399&4&637.9761638445881|24402&4&1219.524016944114|24408&4&448.8448661554222|24433&4&1120.8840576850587|24436&4&1631.0086517819336|24441&4&200.3499662826298|24449&4&1212.8569918962537|24454&4&1326.472404341795|24463&4&0.0|24464&4&17.89923618844295|24473&4&361.58739335275453|24475&4&373.47117475764804|24490&4&40.57637242528712|24500&4&278.9344082297803,2|24405&4&30.034277155173307|24407&4&312.4917892561973|24434&4&337.80362849510885|24444&4&892.4657288477848|24446&4&1601.809986342386|24465&4&1009.0546090343038|24470&4&626.6659189481154|24475&4&36.60134583943883|24476&4&93.05050677987117|24479&4&355.371340255975|24485&4&621.6444123586991|24486&4&565.0167129525071|24503&4&25.760437069247992,2|24397&4&2.7533531010703882E-14|24415&4&584.5030544924615|24416&4&2103.1064120665824|24422&4&594.0782652216316|24431&4&2164.5311684520093|24432&4&2709.5763331556636|24447&4&10.745118596871166|24458&4&1.6667063067206467|24464&4&743.9195716194366|24468&4&1522.3140194218406|24469&4&26.351491464363153|24487&4&306.9607007426962|24500&4&249.28200277262943|24507&4&505.06523085046274,2|24397&4&73.380874655256|24400&4&1903.7495155476336|24406&4&1561.7094422890902|24409&4&2077.6650661368076|24412&4&1325.244995557782|24413&4&950.9633967349882|24418&4&1076.665062174336|24427&4&1967.2600550853817|24428&4&1042.566753880178|24442&4&2370.3828042438663|24446&4&128.30047279587478|24450&4&781.1502103299224|24451&4&238.71729100867174|24452&4&1125.7366306238562|24456&4&577.6657528321585|24465&4&284.8738788616853|24467&4&3325.4730178369077|24473&4&949.1208676997497|24483&4&672.999705145331|24492&4&62.50003440587752|24501&4&4.218847493575595E-15|24512&4&15.333802748027649,2|24417&4&258.73073423708394|24418&4&1074.902955500976|24426&4&689.2885517104713|24431&4&775.9131702211612|24439&4&11.386194136861375|24440&4&1218.2272512454308|24445&4&791.0705682160456|24448&4&889.374365409185|24450&4&473.9777624329104|24455&4&9.668649551826183|24460&4&1511.2564770459126|24479&4&99.76102334114404|24482&4&1775.6760739679867|24489&4&275.3473101339853|24490&4&1006.7513882464837|24491&4&598.5749273711934|24493&4&716.2023388245811|24495&4&1118.5585752181632|24498&4&15.593677769004621|24500&4&629.1083036342579|24512&4&10.020162752324925,2|24398&4&200.57879190210036|24401&4&219.25548693716883|24402&4&52.860711504482126|24414&4&977.8115380242807|24418&4&20.63405437965016|24438&4&620.3727095220481|24453&4&2826.4124611187526|24459&4&197.40267306134234|24462&4&110.79800901191973|24471&4&286.70359585624664|24472&4&982.8106127914452|24483&4&1177.5975124684041|24484&4&263.5559809120643|24486&4&831.3002496503848|24491&4&77.72195338821463|24496&4&407.27563406600626
222|4,130,1,1,1,1,1,1,1,1,1,1,1,1,1,1,1,1,1,1,1,1,1,1,1,1,1,1,1,1,1,1,1,1,1,1,1,1,1,1,1,1,1,1,1,1,1,1,1,1,1,1,1,1,1,1,1,1,1,1,1,1,1,1,1,1,1,1,1,1,1,1,1,1,1,1,1,1,1,1,1,1,1,1,1,1,1,1,1,1,1,1,1,1,1,1,1,1,1,1,1,1,0,0,0,0,0,0,0,0,0,0,0,0,0,0,0,0,0,0,0,0,2|24398&4&57.286118453148354|24408&4&28.22659723539161|24415&4&28.496403781285917|24419&4&1375.6799270030676|24420&4&656.3741908210438|24424&4&351.9134917376252|24429&4&2806.290657259764|24443&4&1487.4756929535936|24457&4&0.0|24459&4&996.7976870412022|24462&4&681.5070085287514|24466&4&230.528841429802|24471&4&326.63032523485793|24477&4&912.298207537435|24478&4&777.9571266020528|24484&4&2082.3957297116103|24500&4&284.15844467538255|24511&4&652.9203753563623|24514&4&9.314777387148153,2|24399&4&1340.3925110095229|24401&4&968.8556705763745|24404&4&1815.6141280527427|24410&4&1517.8966100387838|24411&4&1246.217239052249|24415&4&541.719429557059|24417&4&2584.0470347638684|24421&4&524.0747663420022|24423&4&2531.120418331352|24437&4&708.3460037964803|24441&4&282.88530519427707|24451&4&2069.260036092954|24462&4&518.5878534538294|24471&4&397.02350894650436|24476&4&1698.6559830697993|24478&4&894.2498752288619|24480&4&883.038298998292|24485&4&2240.1597395432254,2|24403&4&749.887813499177|24404&4&461.6584283786542|24405&4&1420.2411404346713|24434&4&4443.007966786592|24435&4&1935.800655575587|24445&4&546.771809508657|24474&4&0.0|24479&4&1876.529852091402|24489&4&421.35704278547297|24490&4&25.1894863849029|24493&4&41.12197347667971|24494&4&1119.4871479331|24498&4&157.9048772632753,2|24403&4&4.204546093381607|24408&4&91.48822203226806|24424&4&689.5013694298354|24430&4&1202.3215491068202|24439&4&1287.2417503413296|24443&4&869.8463674996856|24461&4&2270.4752455121497|24477&4&795.9845995000962|24486&4&348.2654551556292|24488&4&942.9181298986048|24493&4&659.0123573449165|24500&4&120.53996929706105|24503&4&9.30167359932145,2|24397&4&962.4861348535351|24399&4&939.1701924141372|24402&4&1135.8147793030391|24408&4&412.2939986758629|24433&4&1106.933093015536|24436&4&1838.341265475277|24441&4&188.97544061369072|24449&4&1151.0437167401774|24454&4&1209.3607524617405|24463&4&94.50081486891304|24464&4&8.209682093633571|24473&4&523.6339650847563|24475&4&507.92837340426047|24490&4&19.11507203498308|24500&4&438.739537736443,2|24405&4&8.090513339956502|24407&4&388.2947838570916|24410&4&613.6875106790529|24434&4&209.64118521190446|24444&4&907.0196450890282|24446&4&1717.6100504651254|24465&4&1152.2789877099128|24470&4&589.0511058383988|24475&4&25.800950718181923|24476&4&88.39798144087762|24479&4&825.12286223557|24485&4&517.2259395431901|24486&4&516.6888252912306|24503&4&23.04531259866504,2|24415&4&520.8211515169573|24416&4&2294.256508064856|24422&4&556.8346185214309|24431&4&2125.7987334452514|24432&4&2469.6269580815565|24447&4&10.207862667027607|24458&4&73.55822667140818|24464&4&694.3679343354055|24468&4&1567.0414352337962|24469&4&23.716342317926838|24487&4&341.18542571714113|24500&4&223.22000241402205|24507&4&524.7594146277986,2|24397&4&57.75430583365018|24400&4&1785.1039609714553|24406&4&1576.6381432980866|24409&4&1911.867660367579|24412&4&1195.9526252260564|24413&4&902.6913392796193|24418&4&944.0959246748035|24427&4&2092.1204267139974|24428&4&922.4991961359369|24442&4&2386.9144982527673|24446&4&97.65920470650494|24450&4&653.8186153528931|24451&4&170.03025563198563|24452&4&1354.77229312913|24456&4&639.7655111441873|24465&4&213.6816901679581|24467&4&3121.7196369371627|24473&4&845.1376860312375|24483&4&607.0855345502189|24492&4&56.198996623858434|24512&4&10.222535165351761,2|24417&4&183.20419182524074|24418&4&1648.77542512108|24426&4&723.2759927334741|24431&4&642.4296477077737|24439&4&3.9938683246699953|24440&4&1131.0609746552984|24445&4&804.2971763977114|24448&4&823.0725166126633|24450&4&743.625349861546|24455&4&8.924907278608785|24460&4&1381.8912914715474|24479&4&31.940980131111942|24482&4&1561.7895425905099|24489&4&409.98903769248244|24490&4&1027.1338424454152|24491&4&545.3650617934984|24493&4&1190.3326750583162|24495&4&1032.423743709882|24498&4&11.318442406340088|24500&4&572.102577922395|24512&4&5.010081376162455,2|24398&4&182.26911009287423|24401&4&166.28153467379758|24402&4&39.64553362836158|24414&4&968.2234383119469|24418&4&1.3500311979441904E-13|24438&4&549.9011793609208|24453&4&2727.0340912327747|24459&4&165.2934670826187|24462&4&75.13591212062622|24471&4&256.5668893793275|24472&4&936.9834107229651|24483&4&1109.656261703807|24484&4&198.30541549707473|24486&4&927.6833491049606|24491&4&73.79548010105017|24496&4&469.7247676780627
223|4,130,1,1,1,1,1,1,1,1,1,1,1,1,1,1,1,1,1,1,1,1,1,1,1,1,1,1,1,1,1,1,1,1,1,1,1,1,1,1,1,1,1,1,1,1,1,1,1,1,1,1,1,1,1,1,1,1,1,1,1,1,1,1,1,1,1,1,1,1,1,1,1,1,1,1,1,1,1,1,1,1,1,1,1,1,1,1,1,1,1,1,1,1,1,1,1,1,1,1,1,1,0,0,0,0,0,0,0,0,0,0,0,0,0,0,0,0,0,0,0,0,2|24398&4&42.003218001617164|24408&4&11.657438404716999|24415&4&11.785718036714202|24419&4&1245.79879353344|24420&4&604.1400048627107|24424&4&477.64784713668405|24429&4&2598.5799251291173|24443&4&1397.7930641967957|24457&4&0.0|24459&4&1035.8132285811935|24462&4&711.50473377425|24464&4&65.79393605423417|24466&4&215.32844943181408|24471&4&336.38435136033445|24477&4&1183.3892895000336|24478&4&1053.4362932135798|24481&4&13.69565670214137|24484&4&2144.8392467151634|24500&4&267.4432420474189|24511&4&601.4025545727395|24514&4&5.140159451039748,2|24399&4&1217.8119494597195|24401&4&1012.9194557121579|24404&4&2183.79317556081|24410&4&1362.4749554199216|24411&4&1362.5339498264022|24415&4&771.292512472667|24417&4&2611.5831624543994|24421&4&838.4058429390743|24423&4&2423.645794944557|24437&4&626.4414872797327|24441&4&260.2650410653091|24451&4&2126.9309403687607|24462&4&476.58719736996784|24471&4&368.1798432961625|24476&4&1521.6210915680035|24478&4&797.9439311920709|24480&4&796.2820938581401|24485&4&2339.2230005345214,2|24403&4&686.2010106384299|24404&4&361.6409725027912|24405&4&1490.6343813502922|24434&4&4750.353849952585|24435&4&1796.6028654610714|24445&4&468.7208289770156|24479&4&1700.9035719253566|24489&4&354.8425140032013|24490&4&15.757046172234277|24493&4&10.578003646577297|24494&4&1296.0099644133566|24498&4&143.78775345949816,2|24403&4&-7.105427357601002E-15|24408&4&68.36440943317332|24424&4&596.7377719070771|24430&4&1321.0156093730823|24439&4&1375.9703227781201|24443&4&748.7620691008811|24461&4&2265.204631646992|24477&4&687.785333710935|24486&4&269.77826637600646|24488&4&850.2969774219719|24493&4&572.679476944295|24500&4&95.82910686351288|24503&4&7.423524197682658,2|24397&4&899.4767152343647|24399&4&1174.974693221324|24402&4&1052.1055416619643|24403&4&60.80942074030486|24408&4&543.7539112089491|24433&4&1072.5709623239345|24436&4&2031.7449761403868|24441&4&177.60091494475165|24449&4&1178.6965033182578|24450&4&270.7378600387955|24454&4&1092.2491005816864|24456&4&363.8090411690165|24463&4&89.7757741254674|24464&4&3.197442310920451E-14|24465&4&162.17132569895915|24473&4&811.9145783879175|24475&4&494.3473205152006|24490&4&8.526512829121202E-14|24500&4&598.9005079794686,2|24405&4&-7.105427357601002E-14|24407&4&363.9973604571089|24410&4&730.2635408688772|24434&4&123.13791601668021|24444&4&1042.8990169524855|24446&4&1589.6235661758246|24465&4&1072.4167134233817|24470&4&551.2426286137134|24475&4&16.28328528229492|24476&4&285.4661632651581|24479&4&973.6880060386201|24485&4&422.2748562658978|24486&4&468.3609376299544|24503&4&20.330188128082085,2|24415&4&457.1392485414532|24416&4&2373.7231327661075|24422&4&0.0|24431&4&2246.6975113505855|24432&4&2623.7452382439856|24447&4&9.670606737184048|24458&4&69.87614857207097|24464&4&644.8162970513745|24468&4&1451.2931560420411|24469&4&21.081193171490522|24487&4&321.35848748541497|24500&4&197.15800205541467|24507&4&542.6964664247668,2|24397&4&42.58317383857849|24400&4&1985.1472064278812|24406&4&1542.9359117600197|24409&4&1751.2742306551495|24412&4&1230.6057943061844|24413&4&834.7086726801635|24418&4&811.526787175271|24427&4&2257.0921799385383|24428&4&987.0612988773657|24442&4&2577.751722823288|24446&4&72.65833937469169|24450&4&540.5040135471531|24451&4&124.69147066723882|24452&4&1444.5830146051412|24456&4&578.400592217731|24465&4&153.5100329218422|24467&4&2993.6369826963146|24473&4&748.7041193211422|24483&4&547.4210030135207|24492&4&49.89795884183934|24512&4&5.1112675826758736,2|24417&4&110.63549208644636|24418&4&1882.271125186554|24426&4&684.9961267330975|24431&4&514.9542877848544|24439&4&-2.042810365310288E-14|24440&4&1272.6582991327032|24445&4&954.4779891409048|24448&4&850.7670730454406|24450&4&699.7217536659609|24455&4&8.181165005391387|24460&4&1252.5261058971828|24479&4&4.973799150320701E-14|24482&4&1357.9675119088574|24489&4&563.3202521695905|24490&4&1305.2755550551403|24491&4&492.15519621580336|24493&4&1604.354811467213|24495&4&946.2889122016004|24498&4&7.043207043675553|24500&4&519.9011485193723|24512&4&-1.4210854715202004E-14,2|24398&4&163.95942828364812|24401&4&130.41881601991435|24402&4&26.430355752241077|24414&4&954.7529840154627|24437&4&79.66726639882836|24438&4&479.42964919979335|24453&4&2606.3415014241077|24459&4&140.10958516916548|24462&4&51.8450343045585|24471&4&227.93853305246057|24472&4&840.0731461557668|24482&4&226.7291836388742|24483&4&1111.119726113921|24484&4&141.0529158222256|24486&4&872.8254870051254|24491&4&205.5744594953697|24496&4&442.7794498732231
224|4,130,1,1,1,1,1,1,1,1,1,1,1,1,1,1,1,1,1,1,1,1,1,1,1,1,1,1,1,1,1,1,1,1,1,1,1,1,1,1,1,1,1,1,1,1,1,1,1,1,1,1,1,1,1,1,1,1,1,1,1,1,1,1,1,1,1,1,1,1,1,1,1,1,1,1,1,1,1,1,1,1,1,1,1,1,1,1,1,1,1,1,1,1,1,1,1,1,1,1,1,1,0,0,0,0,0,0,0,0,0,0,0,0,0,0,0,0,0,0,0,0,2|24398&4&26.720317550085973|24408&4&-7.460698725481052E-14|24415&4&2.509540342555073|24419&4&1112.6053746279188|24420&4&559.2290800171468|24424&4&724.525099809292|24429&4&2393.1329999794766|24443&4&1308.110435439998|24459&4&972.3202264065515|24462&4&671.5888905892258|24464&4&62.504239251522456|24466&4&200.1280574338262|24471&4&316.79765805996215|24477&4&1109.9638712286708|24478&4&1048.1409304995386|24481&4&13.010873867034302|24484&4&2192.4557714487037|24500&4&250.72803941945523|24511&4&555.4955529875022|24514&4&2.716710071435561,2|24399&4&1095.231387909916|24401&4&956.2643184136671|24404&4&2561.159457394372|24410&4&1225.9154481650462|24411&4&1425.981008371764|24415&4&826.7514625279123|24417&4&2631.352128442361|24421&4&803.33308922667|24423&4&2183.744708818462|24437&4&561.0194158084021|24441&4&237.64477693634115|24451&4&1980.9258863807274|24462&4&434.5865412861063|24471&4&339.3361776458206|24476&4&1359.9238758382717|24478&4&704.3034923508033|24480&4&735.3918621477522|24485&4&2434.8914712432306,2|24403&4&622.5142077776829|24404&4&272.521163665882|24405&4&1359.0542295961282|24434&4&4852.896857605572|24435&4&1921.024857446073|24445&4&401.0024397117075|24479&4&1525.2772917593104|24489&4&298.1741801897474|24490&4&6.324605959565655|24493&4&2.8421709430404007E-14|24494&4&1276.6934958355687|24498&4&129.67062965572106,2|24408&4&45.24059683407859|24424&4&516.620932447178|24430&4&1514.9657263055858|24439&4&1261.7651427964186|24443&4&631.7941268258385|24461&4&2246.90340997799|24477&4&594.6835553841141|24486&4&191.29107759638373|24488&4&729.5293821566605|24493&4&486.34659654367346|24500&4&71.1182444299647|24503&4&5.545374796043868,2|24397&4&836.4672956151944|24399&4&1216.3983585410977|24402&4&1064.2486056219823|24403&4&57.768949703289614|24408&4&643.5877623120736|24433&4&1175.9147039508887|24436&4&2060.5231791208544|24441&4&166.22638927581258|24449&4&1181.1741155280965|24450&4&642.840250451669|24454&4&975.1374487016321|24456&4&388.8428863484217|24463&4&85.05073338202175|24465&4&256.60798257932845|24473&4&1071.021730374243|24475&4&537.9290564743375|24500&4&764.0430577712265,2|24407&4&424.87205980678306|24410&4&692.2161450487356|24416&4&337.5107238134043|24434&4&63.58111847120447|24444&4&1087.7489143089601|24446&4&1461.6370818865237|24465&4&992.5544391368509|24470&4&513.4341513890281|24475&4&9.99101332831504|24476&4&596.3111710260869|24479&4&988.9173432605029|24485&4&336.54394333946505|24486&4&420.0330499686781|24503&4&17.61506365749913,2|24415&4&393.457345565949|24416&4&2171.9505955725926|24431&4&2382.400412966454|24432&4&2617.049829119795|24447&4&9.13335080734049|24458&4&0.0|24464&4&595.2646597673436|24468&4&1331.9867984896507|24469&4&18.446044025054206|24487&4&301.5315492536888|24500&4&171.09600169680732|24507&4&571.4913415808442,2|24397&4&27.4120418435068|24400&4&1816.2852616330665|24406&4&1595.906656506328|24409&4&1917.108664970399|24412&4&1136.9814794497775|24413&4&759.8284301996111|24418&4&690.9228812423127|24427&4&2086.837378148086|24428&4&1406.1630455652205|24442&4&2677.0945253115938|24446&4&47.65747404287849|24450&4&440.4135587163694|24451&4&88.44080330261107|24452&4&1547.9568579751287|24456&4&532.3998082910562|24465&4&109.37792743908355|24467&4&3056.2518289438476|24473&4&657.4449608631603|24483&4&492.8809686961464|24492&4&156.65617010296575|24512&4&-1.4210854715202004E-14,2|24417&4&61.324241516771465|24418&4&1934.2622419575316|24426&4&620.8762240889085|24431&4&398.45922083749764|24440&4&1273.6560807312076|24445&4&897.4152936140373|24448&4&899.6084800967578|24450&4&655.818157470376|24455&4&7.437422732173989|24460&4&1123.160920322818|24482&4&1176.1566988531004|24489&4&673.3054260213573|24490&4&1206.2691069532386|24491&4&442.3399540753429|24493&4&1626.3901932956564|24495&4&860.1540806933189|24498&4&2.767971681011018|24500&4&472.69938763684735,2|24398&4&299.50300457372634|24401&4&99.91738195642543|24402&4&13.21517787612058|24414&4&909.4751935867507|24437&4&75.68390307888694|24438&4&408.9581190386659|24451&4&201.99064220566697|24453&4&2371.6176774399114|24459&4&121.72082135674835|24462&4&40.96367930519338|24471&4&199.31017672559372|24472&4&743.1628815885686|24482&4&254.4413681457665|24483&4&1081.1185185840995|24484&4&105.26417339745231|24486&4&1013.896303885439|24491&4&194.86271357413102|24496&4&415.83413206838344
225|4,130,1,1,1,1,1,1,1,1,1,1,1,1,1,1,1,1,1,1,1,1,1,1,1,1,1,1,1,1,1,1,1,1,1,1,1,1,1,1,1,1,1,1,1,1,1,1,1,1,1,1,1,1,1,1,1,1,1,1,1,1,1,1,1,1,1,1,1,1,1,1,1,1,1,1,1,1,1,1,1,1,1,1,1,1,1,1,1,1,1,1,1,1,1,1,1,1,1,1,1,1,0,0,0,0,0,0,0,0,0,0,0,0,0,0,0,0,0,0,0,0,2|24398&4&13.067148460742665|24415&4&-1.687538997430238E-14|24419&4&980.7583529692224|24420&4&514.3181551715826|24424&4&894.4484436307457|24429&4&2527.2228776630077|24443&4&1218.4278066832|24459&4&908.8272242319098|24462&4&631.6730474042016|24464&4&59.21454244881075|24466&4&184.92766543583832|24471&4&362.62083236703006|24477&4&1049.3166935483905|24478&4&983.865736800824|24481&4&12.326091031927234|24484&4&2223.622950732359|24500&4&234.01283679149157|24511&4&509.58855140226484|24514&4&2.1733680571484495,2|24399&4&972.6508263601129|24401&4&921.3833881427831|24404&4&2684.1530057735517|24410&4&1098.0627162052235|24411&4&1685.3266091970772|24415&4&798.5418734846467|24417&4&2871.9507497902064|24421&4&869.5610314554838|24423&4&2350.6714904355194|24437&4&495.5973443370716|24441&4&215.02451280737313|24451&4&1834.920832392694|24462&4&392.58588520224475|24471&4&310.4925119954788|24476&4&1207.4783409390416|24478&4&613.1875020421492|24480&4&765.2908071815971|24485&4&2614.754870279985,2|24403&4&558.8274049169358|24404&4&191.25360110344212|24405&4&1367.2756035418001|24434&4&5206.327673080407|24435&4&2072.142270429038|24445&4&333.28405044639953|24479&4&1349.6510115932647|24489&4&246.2927928545813|24490&4&3.730349362740526E-14|24494&4&1208.3104396595618|24498&4&115.55350585194395,2|24408&4&22.116784234983854|24424&4&442.2350386886435|24427&4&110.82193520173132|24430&4&1389.7097114766598|24439&4&1147.5599628147174|24443&4&514.8261845507957|24461&4&2144.2201494233886|24477&4&504.8628236073084|24486&4&125.43205941597502|24488&4&660.6477423000451|24493&4&400.01371614305197|24500&4&46.40738199641653|24503&4&3.6672253944050768,2|24397&4&935.7201687325055|24399&4&1371.9808489053626|24402&4&975.7467529008527|24403&4&54.72847866627437|24408&4&646.0653147620907|24433&4&1420.156453369804|24436&4&1886.3575350816525|24441&4&154.8518636068735|24449&4&1086.3177061639494|24450&4&835.6183780393638|24454&4&1196.3529121344814|24456&4&368.49121942807807|24463&4&80.3256926385761|24465&4&250.81997230381484|24473&4&1019.8623692496539|24475&4&499.20004290164616|24500&4&926.7566288352418,2|24402&4&290.2603656811526|24407&4&547.1346289940351|24410&4&901.5790486956312|24416&4&712.8744530863543|24434&4&20.362206967314265|24444&4&999.2712670802429|24446&4&1333.6505975972227|24465&4&912.6921648503201|24470&4&475.6256741643428|24475&4&5.303837218664109|24476&4&758.310006076027|24479&4&995.3615488704178|24485&4&260.31151431952225|24486&4&371.7051623074018|24503&4&14.899939186916178,2|24415&4&329.77544259044487|24416&4&1974.9372615144289|24431&4&2497.361928146854|24432&4&2751.0138376307327|24447&4&8.596094877496931|24464&4&545.7130224833127|24468&4&1510.3203139435996|24469&4&15.810894878617892|24487&4&281.7046110219626|24500&4&145.03400133819997|24507&4&533.4930179324251,2|24397&4&12.24090984843511|24400&4&1647.6563387003603|24406&4&1470.1708366967246|24409&4&2180.826212428829|24412&4&1111.7088591402887|24413&4&706.913333681588|24418&4&574.4284823172969|24427&4&1916.5825763576336|24428&4&1484.5967415596235|24442&4&2750.1735440193797|24446&4&25.681596358409486|24450&4&350.27340911251696|24451&4&55.346004067447765|24452&4&1547.4738935556625|24456&4&486.3990243643814|24465&4&71.17952125457762|24467&4&3507.815148343866|24473&4&574.0527489639597|24483&4&438.9075317198218|24492&4&247.31337660379126,2|24417&4&21.50543705483415|24418&4&1971.9338987793408|24426&4&556.7563214447194|24431&4&296.31046206009825|24440&4&1390.5308954409447|24445&4&1105.0784998944955|24448&4&842.9630990878222|24450&4&611.9145612747909|24455&4&6.693680458956591|24460&4&993.7957347484531|24482&4&1009.505642601126|24489&4&743.5932573679088|24490&4&1228.1848294748715|24491&4&392.5247119348825|24493&4&1532.6442244515913|24495&4&774.0192491850372|24498&4&-1.687538997430238E-14|24500&4&430.46197799264087,2|24398&4&345.3236680885454|24401&4&71.89111792842489|24402&4&8.171241461241152E-14|24414&4&906.4617232727126|24436&4&298.9618442449032|24437&4&71.70053975894552|24438&4&457.56715235399895|24451&4&579.8195681853518|24453&4&2136.893853455714|24459&4&103.33205754433124|24462&4&30.72275947889503|24471&4&170.6818203987268|24472&4&1154.8335640219261|24482&4&468.11066561797696|24483&4&1165.0377407312094|24484&4&77.6985919610872|24486&4&1405.5230398451192|24491&4&184.15096765289235|24496&4&388.88881426354385
226|4,130,1,1,1,1,1,1,1,1,1,1,1,1,1,1,1,1,1,1,1,1,1,1,1,1,1,1,1,1,1,1,1,1,1,1,1,1,1,1,1,1,1,1,1,1,1,1,1,1,1,1,1,1,1,1,1,1,1,1,1,1,1,1,1,1,1,1,1,1,1,1,1,1,1,1,1,1,1,1,1,1,1,1,1,1,1,1,1,1,1,1,1,1,1,1,1,1,1,1,1,1,0,0,0,0,0,0,0,0,0,0,0,0,0,0,0,0,0,0,0,0,2|24398&4&2.9467089637221875|24419&4&1164.7229830339052|24420&4&469.40723032601863|24424&4&882.02138288948|24429&4&2306.349757547108|24443&4&1551.1356234824498|24459&4&845.3342220572679|24462&4&591.7572042191773|24464&4&129.81406194206525|24466&4&169.72727343785044|24471&4&339.7636456862858|24477&4&1058.4586803593188|24478&4&1045.1402151755449|24481&4&11.641308196820166|24484&4&2048.107921854685|24500&4&217.2976341635279|24511&4&463.68154981702753|24514&4&1.630026042861338,2|24399&4&859.6613633797656|24401&4&851.2384110698268|24404&4&2877.6210906732713|24410&4&977.311460372733|24411&4&1973.5735733377624|24415&4&793.9102799367136|24417&4&3168.376831831197|24421&4&806.1484693770491|24423&4&2522.87300493072|24437&4&430.175272865741|24441&4&192.40424867840517|24451&4&1688.9157784046608|24462&4&350.58522911838327|24471&4&281.6488463451369|24476&4&1062.9515156130437|24478&4&522.071511733495|24480&4&680.64192847183|24485&4&2508.62070358408,2|24403&4&495.14060205618875|24404&4&119.22389194754692|24405&4&1350.2152702358278|24434&4&4759.020931660503|24435&4&1946.1112283901998|24445&4&279.1121784530453|24479&4&1174.0247314272192|24489&4&194.4114055194152|24494&4&1144.1925265870696|24498&4&101.43638204816685,2|24408&4&5.2946345666044925|24424&4&370.942340444992|24427&4&105.28083844164476|24430&4&1468.0797805921934|24434&4&659.0681700533028|24439&4&1033.354782833016|24443&4&405.33299371334306|24461&4&1953.9678454278749|24477&4&417.05056596968865|24486&4&80.66969874397198|24488&4&544.9773285032618|24493&4&313.68083574243053|24500&4&21.696519562868353|24503&4&1.7890759927662858,2|24397&4&988.7997813011451|24399&4&1293.0647072590205|24402&4&887.2449001797232|24403&4&88.36329868462826|24408&4&726.1077003103255|24433&4&1370.52572546385|24436&4&1721.3446608163167|24441&4&143.4773379379344|24449&4&960.9925638963443|24450&4&792.481560897056|24454&4&1066.568490588141|24456&4&399.3335012714306|24463&4&75.60065189513045|24465&4&600.8769881086491|24473&4&959.0820059643868|24475&4&460.471029328955|24500&4&1091.3469220163508,2|24402&4&427.0413577405919|24407&4&600.3210641964338|24410&4&1070.6450190358814|24416&4&1084.3759141438877|24429&4&295.7723198465294|24434&4&-1.1368683772161603E-13|24444&4&908.8588945881536|24446&4&1205.664113307922|24449&4&20.693633854418067|24465&4&832.8298905637894|24470&4&437.8171969396575|24475&4&2.651918609332046|24476&4&1073.2006315973608|24479&4&999.1554293616792|24485&4&201.75258536239448|24486&4&323.37727464612544|24488&4&379.54519005105675|24503&4&12.184814716333225,2|24415&4&266.0935396149407|24416&4&1788.0089220270331|24431&4&2433.0403485423935|24432&4&2807.3268539116743|24447&4&8.058838947653372|24458&4&15.458432450579856|24464&4&496.1613851992816|24468&4&1509.226915949091|24469&4&13.175745732181579|24487&4&0.0|24500&4&118.97200097959261|24507&4&576.492780823221,2|24397&4&-2.4868995751603507E-14|24400&4&1479.0274157676545|24406&4&1344.4350168871204|24409&4&2108.6679390282234|24412&4&1203.5823692922513|24413&4&630.9348339029092|24418&4&467.15178220363134|24427&4&1746.3277745671815|24428&4&1364.4519207092126|24442&4&2663.350549360297|24446&4&12.845383645684318|24450&4&271.4092344216166|24451&4&23.387513899724826|24452&4&1396.8224584716365|24456&4&440.3982404377066|24465&4&32.981115070071674|24467&4&3396.02918955981|24473&4&498.1223535510168|24483&4&384.93409474349727|24492&4&230.2288160328648,2|24417&4&-4.973799150320701E-14|24418&4&2096.8672034750693|24426&4&590.9430165436888|24431&4&209.32363411607452|24440&4&1364.480269911665|24445&4&1277.2546759866468|24448&4&776.2262969713021|24450&4&568.010965079206|24455&4&336.27260545666144|24460&4&944.4084735202424|24482&4&865.5396250992922|24489&4&697.8876972917899|24490&4&1266.7287793979986|24491&4&342.709469794422|24493&4&2009.841483083315|24495&4&938.9683434982869|24500&4&388.2245683484344,2|24398&4&495.2396002895223|24401&4&49.13031385646886|24414&4&900.6387034310518|24436&4&284.01375203265803|24437&4&67.7171764390041|24438&4&636.2575594493862|24451&4&899.4050418949378|24453&4&1902.1700294715172|24459&4&84.94329373191411|24462&4&20.481839652596676|24471&4&146.03344078332245|24472&4&1348.083547132931|24482&4&1035.0058021577693|24483&4&1083.6856791271955|24484&4&54.94763433149354|24486&4&1495.3773917563533|24491&4&173.43922173165367|24496&4&361.94349645870426
227|4,130,1,1,1,1,1,1,1,1,1,1,1,1,1,1,1,1,1,1,1,1,1,1,1,1,1,1,1,1,1,1,1,1,1,1,1,1,1,1,1,1,1,1,1,1,1,1,1,1,1,1,1,1,1,1,1,1,1,1,1,1,1,1,1,1,1,1,1,1,1,1,1,1,1,1,1,1,1,1,1,1,1,1,1,1,1,1,1,1,1,1,1,1,1,1,1,1,1,1,1,1,0,0,0,0,0,0,0,0,0,0,0,0,0,0,0,0,0,0,0,0,2|24398&4&0.0|24419&4&1273.9351311141281|24420&4&424.49630548045457|24424&4&961.9273399966255|24429&4&2099.364107781252|24443&4&1722.9787565265972|24459&4&806.9530587574051|24462&4&551.841361034153|24464&4&149.45711212909825|24466&4&154.52688143986256|24471&4&316.9064590055416|24477&4&1184.8761219938292|24478&4&1033.5584226989347|24481&4&10.956525361713098|24484&4&1875.0097075774124|24500&4&200.58243153556424|24511&4&417.7745482317902|24514&4&1.0866840285742265,2|24399&4&746.6719003994185|24401&4&781.0934339968708|24404&4&2727.0343597089523|24410&4&859.5878751330005|24411&4&1850.5417262437581|24415&4&919.2462490916769|24417&4&2920.9725733000705|24421&4&772.4754406434686|24423&4&2641.490856396751|24437&4&364.75320139441044|24441&4&169.7839845494372|24451&4&1542.9107244166273|24462&4&308.5845730345217|24471&4&252.80518069479504|24476&4&934.5701245505079|24478&4&441.225956233338|24480&4&850.3666808482403|24485&4&2320.492844482478,2|24403&4&431.45379919544166|24404&4&66.21983336187387|24405&4&1221.7945543966302|24434&4&4311.714190240599|24435&4&2092.8103881835723|24445&4&235.8293876011963|24474&4&1.3293095422852497|24479&4&998.3984512611735|24489&4&144.44612462304892|24494&4&1178.324038872693|24498&4&90.10218698555344,2|24408&4&-3.375077994860476E-14|24418&4&157.54186256660626|24424&4&304.5576676835821|24427&4&122.41509562261086|24430&4&1357.9652724201806|24434&4&1167.1054008473188|24439&4&921.6609956172861|24443&4&321.52745176584017|24461&4&1838.8769898266457|24477&4&333.47214042806763|24486&4&46.01464106356036|24488&4&448.8036266846902|24493&4&246.75709626130597|24500&4&6.0058692151293025|24503&4&-3.1086244689504383E-15,2|24397&4&992.2784982106465|24399&4&1381.059389972831|24402&4&807.3280342626826|24403&4&83.48906309484457|24408&4&794.9671695632305|24433&4&1361.4622429291999|24436&4&1556.883892084515|24441&4&132.10281226899534|24449&4&845.6118028108937|24450&4&780.8784924313817|24454&4&942.6609802212967|24456&4&440.7514383705271|24463&4&70.87561115168481|24465&4&1020.2307932543307|24473&4&898.3016426791197|24475&4&421.7420157562638|24500&4&1028.6889958568888,2|24402&4&404.9636389393594|24407&4&619.2892009505267|24410&4&1228.0859323721124|24416&4&1381.2589770955512|24429&4&280.98370385420293|24444&4&818.4465220960642|24446&4&1306.679909134316|24449&4&166.74849766044403|24465&4&752.9676162772585|24470&4&400.00871971497224|24475&4&-1.687538997430238E-14|24476&4&1295.293481015983|24479&4&1041.8961628928298|24482&4&309.6211550447518|24485&4&149.6674736882907|24486&4&275.0493869848491|24488&4&464.6032703249776|24503&4&9.469690245750272,2|24415&4&202.41163663943655|24416&4&1617.4643604862324|24431&4&2528.2896773817993|24432&4&2869.586636141962|24447&4&7.521583017809814|24458&4&14.685510828050864|24464&4&449.9400201456306|24468&4&1377.740804718341|24469&4&10.540596585745265|24487&4&22.229269331919454|24500&4&92.91000062098524|24507&4&587.3229364794165,2|24400&4&1310.398492834948|24406&4&1218.6991970775161|24409&4&1935.498234331816|24412&4&1120.3540489415977|24413&4&610.0310229398651|24418&4&381.822686762402|24427&4&1577.2901198473523|24428&4&1351.7654803873288|24442&4&2429.1183395326757|24446&4&0.3975792338629536|24450&4&193.13042044131322|24451&4&13.106325010002928|24452&4&1526.57708163399|24456&4&402.21703282019644|24465&4&7.470158402419539|24467&4&3197.43246506856|24473&4&423.16401892658325|24483&4&330.96065776717273|24492&4&213.14425546193834,2|24418&4&1961.0846994721464|24426&4&834.3220740298073|24431&4&132.87546348099022|24440&4&1276.6031520806125|24445&4&1194.8319270339437|24448&4&709.4894948547819|24450&4&524.1073688836209|24455&4&319.01272981989797|24460&4&1141.682392877181|24482&4&734.4187854352538|24489&4&829.4630613720836|24490&4&1250.6510446950474|24491&4&292.8942276539615|24493&4&2062.799899518397|24495&4&855.1715340609003|24500&4&345.9871587042279,2|24398&4&529.2753565011047|24401&4&26.369509784512786|24414&4&883.6562949794318|24436&4&587.2118868185269|24437&4&63.73381311906269|24438&4&877.7805067906423|24451&4&970.7896482144761|24453&4&1667.9254369475225|24459&4&66.55452991949699|24462&4&10.240919826298326|24471&4&121.38506116791807|24472&4&1233.6477386795455|24482&4&980.7924044820486|24483&4&1002.3336175231816|24484&4&37.85835492032452|24486&4&1507.7905054183234|24491&4&162.72747581041503|24496&4&334.99817865386467
228|4,130,1,1,1,1,1,1,1,1,1,1,1,1,1,1,1,1,1,1,1,1,1,1,1,1,1,1,1,1,1,1,1,1,1,1,1,1,1,1,1,1,1,1,1,1,1,1,1,1,1,1,1,1,1,1,1,1,1,1,1,1,1,1,1,1,1,1,1,1,1,1,1,1,1,1,1,1,1,1,1,1,1,1,1,1,1,1,1,1,1,1,1,1,1,1,1,1,1,1,1,1,0,0,0,0,0,0,0,0,0,0,0,0,0,0,0,0,0,0,0,0,2|24419&4&1346.7530132391992|24420&4&379.5853806348905|24424&4&1112.5132225015614|24429&4&1892.378458015397|24443&4&2050.0671479494367|24457&4&0.0|24459&4&742.2044646390242|24462&4&511.9255178491288|24464&4&141.14159412136107|24466&4&139.32648944187468|24471&4&294.0492723247973|24477&4&1182.9684575698952|24478&4&1224.2188421641467|24481&4&10.27174252660603|24484&4&1711.9133800892328|24500&4&183.86722890760058|24511&4&371.8675466465529|24514&4&0.5433420142871151,2|24399&4&633.6824374190714|24401&4&828.5127863016223|24404&4&2899.7631050889|24410&4&761.0675638305797|24411&4&1727.5098791497544|24415&4&1184.7822604713378|24417&4&2642.2898039788433|24421&4&781.9658829872012|24423&4&2667.1885363737433|24437&4&299.3311299230799|24441&4&147.16372042046922|24451&4&1396.9056704285942|24462&4&266.5839169506602|24471&4&223.96151504445317|24476&4&813.2048570687821|24478&4&360.38040073318103|24480&4&810.2274570200027|24485&4&2132.3649853808765,2|24403&4&373.1745174574031|24404&4&20.87167294955867|24405&4&1265.59231616105|24434&4&3894.885245199573|24435&4&1960.025174765941|24445&4&192.5465967493472|24462&4&178.83412745775138|24474&4&16.09879212117509|24479&4&832.4675110015742|24489&4&104.73247084652574|24494&4&1060.8624941194118|24498&4&81.46341754085796,2|24418&4&336.8247159387714|24424&4&239.73533059608457|24427&4&349.4082947038788|24430&4&1250.036613521333|24434&4&1553.2041778690423|24439&4&959.9449194968896|24443&4&245.6889580723107|24461&4&2121.4661257784496|24477&4&256.3931045495001|24486&4&14.41862282918219|24488&4&364.3831792922491|24493&4&195.11695635094145|24500&4&5.1514348342607263E-14,2|24397&4&914.5497441966929|24399&4&1553.0295962434686|24402&4&727.4111683456421|24403&4&78.61482750506087|24408&4&726.7681721633697|24433&4&1252.8704569338606|24436&4&1413.404864793275|24441&4&120.72828660005626|24449&4&737.3094969804486|24450&4&1331.215592125799|24454&4&822.2028379856908|24456&4&453.62885655386606|24463&4&100.5717424987622|24465&4&1208.9896083127505|24473&4&874.9017627274031|24475&4&383.0130021835725|24500&4&966.0310696974263,2|24402&4&382.8859201381269|24407&4&575.7516084449404|24410&4&1296.5746216347327|24416&4&1507.0576624321313|24429&4&315.64139410679|24444&4&728.0341496039748|24446&4&1402.2315090279553|24449&4&325.268026334414|24465&4&673.1053419907277|24470&4&362.2002424902869|24476&4&1492.3424694307994|24479&4&1510.0560687096163|24482&4&465.8897698619033|24485&4&97.58236201418686|24486&4&226.7214993235728|24488&4&628.94696455087|24503&4&6.754565775167319,2|24415&4&152.35242516602804|24416&4&1460.8301360015057|24431&4&2789.1992650587335|24432&4&2616.892223533241|24447&4&43.726056060934845|24458&4&0.0|24464&4&403.7186550919796|24468&4&1246.2546934875913|24469&4&84.85168392545836|24487&4&21.117805865323483|24500&4&66.8480002623779|24507&4&585.7511835716817,2|24400&4&1141.769569902242|24406&4&1092.9633772679122|24409&4&1762.3285296354088|24412&4&1307.011322434987|24413&4&736.843169110986|24418&4&304.53447583690627|24427&4&1420.5402954985952|24428&4&1293.9355555908066|24442&4&2197.8395840496178|24446&4&2.55351295663786E-15|24450&4&120.99170554801216|24451&4&8.737550006668634|24452&4&1564.3902790677337|24456&4&364.03582520268617|24465&4&-5.5067062021407764E-14|24467&4&3190.3130585644158|24473&4&354.42559521129834|24483&4&276.9872207908482|24492&4&342.28267135687463,2|24403&4&363.2924299532365|24418&4&1825.302195469224|24426&4&877.754215352745|24431&4&69.64788029790313|24440&4&1161.574415826596|24445&4&1248.914512380108|24448&4&642.752692738262|24450&4&480.2037726880359|24455&4&301.75285418313445|24460&4&1194.8350477497463|24482&4&616.0291833233726|24489&4&904.2898435603784|24490&4&1166.9062462909585|24491&4&244.20462779016125|24493&4&1931.744191967896|24495&4&864.2011926342695|24500&4&303.7497490600215|24505&4&157.40955019032458,2|24398&4&487.0761538739541|24401&4&9.140382228025766|24414&4&1221.6030794201874|24436&4&855.588427275478|24437&4&339.48112458495484|24438&4&797.8284574098044|24442&4&293.6189101376068|24451&4&917.922890124949|24453&4&1669.1285215491191|24459&4&48.165766107079875|24462&4&-2.4868995751603507E-14|24471&4&96.7366815525137|24472&4&1130.3473388706234|24482&4&926.5790068063278|24483&4&981.6172786014656|24484&4&25.238903280216306|24486&4&1513.336894149916|24491&4&209.81570387796486|24496&4&308.0528608490251
229|4,130,1,1,1,1,1,1,1,1,1,1,1,1,1,1,1,1,1,1,1,1,1,1,1,1,1,1,1,1,1,1,1,1,1,1,1,1,1,1,1,1,1,1,1,1,1,1,1,1,1,1,1,1,1,1,1,1,1,1,1,1,1,1,1,1,1,1,1,1,1,1,1,1,1,1,1,1,1,1,1,1,1,1,1,1,1,1,1,1,1,1,1,1,1,1,1,1,1,1,1,1,0,0,0,0,0,0,0,0,0,0,0,0,0,0,0,0,0,0,0,0,2|24419&4&1221.0289851095556|24420&4&346.26308842065424|24424&4&1218.404345705556|24429&4&1685.3928082495418|24443&4&1902.5315923778303|24459&4&834.3822386970696|24462&4&472.0096746641045|24464&4&156.48909387217554|24466&4&124.12609744388682|24471&4&271.192085644053|24477&4&1547.138665899377|24478&4&1303.2677891393776|24481&4&9.586959691498961|24484&4&1745.095762887176|24500&4&167.1520262796369|24511&4&413.4584572498841|24514&4&3.774758283725532E-15,2|24399&4&522.4760327448071|24401&4&841.5867454591692|24404&4&2892.3992773533073|24410&4&680.1797021019801|24411&4&1604.4780320557504|24415&4&1148.1525679335728|24417&4&2367.4001936191876|24421&4&720.2762538366751|24423&4&2418.7794177264964|24437&4&243.29460269121435|24441&4&124.54345629150124|24451&4&1250.900616440561|24462&4&224.58326086679864|24471&4&195.1178493941113|24476&4&703.2897814421443|24478&4&290.57031659486995|24480&4&1104.440276102672|24485&4&2107.9627940393602,2|24403&4&323.30828075583184|24404&4&0.5853923713323014|24405&4&1359.3439081139993|24434&4&3494.97151502175|24435&4&1792.8804693326979|24445&4&161.055612551656|24462&4&240.90923926994637|24474&4&15.290529241260623|24479&4&693.867510440042|24489&4&70.31481986792835|24494&4&1133.7874865279666|24498&4&72.82464809616243,2|24418&4&489.8806795679542|24424&4&175.20063670528995|24427&4&331.0500270698193|24430&4&1114.818441851374|24434&4&1516.7989372419067|24439&4&1022.9112016925576|24443&4&600.6721974802726|24461&4&1998.633951827342|24465&4&41.02673650077088|24477&4&185.84972357322061|24486&4&-1.1013412404281553E-13|24488&4&284.32510831292893|24493&4&146.93567245515732,2|24397&4&836.8209901827394|24399&4&1920.7665863584511|24402&4&647.4943024286015|24403&4&73.74059191527716|24408&4&658.5691747635088|24433&4&1144.278670938521|24436&4&1285.1730931704865|24441&4&181.32621777674052|24449&4&642.8388057025037|24450&4&1255.6360502718103|24454&4&703.73017230257|24456&4&445.3964957782011|24463&4&267.93946946581855|24465&4&1142.4854860820515|24473&4&877.139234599361|24475&4&358.09823024908746|24500&4&903.3731435379642,2|24402&4&407.94700020513926|24407&4&532.2140159393541|24410&4&1226.790669104956|24416&4&1435.4550525386453|24421&4&135.1144768088678|24429&4&589.6631229877285|24444&4&637.6217771118856|24446&4&1655.8906281380173|24449&4&308.53343298467433|24450&4&453.6643002185944|24465&4&593.2430677041968|24470&4&324.3917652656016|24476&4&1648.5026060470777|24479&4&1860.2293115543039|24482&4&590.4532865955688|24485&4&45.49725034008301|24486&4&178.39361166229648|24488&4&844.6634136833113|24503&4&4.039441304584367,2|24415&4&119.05255877702405|24416&4&1318.3612331181935|24431&4&2749.999527176201|24432&4&2369.5202213753078|24447&4&41.351713682442856|24464&4&357.49729003832863|24468&4&1138.7376989251723|24469&4&0.0|24487&4&20.00634239872751|24500&4&40.78599990377053|24507&4&621.8726341894238,2|24400&4&1305.174928853853|24406&4&1095.5020897846512|24409&4&1589.158824939001|24412&4&1422.4740389308117|24413&4&886.5241762812987|24418&4&231.0974282968234|24427&4&1272.6293187921442|24428&4&1174.0808825704307|24442&4&1983.9218638126179|24450&4&59.40437544745092|24451&4&4.368775003334302|24452&4&1455.4117808098856|24456&4&325.8546175851759|24467&4&3216.419090482835|24473&4&290.35658902124993|24483&4&223.01378381452366|24492&4&331.02884480706166,2|24403&4&417.2123143755988|24418&4&1689.519691466301|24426&4&803.650218904447|24431&4&26.642076214639758|24440&4&1046.5456795725793|24445&4&1159.6664967124616|24448&4&576.0158906217421|24450&4&436.30017649245093|24455&4&284.492978546371|24460&4&1222.5777725406824|24482&4&517.5602278707522|24489&4&843.2504178528269|24490&4&1097.3468037744988|24491&4&195.60559323485944|24493&4&1861.1105350320886|24495&4&779.4978888221494|24500&4&261.51233941581506|24505&4&149.53907268080835,2|24398&4&0.0|24401&4&1.0658141036401503E-14|24414&4&1258.3459219248707|24436&4&953.3528373225383|24437&4&321.5112275257217|24438&4&830.5029444136244|24442&4&637.0633917494985|24449&4&309.40523980813134|24451&4&865.056132035422|24453&4&2063.8795406311256|24454&4&96.35509421895347|24459&4&29.77700229466275|24471&4&72.08830193710932|24472&4&1027.0469390617013|24482&4&872.365609130607|24483&4&897.2334308633369|24484&4&12.619451640108116|24486&4&1772.9983284131954|24491&4&196.2139592572868|24496&4&281.1075430441855
230|4,130,1,1,1,1,1,1,1,1,1,1,1,1,1,1,1,1,1,1,1,1,1,1,1,1,1,1,1,1,1,1,1,1,1,1,1,1,1,1,1,1,1,1,1,1,1,1,1,1,1,1,1,1,1,1,1,1,1,1,1,1,1,1,1,1,1,1,1,1,1,1,1,1,1,1,1,1,1,1,1,1,1,1,1,1,1,1,1,1,1,1,1,1,1,1,1,1,1,1,1,1,0,0,0,0,0,0,0,0,0,0,0,0,0,0,0,0,0,0,0,0,2|24419&4&1098.2414145568823|24420&4&300.7727319435238|24424&4&1337.5805960518126|24426&4&293.41764906672483|24429&4&1487.4211900118905|24443&4&1754.9960368062239|24457&4&0.0|24459&4&859.2539852857574|24462&4&432.0938314790803|24464&4&146.99042497651078|24466&4&108.92570544589896|24471&4&248.33489896330877|24477&4&1708.3943220182423|24478&4&1604.4014357645249|24481&4&8.902176856391893|24484&4&1970.3343296054506|24500&4&150.43682365167325|24511&4&444.9410106951161,2|24399&4&421.63464821541345|24401&4&761.1086942823581|24404&4&2644.364019934613|24410&4&603.9372632087097|24411&4&1481.4461849617464|24415&4&1065.583128727357|24417&4&2103.040364534449|24421&4&659.3647699593081|24423&4&2239.5428818015234|24437&4&187.2580754593488|24441&4&101.92319216253327|24451&4&1104.8955624525277|24462&4&182.5826047829371|24471&4&166.2741837437694|24476&4&603.4205508209105|24478&4&222.41334110023445|24480&4&1288.2756423745086|24485&4&2289.5260429008517,2|24403&4&278.17719782726306|24404&4&-4.218847493575595E-15|24405&4&1505.2993759015808|24408&4&252.811229007399|24434&4&3095.4893145222272|24435&4&1625.735763899454|24445&4&129.56462835396488|24462&4&228.41669198780465|24474&4&0.0|24479&4&569.8507198414029|24489&4&35.897168889331|24494&4&1089.2859707258356|24498&4&64.18587865146692,2|24404&4&326.8994446310346|24418&4&581.2137136829152|24424&4&121.47620776867248|24427&4&312.69175943575976|24430&4&979.6002701814148|24434&4&1558.5536922154101|24439&4&913.9184836603004|24443&4&595.2910605077531|24461&4&2212.1965376486587|24465&4&78.03860476154593|24468&4&118.44827604888133|24477&4&128.6886681108702|24479&4&609.0769288224488|24488&4&208.8824425492938|24493&4&106.7027640742426,2|24397&4&888.6800572349131|24399&4&2235.373135119312|24402&4&567.5774365115608|24403&4&68.86635632549346|24408&4&593.7607949840649|24433&4&1035.6868849431817|24436&4&1162.2991438655731|24441&4&166.35306926552028|24449&4&556.3805037203326|24450&4&1180.0565084178215|24454&4&607.1348674315807|24456&4&570.011997526142|24463&4&286.07343615437156|24465&4&1075.9813638513524|24473&4&827.1269579145345|24475&4&370.0943432045573|24500&4&993.2578580947899,2|24402&4&396.06196352007663|24407&4&488.6764234337677|24410&4&1146.9362448203071|24416&4&1574.6289876145486|24421&4&128.35875296842443|24429&4&922.3865072907172|24444&4&629.4226758633516|24446&4&1635.2624116185661|24449&4&291.79883963493467|24450&4&834.8749783713367|24465&4&513.8198015196765|24470&4&286.5832880409162|24476&4&1550.447497607662|24479&4&1744.9468627551723|24482&4&655.6541227417623|24485&4&9.648199703102287|24486&4&130.06572400102016|24488&4&1040.5496212041908|24503&4&2.2015615503692603,2|24415&4&85.75269238802018|24416&4&1176.8260241768817|24431&4&2811.1147854963374|24432&4&2132.9738862215995|24447&4&38.97737130395087|24464&4&311.9366429392204|24468&4&1006.0531318610058|24469&4&88.55486280144822|24487&4&0.0|24500&4&20.66670250686603|24507&4&570.875986445646,2|24400&4&1140.2983119787496|24406&4&1217.8179431304964|24409&4&1415.9891202425933|24412&4&1289.9026291150271|24413&4&909.5008311701716|24418&4&166.46383270155496|24427&4&1128.8904395604775|24428&4&1081.615008251293|24442&4&1788.0139799184312|24450&4&24.65540608671023|24451&4&-3.019806626980426E-14|24452&4&1450.3632286994261|24456&4&287.6734099676657|24467&4&3103.8710834780522|24473&4&230.3205505690421|24483&4&169.04034683819913|24492&4&308.79717360140637,2|24403&4&400.75003888748716|24418&4&1553.7371874633786|24426&4&729.5462224561493|24431&4&0.0|24440&4&931.5169433185629|24445&4&1070.418481044815|24448&4&656.648403764773|24450&4&392.39658029686586|24455&4&340.35357012602|24460&4&1286.1438929087249|24482&4&428.0079699005391|24489&4&967.9541301521054|24490&4&995.640260704976|24491&4&151.86632576800395|24493&4&1858.6316955336351|24495&4&694.7945850100292|24500&4&219.27492977160858|24505&4&283.64286697861877,2|24400&4&226.968609451608|24414&4&1190.6678099934097|24436&4&910.0344383464285|24437&4&337.8408906191995|24438&4&753.1801082166775|24442&4&859.8912294889625|24449&4&644.7292045470484|24451&4&812.1893739458949|24453&4&2041.9196138035845|24454&4&440.8375240672026|24459&4&20.54918783759971|24471&4&47.439922321704955|24472&4&923.746539252779|24482&4&818.1522114548864|24483&4&812.8495831252083|24484&4&-7.460698725481052E-14|24486&4&1944.640409320217|24491&4&182.6122146366087|24496&4&254.1622252393459
231|4,130,1,1,1,1,1,1,1,1,1,1,1,1,1,1,1,1,1,1,1,1,1,1,1,1,1,1,1,1,1,1,1,1,1,1,1,1,1,1,1,1,1,1,1,1,1,1,1,1,1,1,1,1,1,1,1,1,1,1,1,1,1,1,1,1,1,1,1,1,1,1,1,1,1,1,1,1,1,1,1,1,1,1,1,1,1,1,1,1,1,1,1,1,1,1,1,1,1,1,1,1,0,0,0,0,0,0,0,0,0,0,0,0,0,0,0,0,0,0,0,0,2|24419&4&1122.69269613701|24420&4&454.6941615122598|24424&4&1431.836097180717|24426&4&523.0481833102972|24429&4&1315.3706336815326|24443&4&1607.4604812346172|24457&4&61.977462316903726|24459&4&781.7857398027606|24462&4&392.17798829405604|24464&4&214.30655666247395|24465&4&24.518311434593215|24466&4&93.72531344791106|24471&4&294.1654234942827|24477&4&1911.2512072596921|24478&4&1646.2741897641401|24481&4&8.217394021284825|24484&4&2243.240734990641|24500&4&133.7216210237096|24511&4&473.8901923869428,2|24399&4&337.7750122726643|24401&4&940.6324539767061|24404&4&2396.3287625159187|24410&4&527.6948243154394|24411&4&1358.4143378677427|24415&4&983.0136895211415|24417&4&2385.497023242308|24421&4&598.7576703647268|24423&4&2256.5596878829797|24437&4&131.22154822748325|24441&4&79.30292803356528|24451&4&958.8905084644942|24462&4&140.58194869907558|24471&4&137.43051809342757|24476&4&503.55132019967664|24478&4&176.6780845552983|24480&4&1195.6953551318593|24485&4&2204.1718586171805,2|24403&4&239.7666377560521|24405&4&1511.261039396964|24408&4&384.8213771233602|24434&4&2707.9457351903584|24435&4&1956.2974276670302|24445&4&98.07364415627373|24462&4&509.2815311779365|24479&4&466.3893505861217|24489&4&9.966344351323485|24494&4&1339.8278413421112|24498&4&55.54710920677141,2|24404&4&795.3205891263508|24418&4&873.1400828191368|24424&4&79.8991558851025|24427&4&406.7185323554149|24430&4&967.0491283169174|24434&4&1563.9678429183145|24439&4&805.4479235539252|24443&4&532.1661219700366|24461&4&2198.2376982380856|24465&4&74.0341076822167|24468&4&509.25882419781624|24477&4&80.937323961741|24479&4&788.5346948179108|24488&4&152.19779228542328|24493&4&73.27010223252512,2|24397&4&807.9207359901174|24399&4&2422.566872595271|24402&4&487.66057059452027|24403&4&63.99212073570976|24408&4&530.1505463042765|24433&4&927.0950989478421|24436&4&1039.4251945606593|24441&4&151.37992075430003|24449&4&486.6766663355171|24450&4&1104.4769665638323|24454&4&522.0257119026726|24456&4&620.5174684926596|24463&4&269.27310762303455|24465&4&1009.4772416206531|24473&4&760.439154809729|24475&4&439.3866776945624|24500&4&922.9727998995132,2|24402&4&370.99982367245275|24407&4&445.1388309281814|24410&4&1067.0818205356584|24416&4&1478.1643723460913|24421&4&121.60302912798103|24429&4&1211.2592828274005|24444&4&707.9929604236139|24446&4&1604.555122475217|24449&4&275.06424628519505|24450&4&966.0916092514349|24465&4&434.39653533515605|24470&4&248.77481081623094|24476&4&1644.8685495026841|24479&4&1629.6644139560412|24482&4&758.5885145067541|24485&4&6.750155989720952E-14|24486&4&91.91334177555235|24488&4&982.3805055624116|24503&4&1.1007807751846292,2|24415&4&52.452825999016326|24416&4&1042.0110850535116|24431&4&3099.0584414362866|24432&4&1907.4439218315256|24447&4&36.60302892545889|24464&4&266.3759958401123|24468&4&873.3685647968392|24469&4&84.12711966137581|24500&4&7.062482388952068|24507&4&519.879338701868,2|24400&4&998.0373776253679|24406&4&1126.2783884480043|24409&4&1291.100479884602|24412&4&1176.6701156154163|24413&4&832.2379666641859|24418&4&111.90454608287163|24427&4&987.2226722479692|24428&4&1339.3679659986856|24442&4&1593.1604013250387|24450&4&7.132734037137997|24452&4&1448.1493985551658|24456&4&261.2430539081381|24467&4&2801.5357107543728|24473&4&170.8750199597278|24483&4&115.06690986187459|24492&4&286.5655023957511,2|24403&4&378.7158635285466|24418&4&1417.954683460456|24426&4&656.1613623986235|24440&4&930.7159168590063|24445&4&981.1704653771686|24448&4&587.0171804376174|24450&4&348.49298410128085|24455&4&359.97082677734574|24460&4&1254.0694989540355|24482&4&348.22687479830245|24489&4&1193.8286936737036|24490&4&939.0888446393951|24491&4&108.1270583011485|24493&4&2053.5232771349697|24495&4&620.1289094109909|24500&4&177.03752012740216|24505&4&300.9074371426983,2|24400&4&403.263899436267|24414&4&1160.1813683741775|24436&4&900.9643942193737|24437&4&523.4853780689994|24438&4&678.0974623664379|24442&4&1013.8187610988489|24449&4&850.290432750041|24451&4&991.0764081616308|24453&4&2420.841272295651|24454&4&512.2879600888773|24459&4&15.411890878199785|24471&4&22.791542706300596|24472&4&820.4461394438569|24482&4&763.9388137791657|24483&4&728.4657353870797|24486&4&2253.218545104477|24491&4&170.33716342223477|24496&4&227.2169074345063
232|4,130,1,1,1,1,1,1,1,1,1,1,1,1,1,1,1,1,1,1,1,1,1,1,1,1,1,1,1,1,1,1,1,1,1,1,1,1,1,1,1,1,1,1,1,1,1,1,1,1,1,1,1,1,1,1,1,1,1,1,1,1,1,1,1,1,1,1,1,1,1,1,1,1,1,1,1,1,1,1,1,1,1,1,1,1,1,1,1,1,1,1,1,1,1,1,1,1,1,1,1,1,0,0,0,0,0,0,0,0,0,0,0,0,0,0,0,0,0,0,0,0,2|24419&4&1415.9543414175846|24420&4&402.75826879684126|24424&4&1333.8535419073153|24426&4&496.1622300221155|24429&4&1152.8471494232504|24443&4&1459.924925663011|24444&4&46.15672813861278|24457&4&58.87858920105854|24459&4&762.8154838849667|24462&4&352.2621451090318|24464&4&354.82281032062406|24465&4&201.42132977630928|24466&4&0.0|24471&4&634.3112386456152|24477&4&1796.2571222683105|24478&4&1541.960318370087|24481&4&0.0|24484&4&2349.064746872145|24500&4&117.00641839574591|24511&4&422.05813359288106,2|24399&4&264.06575412608163|24401&4&0.0|24404&4&2161.595306211707|24410&4&451.4523854221691|24411&4&1238.2391391655456|24415&4&1046.7051112141107|24417&4&2128.5509804417698|24421&4&538.1505707701456|24423&4&2803.331244461089|24437&4&82.1103730168206|24441&4&56.68266390459729|24451&4&823.6887173596044|24462&4&111.5450515591388|24471&4&108.58685244308568|24476&4&404.74124117800187|24478&4&141.67158935069557|24480&4&1103.1150678892097|24485&4&2059.891294083975,2|24403&4&205.9102194156579|24405&4&1389.0532195429819|24408&4&432.5142507616083|24424&4&5.990566153407411|24434&4&2329.661278416687|24435&4&1779.937388123761|24445&4&66.5826599585826|24462&4&482.1211145721811|24479&4&374.88881767235955|24489&4&-4.263256414560601E-14|24494&4&1428.564944632706|24498&4&46.90833976207589,2|24404&4&848.0874350862794|24418&4&865.9763878713381|24424&4&41.659228162622064|24427&4&725.5743886317543|24430&4&1112.4708831468665|24434&4&1840.1099783587824|24439&4&696.9773634475505|24443&4&469.04118343232017|24461&4&1999.0380565109465|24465&4&70.02961060288747|24468&4&483.49976229780316|24477&4&56.36321769691628|24479&4&747.5852677549592|24488&4&96.35445779559704|24493&4&46.90120323658796,2|24397&4&727.1614147453215|24399&4&2611.890528840965|24402&4&407.7437046774797|24403&4&59.11788514592606|24408&4&485.1046368678517|24433&4&830.5176667349119|24436&4&918.4657051699203|24441&4&302.17946032242446|24449&4&425.63204416136125|24450&4&1028.8974247098436|24454&4&436.9165563737646|24456&4&579.3997889562885|24463&4&252.4727790916975|24465&4&942.973119389954|24473&4&1124.4647127121395|24475&4&400.83251481421104|24500&4&876.997828260965,2|24402&4&541.0468629739213|24407&4&401.6012384225951|24410&4&987.2273962510097|24416&4&1381.6997570776339|24421&4&114.84730528753764|24429&4&1368.9957779788508|24444&4&634.9542156138906|24446&4&1462.9927704484933|24449&4&258.3296529354554|24450&4&972.6295059980671|24465&4&362.0144391276825|24470&4&210.96633359154566|24476&4&1949.2350004350749|24479&4&1514.3819651569095|24482&4&838.6218761937691|24486&4&70.49103689823231|24488&4&1007.7538045211443|24503&4&3.552713678800501E-15,2|24415&4&25.363165631777534|24416&4&907.1961459301413|24431&4&3072.4582825490643|24432&4&1687.6774525185813|24447&4&34.2286865469669|24464&4&224.92248700927223|24468&4&759.3067852357088|24469&4&79.6993765213034|24500&4&-2.3092638912203256E-14|24507&4&468.88269095809017,2|24400&4&869.2607432106445|24406&4&1078.0447997472197|24409&4&1644.9335520266554|24412&4&1252.152083620895|24413&4&754.9751021582003|24418&4&71.01071175665861|24427&4&849.2672586642533|24428&4&1666.1805997622978|24442&4&1398.3068227316462|24450&4&5.5067062021407764E-14|24452&4&1620.0419706729206|24456&4&235.0134437026367|24467&4&2499.200338030693|24473&4&111.4294893504135|24483&4&61.09347288555004|24492&4&265.45547555361406,2|24403&4&356.681688169606|24417&4&218.00181638685535|24418&4&1282.1721794575333|24426&4&601.560498995825|24440&4&1360.932697611988|24445&4&951.911448164457|24448&4&0.0|24450&4&304.58938790569584|24455&4&337.0282699973161|24460&4&1381.9870727171167|24468&4&174.029435784134|24479&4&171.86785269696816|24482&4&275.4024902661077|24489&4&1205.1447253416304|24490&4&910.2838577880465|24491&4&69.65286203762822|24493&4&1913.1309474966577|24495&4&603.5695257078025|24500&4&134.80011048319568|24505&4&329.09763442427595,2|24400&4&382.53328294082473|24414&4&1104.5125948806112|24436&4&845.2639437597373|24437&4&986.637642607451|24438&4&766.0126344420073|24442&4&958.496516445775|24449&4&919.4715376108371|24451&4&926.6219604568406|24453&4&2368.797611636526|24454&4&878.5117587619847|24459&4&10.274593918799852|24471&4&1.9939967740821496|24472&4&959.392441441505|24482&4&709.725416103445|24483&4&871.3182762387203|24486&4&2090.439225719016|24491&4&273.9021192241929|24496&4&200.27158962966666
233|4,130,1,1,1,1,1,1,1,1,1,1,1,1,1,1,1,1,1,1,1,1,1,1,1,1,1,1,1,1,1,1,1,1,1,1,1,1,1,1,1,1,1,1,1,1,1,1,1,1,1,1,1,1,1,1,1,1,1,1,1,1,1,1,1,1,1,1,1,1,1,1,1,1,1,1,1,1,1,1,1,1,1,1,1,1,1,1,1,1,1,1,1,1,1,1,1,1,1,1,1,1,0,0,0,0,0,0,0,0,0,0,0,0,0,0,0,0,0,0,0,0,2|24419&4&1358.8137817336647|24420&4&351.35843025667873|24424&4&1235.870986633914|24426&4&469.27627673393386|24429&4&1000.809066184822|24443&4&1312.3893700914045|24444&4&215.04106293771144|24457&4&55.77971608521335|24459&4&682.4223389237102|24462&4&312.34630192400755|24464&4&333.7906182667331|24465&4&338.5823735503151|24466&4&54.475240457261236|24471&4&603.0569877897858|24477&4&1645.3873565119366|24478&4&1418.406547770689|24481&4&88.29759012878647|24484&4&2134.4404417141723|24500&4&100.29121576778223|24511&4&370.22607479881935,2|24399&4&201.7010444559583|24401&4&36.658439763911076|24404&4&1931.8137279320538|24410&4&375.20994652889874|24411&4&1118.063940463349|24415&4&1202.871725111012|24417&4&1893.03917057734|24421&4&477.5434711755642|24423&4&3136.0306957688445|24437&4&52.73031035764766|24441&4&34.0623997756293|24451&4&688.4869262547145|24462&4&82.5081544192021|24471&4&79.74318679274381|24476&4&331.0929707998829|24478&4&106.66509414609281|24480&4&1010.5347806465604|24485&4&1954.9722922555923,2|24403&4&0.0|24405&4&1266.8453996889998|24408&4&409.26285530457517|24424&4&159.35349888177555|24434&4&1978.2789052286212|24435&4&1616.8943130686982|24445&4&37.66527155301725|24462&4&454.96069796642576|24479&4&292.3231467549474|24484&4&33.73406022495635|24494&4&1306.1595117601655|24498&4&38.26957031738037,2|24404&4&1188.0836611385657|24418&4&1048.468103725901|24424&4&13.531703826054747|24427&4&890.9670410389449|24430&4&1358.795052961814|24434&4&2398.73654804339|24439&4&945.6166922153506|24443&4&766.4709188843689|24461&4&2020.102693157703|24465&4&66.02511352355825|24468&4&457.74070039779014|24477&4&34.27164426305691|24479&4&706.6358406920075|24488&4&59.41443029879908|24493&4&26.585016107494624,2|24397&4&646.4020935005256|24399&4&2615.1059368534816|24402&4&330.71855660746076|24403&4&0.0|24408&4&440.058727431427|24433&4&733.9402345219819|24436&4&797.5062157791814|24441&4&320.90591694247297|24449&4&370.48259964918753|24450&4&953.3178828558546|24454&4&360.3026467740375|24456&4&538.2821094199176|24463&4&235.67245056036052|24465&4&876.4689971592549|24473&4&1038.6009556035174|24475&4&362.27835193385954|24500&4&805.4972657378519,2|24402&4&506.2292641688428|24407&4&358.0636459170088|24410&4&993.4426185854679|24416&4&1353.4690309351488|24421&4&108.09158144709424|24429&4&1290.7602658695823|24444&4&561.9154708041674|24446&4&1321.430418421769|24449&4&241.59505958571572|24450&4&968.4530332705722|24465&4&299.1403427599979|24470&4&200.44477623627483|24476&4&2214.040658582384|24479&4&1399.0995163577782|24482&4&909.5322992694408|24486&4&51.00498438821054|24488&4&1207.1950882012798,2|24415&4&6.962392997028471|24416&4&775.7460769461609|24431&4&3128.9407314396926|24432&4&1497.7613348797013|24447&4&47.26922768900736|24464&4&186.71331218665978|24468&4&659.287010290721|24469&4&75.271633381231|24507&4&470.4537017571212,2|24400&4&744.5345909105472|24406&4&1154.2127350082596|24409&4&1462.4693503214294|24412&4&1404.7189309421722|24413&4&677.7122376522146|24418&4&39.76546071776285|24427&4&725.2361329710584|24428&4&1693.3948161611215|24442&4&1203.453244138254|24448&4&15.17001152259283|24452&4&1591.4177549855126|24456&4&208.78383349713522|24467&4&2298.02448774783|24473&4&69.27288242872042|24483&4&18.93204651015213|24492&4&244.34544871147708,2|24403&4&0.0|24417&4&457.4945473259699|24418&4&1146.3896754546108|24426&4&547.1576175585246|24440&4&1524.9276562385708|24445&4&1256.5567533941032|24450&4&260.6857917101108|24455&4&314.0857132172864|24460&4&1265.129944428726|24468&4&299.93497861657687|24474&4&2.307205212176279|24479&4&266.47713461588773|24482&4&202.66495792484457|24489&4&1212.8718179370644|24490&4&807.86273111792|24491&4&39.4208793251256|24493&4&1754.8447347015642|24495&4&703.9468516844511|24500&4&92.56270083898926|24505&4&342.33171551575646,2|24400&4&766.9964109287657|24414&4&1020.3811234767628|24436&4&789.5634933001013|24437&4&1034.9114493859731|24438&4&1009.1036511967402|24442&4&903.1742717927009|24449&4&868.827022294263|24451&4&1047.3002086300608|24453&4&2148.7112057970066|24454&4&831.8826736945458|24459&4&5.13729695939992|24471&4&1.3766765505351941E-14|24472&4&1205.3947019593877|24482&4&655.5120184277243|24483&4&1322.0936757774211|24486&4&2054.1943071172673|24491&4&536.245297619053|24496&4&173.3262718248271
234|4,130,1,1,1,1,1,1,1,1,1,1,1,1,1,1,1,1,1,1,1,1,1,1,1,1,1,1,1,1,1,1,1,1,1,1,1,1,1,1,1,1,1,1,1,1,1,1,1,1,1,1,1,1,1,1,1,1,1,1,1,1,1,1,1,1,1,1,1,1,1,1,1,1,1,1,1,1,1,1,1,1,1,1,1,1,1,1,1,1,1,1,1,1,1,1,1,1,1,1,1,1,0,0,0,0,0,0,0,0,0,0,0,0,0,0,0,0,0,0,0,0,2|24419&4&1303.1911768544446|24420&4&424.498068579387|24424&4&1137.888431360513|24426&4&442.3903234457522|24429&4&848.7709829463936|24443&4&1164.853814519798|24444&4&319.6268021734353|24457&4&52.680842969368165|24459&4&856.6166316741908|24462&4&272.4304587389833|24464&4&312.7584262128421|24465&4&321.0853409808427|24466&4&51.75147843439817|24471&4&661.0972108989038|24477&4&1572.5363870970054|24478&4&1331.8917779204667|24481&4&0.0|24484&4&1931.280177440163|24500&4&83.57601313981856|24511&4&322.88222420652073,2|24399&4&141.06622661617575|24401&4&34.825517775715525|24404&4&1705.377906132305|24410&4&298.9675076356284|24411&4&997.8887417611521|24415&4&1324.1267641636362|24417&4&1668.9232827354563|24421&4&419.1377590243007|24423&4&3227.7197864930595|24437&4&35.52445431865269|24441&4&17.909542622160252|24451&4&563.0662191582883|24462&4&53.47125727926542|24471&4&50.89952114240193|24476&4&273.2836018552358|24478&4&71.65859894149007|24480&4&917.9544934039109|24485&4&2094.8287866951637,2|24403&4&146.81724132369433|24405&4&1144.6375798350177|24408&4&386.01145984754186|24424&4&238.6324670833893|24434&4&1662.1058398003408|24435&4&1460.5767165187513|24445&4&26.650491684250447|24462&4&501.6553242193289|24472&4&84.52735453969206|24479&4&222.76639127977404|24484&4&32.04735721370854|24494&4&1183.754078887625|24498&4&29.63080087268486,2|24404&4&1375.4598659208557|24418&4&1226.1865184696512|24424&4&5.13567567018892|24427&4&1119.2134073117452|24430&4&1230.16467720334|24434&4&2935.4415155137413|24439&4&1200.5641906601259|24443&4&873.2784567472611|24461&4&2061.080660464961|24465&4&62.02061644422902|24468&4&431.9816384977771|24477&4&13.708432539927962|24479&4&665.6864136290558|24488&4&44.33242803994626|24493&4&8.280131360995133,2|24397&4&789.9922356059626|24399&4&2704.9532356963946|24402&4&254.51316090152696|24408&4&395.01281799500237|24433&4&637.3628023090516|24436&4&676.5467263884425|24441&4&578.0205488069955|24449&4&316.6521082104021|24450&4&877.7383410018657|24454&4&288.87814459791133|24456&4&497.16442988354646|24463&4&218.8721220290235|24465&4&809.9648749285558|24473&4&1094.4792577350854|24475&4&323.72418905350804|24500&4&733.9967032147388,2|24402&4&787.5548578453727|24407&4&314.5260534114224|24410&4&1140.165803957197|24416&4&1467.112522924548|24421&4&101.33585760665085|24429&4&1212.5247537603136|24444&4&495.4221099467418|24446&4&1490.1925435828718|24449&4&224.86046623597608|24450&4&911.4487603697761|24465&4&239.86274016596258|24470&4&161.27195301811875|24476&4&2066.1051316081766|24479&4&1283.8170675586468|24482&4&979.1760285262959|24486&4&31.51893187818878|24488&4&1267.5964732044724,2|24415&4&4.085620730620576E-14|24416&4&657.5494468736672|24431&4&3208.179365270659|24432&4&2066.7427659128334|24447&4&44.12414113448875|24464&4&157.37191979743514|24468&4&565.6842280323007|24469&4&0.0|24507&4&416.8286710862029,2|24400&4&633.777736955166|24405&4&67.86106472288157|24406&4&1277.774998715368|24409&4&1579.6289662015206|24412&4&1559.7650192272163|24413&4&743.6194745951675|24418&4&16.778390503366055|24427&4&611.3745694840993|24428&4&1601.7381597105684|24442&4&1009.1324084723717|24448&4&30.6803400398178|24452&4&1551.1509461823803|24456&4&182.55422329163372|24464&4&11.542100305701638|24465&4&225.76033302914823|24467&4&2411.5104720604313|24473&4&32.15545684864067|24483&4&3.552713678800501E-14|24492&4&260.6059610432068,2|24417&4&884.9388963398069|24418&4&1010.6071714516883|24426&4&492.75473612122425|24430&4&346.978395941593|24440&4&1458.443207053483|24445&4&1218.8358022207708|24450&4&217.643159606564|24455&4&291.14315643725683|24460&4&1148.2728161403354|24468&4&284.5031560962877|24474&4&2.191844951567465|24479&4&330.29042425318704|24482&4&138.6968480368455|24489&4&1297.518076326142|24490&4&705.634745922392|24491&4&18.182174386541607|24493&4&1752.7056559890038|24495&4&747.069194952073|24500&4&50.32529119478281|24505&4&321.9096068266032,2|24400&4&1041.3832553536474|24414&4&936.2496520729148|24436&4&733.863042840465|24437&4&1005.3296331507538|24438&4&1060.3251526050492|24442&4&1390.6731618268057|24449&4&998.1669663647118|24451&4&1373.0443438367615|24453&4&2067.6074572300367|24454&4&998.5964332441988|24459&4&-1.2434497875801753E-14|24472&4&1094.1226685141294|24482&4&601.2986207520037|24483&4&1598.8842286701401|24486&4&1885.0882676926203|24491&4&754.0573353023049|24496&4&146.38095401998748
235|4,130,1,1,1,1,1,1,1,1,1,1,1,1,1,1,1,1,1,1,1,1,1,1,1,1,1,1,1,1,1,1,1,1,1,1,1,1,1,1,1,1,1,1,1,1,1,1,1,1,1,1,1,1,1,1,1,1,1,1,1,1,1,1,1,1,1,1,1,1,1,1,1,1,1,1,1,1,1,1,1,1,1,1,1,1,1,1,1,1,1,1,1,1,1,1,1,1,1,1,1,1,0,0,0,0,0,0,0,0,0,0,0,0,0,0,0,0,0,0,0,0,2|24419&4&1188.9618205297415|24420&4&445.7645710866052|24424&4&1039.9058760871117|24426&4&415.5043701575705|24429&4&696.7328997079653|24443&4&1017.3182589481917|24444&4&302.98669799605545|24457&4&0.0|24459&4&763.4941148273473|24462&4&232.51461555395906|24464&4&291.7262341589511|24465&4&303.5883084113704|24466&4&49.02771641153511|24471&4&758.9294316979988|24477&4&1417.7656815235594|24478&4&1836.4220540688789|24484&4&1728.1199131661538|24500&4&66.86081051185488|24511&4&330.82374731206636,2|24399&4&87.51139892988702|24401&4&82.15055475161671|24404&4&1492.0158986129054|24410&4&225.49394540833953|24411&4&877.7135430589553|24415&4&1210.7698282994972|24417&4&1461.1197778247001|24421&4&372.53482334962956|24423&4&3043.150506311639|24437&4&21.3962669880332|24441&4&9.175893182851638|24451&4&451.78779120998945|24462&4&27.859133391586056|24471&4&26.638462906948924|24476&4&215.47423291058888|24478&4&36.65210373688733|24480&4&1064.3987073746077|24485&4&2140.4955630816153,2|24403&4&139.47637925750962|24405&4&1023.5480938036|24408&4&362.76006439050866|24412&4&272.2846533395833|24424&4&474.55274527075227|24434&4&1379.7158170067023|24435&4&1307.2146463935646|24445&4&17.766994456166955|24462&4&640.3133982543609|24472&4&496.28914555069053|24479&4&153.20963580460082|24484&4&166.72009634672062|24494&4&1195.2751952885985|24498&4&20.992031427989343,2|24404&4&1439.7656734662253|24418&4&1412.5854106548425|24424&4&3.375077994860476E-14|24427&4&1212.4804141464451|24430&4&1109.1412587552218|24434&4&3532.0136586830286|24439&4&1451.3363188622902|24443&4&822.871429140645|24461&4&1857.1677184296286|24465&4&58.0161193648998|24468&4&406.2225765977641|24477&4&9.592326932761353E-14|24479&4&624.7369865661042|24488&4&39.96409579968663|24493&4&-6.039613253960852E-14,2|24397&4&714.068154438054|24399&4&2974.83090204066|24402&4&204.4355166511403|24408&4&350.02945456261955|24433&4&758.1227060100059|24436&4&558.9365464858662|24441&4&546.2695536415702|24449&4&272.99222309219175|24450&4&802.1587991478767|24454&4&235.84786537813335|24456&4&456.0467503471754|24463&4&202.07179349768649|24465&4&743.4607526978566|24473&4&1617.7750040869046|24475&4&285.1700261731566|24500&4&849.4402633042421,2|24402&4&736.9300994162138|24407&4&270.98846090583606|24410&4&1044.4638427422262|24416&4&1356.5602231140847|24421&4&161.78865839138183|24429&4&1267.4243995636357|24444&4&436.34708100372706|24446&4&1421.2976907688528|24449&4&208.12587288623644|24450&4&854.44448746898|24465&4&194.74361347489042|24470&4&379.2760259660002|24476&4&1918.169604633969|24479&4&1168.5346187595155|24482&4&1030.4850348272346|24486&4&12.032879368167025|24488&4&1185.369010961191,2|24416&4&550.7955211128744|24431&4&2923.50136725856|24432&4&2231.0406070805734|24447&4&40.97905457997014|24464&4&129.82206266384094|24468&4&472.4526816963298|24490&4&36.59533716459953|24507&4&366.1540313181718,2|24400&4&539.220522157483|24405&4&101.97627234090496|24406&4&1200.5746963084077|24409&4&1787.9171986801675|24412&4&1420.8540976311683|24413&4&783.3568062634806|24418&4&4.992817382836646|24422&4&82.39643983727146|24426&4&118.58859871120279|24427&4&506.8754047459679|24428&4&1472.223724357409|24442&4&851.4192616991741|24448&4&185.13512745952482|24452&4&1576.4531012776847|24456&4&156.76056846048184|24464&4&10.964995290416557|24465&4&613.4914993364616|24467&4&2723.8787311776805|24473&4&1.945978630469157|24492&4&240.08281143088726,2|24417&4&1395.8451571480227|24418&4&874.8246674487655|24426&4&438.3518546839238|24430&4&673.7827113656051|24440&4&1591.4052248029761|24445&4&1103.0251404414726|24450&4&175.83543950887895|24455&4&268.9443419304446|24460&4&1038.0614596084588|24468&4&556.1055911502419|24474&4&2.076484690958651|24479&4&342.6505074192671|24482&4&78.30936376725693|24489&4&1284.864789950551|24490&4&603.4067607268639|24491&4&7.547592687047072|24493&4&1963.4842726390912|24495&4&667.1822065397305|24500&4&24.462011413151124|24505&4&301.48749813744985,2|24400&4&1167.4567963046698|24414&4&852.1181806690665|24436&4&954.6935383774642|24437&4&978.3372901942802|24438&4&991.2515544353294|24442&4&1642.889194845866|24449&4&938.5232280787866|24451&4&1809.0640795581526|24453&4&2400.661512685731|24454&4&941.3002059459055|24472&4&982.8506350688715|24482&4&547.0852230762829|24483&4&1455.8193944974244|24486&4&1848.4107097445205|24491&4&716.3840513778043|24496&4&119.4356362151479
236|4,130,1,1,1,1,1,1,1,1,1,1,1,1,1,1,1,1,1,1,1,1,1,1,1,1,1,1,1,1,1,1,1,1,1,1,1,1,1,1,1,1,1,1,1,1,1,1,1,1,1,1,1,1,1,1,1,1,1,1,1,1,1,1,1,1,1,1,1,1,1,1,1,1,1,1,1,1,1,1,1,1,1,1,1,1,1,1,1,1,1,1,1,1,1,1,1,1,1,1,1,1,0,0,0,0,0,0,0,0,0,0,0,0,0,0,0,0,0,0,0,0,2|24419&4&1415.9036349611217|24420&4&401.01758203736074|24424&4&941.9233208137106|24426&4&388.61841686938885|24429&4&552.7456708656227|24443&4&887.0893512641596|24444&4&375.71351263|24459&4&938.942165271625|24462&4&192.5987723689348|24464&4&270.6940421050602|24465&4&286.0912758418981|24466&4&0.0|24471&4&939.4989359939152|24477&4&1451.4297342088425|24478&4&1940.7804356050733|24484&4&1537.585858586826|24500&4&50.1456078838912|24511&4&359.81806656164554,2|24399&4&54.90830379340047|24401&4&77.85973481521631|24402&4&231.47367985147253|24404&4&1286.0991449807711|24410&4&160.9343701396723|24411&4&757.5383443567587|24415&4&1097.4128924353586|24417&4&1279.9693266535512|24421&4&325.9318876749585|24423&4&3112.987776434079|24437&4&9.412270800342185|24441&4&3.839915429784229|24451&4&356.8028537820032|24462&4&9.736109896202091|24471&4&7.969857237211382|24476&4&157.66486396594192|24478&4&14.030113324046797|24480&4&1271.797927650347|24485&4&2259.183873672052,2|24403&4&132.1355171913249|24405&4&903.7995941915191|24408&4&339.5086689334754|24412&4&490.36809680947414|24424&4&490.39134937847473|24434&4&1140.1402132825574|24435&4&1230.0583172799875|24445&4&8.883497228083447|24462&4&1085.3640358945775|24472&4&919.2844780695708|24479&4&83.65288032942762|24484&4&158.2154212282598|24494&4&1277.1362768423528|24498&4&13.498727653771615,2|24404&4&1798.938711201303|24418&4&1326.2128028246098|24427&4&1139.1162590719975|24430&4&1006.594619070535|24434&4&4252.903994745192|24439&4&1389.7233944012128|24443&4&1272.2142828960914|24461&4&1653.2547763942957|24465&4&54.01162228557058|24468&4&380.46351469775107|24479&4&583.7875595031526|24488&4&35.595763559426935,2|24397&4&638.1440732701451|24399&4&2812.6699814249578|24400&4&65.02145110243578|24402&4&154.3578724007536|24408&4&305.04609113023685|24433&4&1062.9014680393075|24436&4&459.5411393929977|24441&4&635.9362092576124|24449&4&231.46187495537285|24450&4&726.5792572938878|24454&4&189.4105997795454|24456&4&414.9290708108044|24463&4&185.27146496634944|24465&4&676.9566304671575|24473&4&1532.776855144802|24475&4&246.61586329280516|24491&4&282.3608751629655|24500&4&768.5924946504981,2|24402&4&686.3053409870549|24407&4&451.23807586049|24410&4&1150.3085963136973|24416&4&1677.1375924363745|24421&4&151.6725083196797|24429&4&1898.4835851427756|24444&4&377.2720520607123|24446&4&1607.3428137178635|24449&4&191.39127953649677|24450&4&797.4402145681837|24465&4&160.87377789793163|24470&4&345.32746925140174|24476&4&1828.9446985655143|24479&4&1053.252169960384|24482&4&1227.5429781618645|24486&4&8.171241461241152E-14|24488&4&1103.1415487179095,2|24416&4&444.04159535208174|24431&4&2804.0523039871796|24432&4&2505.924762363724|24447&4&43.05129119490897|24464&4&102.27220553024668|24468&4&393.82641430731957|24490&4&476.02631424498946|24507&4&410.4230992291974,2|24400&4&447.00529992238376|24405&4&128.69757998214317|24406&4&1083.264403490319|24409&4&2232.3478071941545|24412&4&1299.722688041089|24413&4&838.3138957370585|24418&4&-3.375077994860476E-14|24422&4&281.8848306674935|24426&4&112.65916877564266|24427&4&411.46239914537716|24428&4&1482.1049287512162|24442&4&710.2079728416203|24448&4&175.76184895620224|24452&4&1442.4276478137533|24456&4&130.96691362932995|24464&4&10.387890275131475|24465&4&582.2525235370656|24467&4&2854.7700100527427|24473&4&1.3766765505351941E-14|24492&4&219.5596618185677|24495&4&75.7648142371711,2|24417&4&1490.8313936041611|24418&4&739.0421634458429|24426&4&393.49173023514294|24430&4&653.856425581441|24440&4&1459.8010631341026|24445&4&987.214478662174|24450&4&144.3043434780603|24455&4&246.74552742363235|24460&4&1252.091572161336|24468&4&842.1565908883781|24474&4&1.961124430349837|24479&4&1081.0221714279835|24482&4&33.758628974871414|24489&4&1183.840538554734|24490&4&506.05969836590043|24491&4&-5.5067062021407764E-14|24493&4&1778.5470938324065|24495&4&597.4737457535037|24500&4&8.145971675012534|24505&4&281.06538944829657,2|24400&4&1101.5560000739406|24414&4&767.9867092652186|24436&4&1295.0959330131857|24437&4&956.6485307878825|24438&4&922.1779562656095|24442&4&2081.9293805508296|24449&4&878.8794897928611|24451&4&2135.4741159139303|24453&4&2184.919743131565|24454&4&987.2368671731127|24472&4&887.3636864946222|24482&4&492.8718254005622|24483&4&1441.541293376709|24486&4&1917.7388236880556|24491&4&669.762810984932|24496&4&92.4903184103083
237|4,130,1,1,1,1,1,1,1,1,1,1,1,1,1,1,1,1,1,1,1,1,1,1,1,1,1,1,1,1,1,1,1,1,1,1,1,1,1,1,1,1,1,1,1,1,1,1,1,1,1,1,1,1,1,1,1,1,1,1,1,1,1,1,1,1,1,1,1,1,1,1,1,1,1,1,1,1,1,1,1,1,1,1,1,1,1,1,1,1,1,1,1,1,1,1,1,1,1,1,1,1,0,0,0,0,0,0,0,0,0,0,0,0,0,0,0,0,0,0,0,0,2|24419&4&1688.8400508931518|24420&4&478.208124477083|24424&4&843.9407655403095|24426&4&361.7324635812072|24429&4&441.24331562259624|24443&4&756.8604435801276|24444&4&588.5421468808286|24457&4&169.36624606830057|24459&4&976.0917505415325|24462&4&152.68292918391055|24464&4&249.66185005116924|24465&4&268.59424327242573|24471&4&952.5682995778645|24477&4&1637.5621034923738|24478&4&1965.7645013314686|24484&4&1357.9888349995426|24500&4&33.430405255927525|24511&4&397.8173906727243,2|24399&4&22.305208656913834|24401&4&73.56891487881592|24402&4&219.8999958588989|24404&4&1110.2681167648552|24410&4&116.61280565224023|24411&4&723.4881322050022|24415&4&1239.4275392764557|24417&4&1107.9932230526765|24421&4&279.3289520002875|24423&4&3157.759841559017|24437&4&6.750155989720952E-14|24441&4&6.217248937900877E-15|24451&4&281.3555083030485|24462&4&4.263256414560601E-14|24471&4&2.3092638912203256E-14|24476&4&99.85549502129498|24478&4&5.3290705182007514E-14|24480&4&1202.702006169085|24485&4&2270.7411379020855,2|24403&4&124.7946551251402|24405&4&789.474195598485|24408&4&476.73589231769944|24412&4&484.0373369923891|24424&4&463.602434666129|24434&4&933.244711704753|24435&4&1246.0679820616178|24445&4&-6.039613253960852E-14|24462&4&1153.9083693155999|24472&4&1005.0525612902148|24479&4&44.35122561243621|24484&4&292.74346042708913|24494&4&1227.3021470030596|24498&4&7.927500161473082,2|24404&4&1869.0151877380554|24418&4&1378.1786846303992|24427&4&1109.0233829525546|24430&4&905.605446658232|24434&4&4412.376820929456|24439&4&1501.62082308372|24443&4&1556.1656083968498|24461&4&1933.7703146284878|24465&4&50.007125206241355|24468&4&354.704452797738|24479&4&542.8381324402009|24488&4&31.227431319167238,2|24397&4&562.2199921022363|24399&4&2930.191472352095|24400&4&614.9593672286709|24402&4&115.07902233224775|24408&4&260.0627276978541|24433&4&1080.6431490659438|24436&4&379.3823151519309|24441&4&677.8690801859586|24449&4&189.93152681855392|24450&4&650.999715439899|24454&4&155.88290586789816|24456&4&373.8113912744333|24463&4&168.4711364350124|24465&4&610.4525082364585|24473&4&1498.4459615779458|24475&4&456.12387924254017|24491&4&305.19133055997776|24493&4&167.3300235733209|24500&4&968.5951538749185,2|24402&4&635.6805825578961|24407&4&544.1532480823471|24410&4&1299.30938979265|24416&4&1853.2106427788742|24421&4&225.47576965276454|24429&4&2188.756468796898|24444&4&324.77123362919554|24446&4&1659.6047238010797|24449&4&174.65668618675716|24450&4&771.5606210634114|24465&4&127.00394232097294|24470&4&310.13193022809975|24476&4&2109.3101784401074|24479&4&937.9697211612526|24482&4&1749.6854604165053|24488&4&1020.9140864746278,2|24416&4&344.37443003303173|24431&4&2789.334179305221|24432&4&2273.047066189371|24447&4&120.5132382372787|24464&4&74.72234839665245|24468&4&325.1630641923713|24487&4&40.05344414285782|24490&4&0.0|24507&4&448.6036832452172,2|24400&4&362.0821840703692|24405&4&194.42231868732873|24406&4&965.9541106722304|24409&4&2510.0976459984013|24412&4&1192.7719618413487|24413&4&765.095257348647|24422&4&328.81600579003907|24426&4&106.72973884008252|24427&4&316.04939354478654|24428&4&1391.2816420311121|24442&4&589.4775260938347|24448&4&192.63886182263565|24452&4&1310.1508137873143|24456&4&105.17325879817807|24464&4&9.810785259846394|24465&4&551.0135477376697|24467&4&3129.0048104720845|24492&4&199.03651220624815|24495&4&195.73852519977603,2|24417&4&1728.8701202217035|24418&4&603.2596594429202|24426&4&348.631605786362|24430&4&764.7240633392327|24440&4&1565.9234663974257|24445&4&965.0282754314989|24450&4&114.61183763059944|24455&4&224.5467129168201|24460&4&1129.2747452456233|24468&4&1133.410529100824|24474&4&1.845764169741023|24479&4&1024.0155503146404|24482&4&4.944476481238114|24489&4&1082.816287158917|24490&4&0.0|24493&4&1593.6099150257212|24495&4&537.3773874861851|24500&4&-2.4868995751603507E-14|24505&4&260.6432807591433,2|24400&4&1035.6552038432114|24414&4&683.8552378613704|24436&4&1300.1785664680488|24437&4&1079.1716415884393|24438&4&853.1043580958899|24442&4&2141.034582801366|24449&4&819.2357515069359|24451&4&2216.341114663225|24453&4&1982.1870940705007|24454&4&948.555815422498|24472&4&814.557971802915|24482&4&438.65842772484154|24483&4&1553.840452674436|24486&4&1945.7031582032118|24491&4&623.1415705920596|24496&4&312.13555427676215
238|4,130,1,1,1,1,1,1,1,1,1,1,1,1,1,1,1,1,1,1,1,1,1,1,1,1,1,1,1,1,1,1,1,1,1,1,1,1,1,1,1,1,1,1,1,1,1,1,1,1,1,1,1,1,1,1,1,1,1,1,1,1,1,1,1,1,1,1,1,1,1,1,1,1,1,1,1,1,1,1,1,1,1,1,1,1,1,1,1,1,1,1,1,1,1,1,1,1,1,1,1,1,0,0,0,0,0,0,0,0,0,0,0,0,0,0,0,0,0,0,0,0,2|24419&4&1649.247020486681|24420&4&663.2121692554721|24424&4&745.958210266908|24426&4&334.8465102930255|24429&4&340.94100975491403|24443&4&645.7906163424976|24444&4&686.803095721492|24457&4&160.89793376488555|24459&4&884.4108529681171|24462&4&112.76708599888633|24464&4&228.6296579972783|24465&4&251.09721070295342|24471&4&878.6426644827203|24477&4&1829.163319609706|24478&4&2014.748910251039|24484&4&1197.9853197885138|24500&4&16.715202627963848|24511&4&448.16252972315533,2|24399&4&1.4921397450962104E-13|24401&4&116.53892219090166|24402&4&320.48080357209443|24404&4&944.3431045886421|24410&4&80.00762786713769|24411&4&1008.8204358929123|24415&4&1123.8367128357681|24417&4&945.9629929776569|24421&4&237.03227393780148|24423&4&3140.121473800431|24425&4&54.498337053809536|24451&4&218.80022751608345|24476&4&52.715192653510414|24480&4&1101.80827046227|24485&4&2318.432761358882,2|24403&4&117.45379305895548|24405&4&688.1239687272764|24408&4&562.6169774095381|24412&4&708.024053443794|24424&4&436.81351995378327|24434&4&746.8200968032997|24435&4&1520.2386289757244|24462&4&1083.756068364556|24472&4&950.9659845025096|24479&4&16.333584311261344|24484&4&850.11780130551|24494&4&1112.101656985933|24498&4&2.356272669174549,2|24404&4&1942.1381582508413|24418&4&1791.447016120043|24427&4&1418.2467257072944|24430&4&815.3405346823757|24434&4&4447.741686697605|24439&4&1508.3577992042165|24443&4&1681.3368462124881|24461&4&2350.218408232726|24465&4&46.00262812691213|24468&4&328.94539089772496|24479&4&501.8887053772492|24488&4&26.85909907890754,2|24397&4&486.29591093432754|24399&4&3088.013463785598|24400&4&903.6223861542882|24402&4&75.80017226374201|24408&4&219.49546484539482|24433&4&1139.0235303479785|24436&4&299.2234909108641|24441&4&730.3500747272366|24449&4&148.40117868173505|24450&4&575.4201735859101|24454&4&122.355211956251|24456&4&332.69371173806223|24463&4&151.67080790367538|24465&4&543.9483860057593|24473&4&1448.3148356920049|24475&4&448.55127412789307|24491&4&289.22586184407146|24493&4&454.4818597247324|24500&4&1021.8731337323198,2|24402&4&585.0558241287372|24407&4&501.57492577723815|24410&4&1345.8569749233102|24416&4&1824.2800631773298|24421&4&211.16364901082306|24429&4&2208.164651499159|24444&4&284.3656923501794|24446&4&1726.187363322602|24449&4&157.9220928370175|24450&4&915.1431284726486|24465&4&93.38541935148214|24470&4&448.4102805335797|24476&4&2028.3053335263126|24479&4&822.6872723621212|24482&4&1738.1258658384163|24488&4&938.6866242313463,2|24416&4&253.25335331489293|24431&4&2855.1422953628726|24432&4&2540.8110734286392|24447&4&113.06389053651915|24451&4&34.18725045270662|24458&4&46.051270154413004|24464&4&47.17249126305822|24468&4&266.74659024255175|24487&4&38.05077193571493|24490&4&131.97957644075086|24507&4&395.64608264084865,2|24400&4&302.71660778607963|24405&4&430.3552439913235|24406&4&867.5282684330524|24409&4&2926.472337676556|24412&4&1086.8235086347304|24413&4&691.8766189602358|24422&4&311.45420276929553|24426&4&183.3246556472566|24427&4&223.47561947616603|24428&4&1455.226906913351|24442&4&474.6469363900593|24448&4&277.8810680981095|24452&4&1301.2853118953265|24453&4&539.8576362785263|24456&4&79.37960396702617|24464&4&91.75010034539208|24465&4&519.7745719382738|24467&4&3282.4887258709296|24479&4&278.2442918325994|24492&4&178.5133625939286|24495&4&400.61347113314844,2|24417&4&1974.4081770655941|24418&4&480.13794076016325|24426&4&303.7714813375811|24430&4&722.1281802871687|24440&4&1532.985474336884|24445&4&1187.5099714083226|24450&4&89.69163040895224|24455&4&202.34789841000787|24460&4&1315.8826324614051|24468&4&1070.9938069265509|24474&4&56.07769833334314|24479&4&967.0089292012976|24482&4&-2.8421709430404007E-14|24489&4&981.7920357630999|24493&4&1408.9326398933265|24495&4&480.6559119731388|24505&4&240.22117206999,2|24400&4&969.7544076124822|24414&4&599.7237664575223|24436&4&1625.6921387672965|24437&4&1004.7571763947278|24438&4&784.03075992617|24442&4&2220.37222564256|24449&4&759.5920132210107|24451&4&2062.674890688083|24453&4&1788.2203367358557|24454&4&1255.330560386053|24472&4&741.7522571112077|24482&4&384.4450300491208|24483&4&1978.6897933358073|24486&4&2123.315495874729|24491&4&576.7222082879558|24496&4&0.0
239|4,130,1,1,1,1,1,1,1,1,1,1,1,1,1,1,1,1,1,1,1,1,1,1,1,1,1,1,1,1,1,1,1,1,1,1,1,1,1,1,1,1,1,1,1,1,1,1,1,1,1,1,1,1,1,1,1,1,1,1,1,1,1,1,1,1,1,1,1,1,1,1,1,1,1,1,1,1,1,1,1,1,1,1,1,1,1,1,1,1,1,1,1,1,1,1,1,1,1,1,1,1,0,0,0,0,0,0,0,0,0,0,0,0,0,0,0,0,0,0,0,0,2|24419&4&1620.237441375297|24420&4&692.7132896389451|24424&4&647.9756549935069|24426&4&307.96055700484385|24429&4&240.6387038872318|24443&4&551.7916706350991|24444&4&647.4444787262547|24457&4&152.42962146147053|24459&4&793.7996162779984|24462&4&80.73112827024295|24464&4&207.5974659433873|24465&4&233.60017813348108|24471&4&897.8716515647036|24477&4&1755.1039983478954|24478&4&2076.3166179394702|24484&4&1045.7692781134597|24500&4&1.7053025658242404E-13|24511&4&524.2095505037391,2|24401&4&109.88506089207695|24402&4&438.17779185651773|24404&4&1188.1166122372658|24410&4&50.31798315514672|24411&4&1088.3996245236806|24415&4&1215.570886112724|24417&4&814.9346263050645|24421&4&194.73559587531543|24423&4&3084.7068737131694|24425&4&51.77342020111906|24440&4&259.342129885541|24451&4&156.2449467291183|24476&4&14.947019044048822|24480&4&1001.337559392728|24485&4&2855.717095958113,2|24403&4&110.11293099277077|24405&4&593.6679782960177|24408&4&525.4838304358952|24412&4&676.3655599727215|24424&4&742.6152853641055|24434&4&570.3378083259265|24435&4&1833.377097502691|24462&4&1013.6037674135121|24472&4&896.8794077148043|24479&4&1.1368683772161603E-13|24484&4&1099.531781015514|24494&4&1201.9883756806632|24498&4&9.229833878547897,2|24404&4&1817.5567086125445|24418&4&1767.7290330797878|24427&4&1832.7179101054985|24430&4&731.4443152055917|24434&4&4141.849473435119|24439&4&1617.782162753334|24443&4&1577.0483795865384|24461&4&2647.0915142553313|24465&4&41.99813104758291|24468&4&303.18632899771194|24479&4&460.93927831429755|24488&4&22.490766838647843,2|24397&4&410.3718297664187|24399&4&2939.5315404851726|24400&4&857.2398438855445|24402&4&52.78646633491658|24408&4&185.64994924154527|24433&4&1040.9587870274768|24436&4&224.85561468216554|24441&4&727.4125211201799|24449&4&106.87083054491616|24450&4&499.8406317319212|24454&4&103.46849539223841|24456&4&291.5760322016912|24459&4&306.32933961420906|24463&4&134.87047937233837|24465&4&477.4442637750602|24473&4&1459.2097109232122|24475&4&408.4433343949429|24491&4&273.26039312816516|24493&4&706.4278471482728|24500&4&1069.5051954742244,2|24402&4&534.4310656995784|24407&4&458.9966034721293|24410&4&1310.9979481821968|24416&4&1670.8328234624466|24421&4&196.8515283688816|24429&4&2245.626646478153|24444&4&244.48299865673422|24446&4&1576.5373131395695|24449&4&141.18749948727782|24450&4&846.4754708880596|24465&4&59.76689638199136|24470&4&531.8566637364444|24476&4&2076.522881214234|24479&4&707.4048235629898|24482&4&1622.4128155972944|24488&4&856.4591619880646,2|24416&4&174.30958473872292|24431&4&2772.2333575087628|24432&4&2507.6573943010235|24447&4&178.22199985045023|24451&4&281.9338218261493|24458&4&0.0|24464&4&19.62263412946399|24468&4&208.3301162927322|24487&4&36.04809972857203|24490&4&125.38059761871332|24507&4&348.1438289083111,2|24397&4&562.2534365158343|24400&4&258.3725524058631|24405&4&407.53612858432166|24406&4&1118.3187447060936|24409&4&2724.144829868121|24412&4&990.1162359848962|24413&4&795.6609443217133|24416&4&252.79971128410807|24422&4&294.092399748552|24426&4&173.26900837455975|24427&4&145.22016720735598|24428&4&1541.9520971240058|24434&4&524.469372839777|24442&4&369.1691058664535|24448&4&262.3988750589349|24452&4&1290.1816323625644|24453&4&707.3531824888255|24456&4&53.58594913587428|24464&4&396.59577049713863|24465&4&714.120110051556|24467&4&3298.9481943188903|24479&4&600.3569025266031|24492&4&157.99021298160906|24495&4&550.2289637814883,2|24417&4&1858.9579958633176|24418&4&374.32471648773753|24426&4&258.91135688880024|24430&4&749.7862171205464|24440&4&1394.7701358875333|24445&4&1494.8496454184083|24446&4&207.77632082850437|24450&4&64.77142318730498|24455&4&180.14908390319562|24460&4&1511.6678134198967|24468&4&1054.4638156655078|24474&4&53.24497335152379|24479&4&910.0023080879548|24489&4&1063.4481483826003|24493&4&1239.6909142613315|24495&4&428.28873951414374|24505&4&266.6428851746086,2|24400&4&903.8536113817531|24414&4&515.592295053674|24436&4&1570.9741537393613|24437&4&930.3427112010162|24438&4&714.9571617564502|24442&4&2424.3594647721657|24449&4&821.7505230567165|24451&4&1909.0086667129417|24453&4&1613.4926519809205|24454&4&1238.6488304749473|24472&4&668.9465424195005|24482&4&330.2316323734001|24483&4&2311.805157189993|24486&4&2211.4601550570223|24491&4&530.3028459838522|24496&4&376.2590468216335
240|4,130,1,1,1,1,1,1,1,1,1,1,1,1,1,1,1,1,1,1,1,1,1,1,1,1,1,1,1,1,1,1,1,1,1,1,1,1,1,1,1,1,1,1,1,1,1,1,1,1,1,1,1,1,1,1,1,1,1,1,1,1,1,1,1,1,1,1,1,1,1,1,1,1,1,1,1,1,1,1,1,1,1,1,1,1,1,1,1,1,1,1,1,1,1,1,1,1,1,1,1,1,0,0,0,0,0,0,0,0,0,0,0,0,0,0,0,0,0,0,0,0,2|24406&4&372.7903698814628|24419&4&1791.8403117079845|24420&4&643.6049429941081|24424&4&563.1287206363723|24426&4&281.0746037166622|24429&4&153.99496048045182|24443&4&457.7927249277005|24444&4&608.0858617310175|24457&4&143.9613091580555|24459&4&710.5049933412147|24462&4&50.88992771945671|24464&4&186.56527388949635|24465&4&216.10314556400874|24471&4&1065.8748607222615|24477&4&1790.9554442333845|24478&4&2175.2647394056353|24484&4&907.2578638741036|24511&4&601.5361578721113,2|24401&4&103.23119959325226|24402&4&785.2753794902017|24404&4&1037.2973569078272|24410&4&20.628338443155716|24411&4&1234.493415825417|24415&4&1225.7429515050685|24417&4&691.4458445896264|24421&4&152.4389178128294|24423&4&3209.939933519163|24425&4&49.04850334842858|24440&4&605.3451073833842|24451&4&93.68966594215318|24476&4&5.6843418860808015E-14|24480&4&1237.5666266409487|24485&4&3038.67130716989,2|24403&4&291.28537936854275|24405&4&503.9190648645289|24408&4&488.35068346225245|24412&4&637.367037959484|24424&4&699.1968366456264|24434&4&431.52019834385794|24435&4&2060.3433327836105|24462&4&1089.1791872990918|24472&4&849.25085270935|24484&4&1527.9157940366772|24494&4&1275.8617815937191|24498&4&41.394493692753976,2|24404&4&1692.975258974248|24418&4&1676.310008099431|24427&4&1814.4485776378065|24430&4&650.5610387415275|24434&4&3835.957260172634|24439&4&1624.4660717174854|24443&4&1472.759912960589|24461&4&2791.737217992434|24465&4&37.99363396825369|24468&4&277.427267097699|24479&4&419.9898512513459|24488&4&18.12243459838815,2|24397&4&338.97887888567976|24399&4&2995.1073713500464|24400&4&1022.429694375414|24402&4&29.772760406091038|24408&4&154.00181932124374|24433&4&999.7912699432708|24436&4&150.48773845346705|24441&4&775.5443966136892|24449&4&71.56702780478071|24450&4&424.26108987793225|24454&4&84.58177882822581|24456&4&467.7954626586066|24459&4&468.3015369059976|24463&4&118.07015084100135|24465&4&410.9401415443611|24467&4&184.5136426108327|24473&4&1569.102496549854|24475&4&493.245132223795|24491&4&257.29492441225887|24493&4&852.3867594839692|24500&4&959.709953667079,2|24402&4&483.80630727041955|24407&4&416.4182811670205|24410&4&1582.4110540972415|24416&4&1517.3855837475635|24421&4&182.53940772694014|24429&4&2787.802524581814|24444&4&204.600304963289|24446&4&1433.370513942595|24449&4&124.45290613753818|24450&4&777.8078133034705|24465&4&31.212394745321845|24470&4&497.5142625306787|24476&4&2423.6641903085274|24479&4&592.1223747638584|24482&4&1524.974146197962|24488&4&774.231699744783,2|24397&4&277.43096609344815|24416&4&107.04727763076782|24431&4&2613.863213860116|24432&4&2487.781241172329|24447&4&0.0|24451&4&601.204886371133|24464&4&6.822028644130041|24468&4&152.8153845732047|24487&4&0.0|24490&4&118.78161879667579|24507&4&320.32377965653905,2|24397&4&534.1407646900426|24400&4&214.02849702564663|24405&4&384.7170131773198|24406&4&992.0867146645629|24409&4&2681.442468937559|24412&4&893.408963335062|24413&4&864.5957604221917|24416&4&331.86123657477935|24422&4&367.48355036733005|24426&4&262.5954977086181|24427&4&88.41937190826047|24428&4&1403.9572098268918|24434&4&498.2459041977881|24442&4&272.7712339534653|24448&4&246.91668201976034|24452&4&1193.1575576851858|24453&4&864.39797203464|24456&4&27.79229430472239|24464&4&376.4154146682083|24465&4&671.6019085565262|24467&4&3019.2630360525413|24479&4&690.5088459894059|24492&4&137.46706336928952|24495&4&638.9483004384363,2|24417&4&1948.4096499200743|24418&4&274.64435106534916|24426&4&214.0512324400193|24430&4&703.6776380742103|24440&4&1260.8092172994611|24445&4&1758.6784433278303|24446&4&402.5833428362389|24450&4&39.85121596565773|24455&4&157.9502693963834|24460&4&1557.1104014428229|24468&4&1292.1966524620107|24474&4&0.0|24479&4&852.9956869746119|24489&4&1048.0751357629256|24493&4&1075.428826123782|24495&4&380.915057545576|24505&4&243.87858539576672,2|24398&4&125.85968980122348|24400&4&837.9528151510241|24414&4&684.0515318768888|24436&4&1545.6565074470288|24437&4&855.9282460073047|24438&4&645.8835635867306|24442&4&2907.578296204495|24449&4&1023.372124136633|24451&4&1755.3424427377997|24453&4&1439.025191638468|24454&4&1273.900240589331|24472&4&596.1408277277932|24482&4&276.0182346976794|24483&4&2504.0212105231462|24486&4&2224.9929959052547|24491&4&483.8834836797484|24496&4&357.44609448055184
241|4,130,1,1,1,1,1,1,1,1,1,1,1,1,1,1,1,1,1,1,1,1,1,1,1,1,1,1,1,1,1,1,1,1,1,1,1,1,1,1,1,1,1,1,1,1,1,1,1,1,1,1,1,1,1,1,1,1,1,1,1,1,1,1,1,1,1,1,1,1,1,1,1,1,1,1,1,1,1,1,1,1,1,1,1,1,1,1,1,1,1,1,1,1,1,1,1,1,1,1,1,1,0,0,0,0,0,0,0,0,0,0,0,0,0,0,0,0,0,0,0,0,2|24406&4&658.3926543001635|24419&4&1646.586578436598|24420&4&595.1153011808683|24424&4&478.28178627923785|24426&4&254.1886504284805|24429&4&89.47173416481587|24443&4&363.7937792203019|24444&4&628.0777983438292|24457&4&135.4929968546405|24459&4&634.6807930761458|24462&4&24.44528729233298|24464&4&165.5330818356054|24465&4&198.60611299453643|24471&4&1097.0299103337347|24477&4&1717.868607733415|24478&4&1997.772425386149|24484&4&784.2840172059618|24511&4&555.1659475884385,2|24401&4&96.57733829442756|24402&4&1006.2970023737852|24404&4&904.9107382722613|24410&4&-6.394884621840902E-14|24411&4&1443.6113685558425|24415&4&1116.7381743468623|24417&4&567.9570628741885|24421&4&110.14223975034335|24423&4&2922.1170371283647|24425&4&0.0|24440&4&574.4294966895011|24451&4&41.18098354249471|24480&4&1156.2778279967242|24485&4&3032.97759115264|24500&4&293.24463075676476,2|24403&4&274.5188517802602|24405&4&418.7165459989893|24408&4&451.2175364886096|24412&4&598.3685159462468|24424&4&713.6440455983819|24434&4&308.64329465531955|24435&4&2123.8750091765214|24462&4&1181.6059814012447|24472&4&794.8413748325322|24484&4&1879.6506106796344|24494&4&1287.6035034665729|24498&4&72.22326145729458,2|24404&4&1568.3938093359516|24418&4&1724.8971511596314|24427&4&2026.029619668945|24430&4&569.6777622774634|24434&4&3530.065046910149|24439&4&1504.873531986113|24443&4&1950.851722959667|24461&4&2785.43870715281|24465&4&33.98913688892446|24468&4&251.66820519768595|24479&4&379.04042418839424|24488&4&13.754102358128453,2|24397&4&291.8880734628818|24399&4&2922.6058637701435|24400&4&1192.376160253124|24402&4&14.37784524016404|24408&4&122.35368940094219|24433&4&1199.5214136772302|24436&4&85.85198960758693|24441&4&723.8086716270519|24449&4&46.4806570236496|24450&4&348.6815480239434|24454&4&67.66542306258066|24456&4&614.6705971923717|24459&4&715.1296981819927|24463&4&369.0669225908532|24465&4&344.43601931366203|24467&4&175.28796048029108|24473&4&1606.362679279102|24475&4&534.1678474267602|24491&4&309.86595051744615|24493&4&1216.387988708828|24500&4&849.914711859934,2|24402&4&433.18154884126074|24407&4&419.471475196426|24410&4&1924.4092471968738|24416&4&1363.9383440326806|24421&4&191.42168791502246|24429&4&3287.5071766249143|24444&4&164.7176112698438|24446&4&1298.3480301940576|24449&4&107.71831278779851|24450&4&771.2095241126468|24465&4&10.623173950578074|24470&4&463.17186132491315|24476&4&2636.0872637355133|24479&4&476.83992596472694|24482&4&1481.0323459087313|24488&4&692.0042375015016,2|24397&4&503.80970259152855|24405&4&234.12968303055504|24416&4&50.105405874849936|24431&4&2732.7120110329342|24432&4&2713.2073968550067|24447&4&13.646232080167493|24451&4&934.5277175060772|24464&4&8.881784197001252E-15|24468&4&109.18768591996867|24487&4&90.46242377184933|24490&4&112.18263997463825|24507&4&332.0237579229364,2|24397&4&506.0280928642509|24400&4&169.68444164543018|24405&4&361.897897770318|24406&4&888.8629003668076|24409&4&2480.8997475044484|24412&4&796.7016906852278|24413&4&845.7993030515056|24416&4&663.5185649418664|24422&4&377.2559304645072|24426&4&247.57074360558352|24427&4&46.89712725206413|24428&4&1265.9623225297778|24434&4&472.02243555579923|24442&4&193.0900524830325|24448&4&502.02811909934474|24452&4&1114.121349816497|24453&4&1186.969135464323|24456&4&6.833628630556738|24464&4&527.8285942150881|24465&4&629.0837070614963|24467&4&2764.7953690870427|24479&4&1279.1564386601701|24492&4&146.05545088137896|24495&4&733.3491647958381,2|24417&4&1883.775666415315|24418&4&180.883932367925|24423&4&203.4778567621172|24426&4&169.36226254262186|24430&4&715.4457793689631|24440&4&1145.068703412362|24445&4&1623.617774951724|24446&4&661.7888070227854|24450&4&14.931008744010482|24455&4&247.3010538876971|24460&4&1441.348094915193|24468&4&1378.7330385587275|24470&4&109.76615543351298|24474&4&19.72258788321417|24479&4&795.989065861269|24489&4&1155.1405766541698|24493&4&911.1667379862329|24495&4&337.425064956638|24505&4&221.11428561692483,2|24398&4&119.56670531116231|24400&4&772.052018920295|24414&4&822.7903798314971|24436&4&1947.7883254378746|24437&4&781.513780813593|24438&4&576.8099654170109|24442&4&2826.35142524974|24449&4&1049.6874876504435|24451&4&1601.6762187626578|24453&4&1277.827106750753|24454&4&1182.4234772715579|24472&4&523.3351130360859|24482&4&221.80483702195872|24483&4&2339.0589217119996|24486&4&2171.8044900979403|24491&4&437.4641213756447|24496&4&338.6331421394702
242|4,130,1,1,1,1,1,1,1,1,1,1,1,1,1,1,1,1,1,1,1,1,1,1,1,1,1,1,1,1,1,1,1,1,1,1,1,1,1,1,1,1,1,1,1,1,1,1,1,1,1,1,1,1,1,1,1,1,1,1,1,1,1,1,1,1,1,1,1,1,1,1,1,1,1,1,1,1,1,1,1,1,1,1,1,1,1,1,1,1,1,1,1,1,1,1,1,1,1,1,1,1,0,0,0,0,0,0,0,0,0,0,0,0,0,0,0,0,0,0,0,0,2|24406&4&776.2775782693082|24419&4&1587.4160933692183|24420&4&656.8207772352148|24424&4&393.4348519221034|24426&4&227.30269714029885|24429&4&51.51345072258472|24443&4&290.7462521293096|24444&4&704.9461740384509|24457&4&127.02468455122546|24459&4&571.1175423752393|24462&4&3.329217544310483|24464&4&144.50088978171442|24465&4&181.1090804250641|24471&4&1099.5009515152049|24477&4&1930.3836209183203|24478&4&1826.6261779607942|24484&4&681.4003758819792|24511&4&671.8812782812066,2|24401&4&263.0971151726324|24402&4&950.6456232947112|24404&4&826.3621489665159|24411&4&1395.5800373981838|24415&4&1098.0934484776894|24417&4&462.5148725411973|24421&4&68.93595469686123|24423&4&2648.0301351998623|24440&4&543.513885995618|24451&4&9.698855155421118|24480&4&1084.6054039826217|24485&4&2835.34007306552|24500&4&446.60586389826994,2|24403&4&257.75232419197766|24405&4&851.7601566493022|24408&4&414.08438951496674|24412&4&560.3682678082229|24424&4&926.748915203701|24434&4&196.08600589983914|24435&4&2223.2910536653317|24458&4&60.12763476558851|24462&4&1399.0560317346967|24472&4&973.6372140066677|24478&4&52.65681392805777|24484&4&2000.7332124476911|24494&4&1227.8386669506435|24498&4&117.16027678433609,2|24404&4&1443.8123596976545|24418&4&1591.260249436296|24427&4&2305.9765054656336|24430&4&488.7944858133992|24434&4&3224.1728336476635|24439&4&1583.610286959712|24443&4&2475.128122300706|24461&4&2887.7696664753657|24465&4&29.98463980959524|24468&4&225.90914329767293|24479&4&338.0909971254426|24488&4&9.385770117868756,2|24397&4&255.82741933867163|24399&4&3220.3777744118984|24400&4&1123.4830984182738|24402&4&9.585230160109322|24408&4&90.70555948064064|24433&4&1144.3544146634806|24436&4&38.725985423450226|24440&4&111.99191618785846|24441&4&672.0729466404142|24449&4&26.849861129244147|24450&4&273.10200616995445|24454&4&50.74906729693549|24456&4&827.4835198520648|24459&4&848.0782021168183|24463&4&466.84140171305626|24465&4&277.9318970829629|24467&4&166.06227834974945|24473&4&1716.5397882419666|24475&4&626.0423819908633|24491&4&290.47365706048515|24493&4&1559.0810311893833|24500&4&754.0661904642776,2|24402&4&382.5567904121019|24407&4&681.9466671214154|24410&4&2284.8806178989553|24416&4&1210.4911043177972|24421&4&584.8892711565388|24429&4&3265.436531836158|24444&4&129.94211664244463|24446&4&1173.7407322954223|24449&4&90.98371943805887|24450&4&1022.6733187350866|24465&4&5.6843418860808015E-14|24470&4&433.5222564379061|24476&4&2404.331136720337|24479&4&379.32604417839434|24482&4&1698.6376899251597|24488&4&681.4386368384089,2|24397&4&477.9256400467185|24405&4&222.4231988790273|24416&4&14.705918104995128|24431&4&2609.808808227699|24432&4&2482.3620638290904|24447&4&12.96392047615912|24451&4&1377.9089349788487|24468&4&78.41672260624208|24487&4&0.0|24490&4&105.58366115260071|24507&4&354.0817887938282,2|24397&4&477.91542103845916|24400&4&133.8406132846461|24405&4&339.07878236331624|24406&4&803.2579830845298|24409&4&2280.3570260713373|24412&4&699.9944180353939|24413&4&909.8848244472854|24416&4&1146.2043290488523|24422&4&353.77288822179275|24426&4&429.6141580874673|24427&4&16.2252232888023|24428&4&1127.967435232664|24434&4&782.0654378307242|24442&4&123.62292688417952|24448&4&473.01624455423223|24452&4&1337.5248472612643|24453&4&1380.8886117777251|24456&4&7.105427357601002E-14|24464&4&499.0685616173672|24465&4&697.3025464495611|24467&4&2510.3277021215445|24479&4&2106.8374715581813|24492&4&124.07672441283897|24495&4&691.7390828565385,2|24417&4&2003.8732574592032|24418&4&416.44403407984015|24423&4&702.4999129313102|24426&4&135.51613584144522|24430&4&902.4827022676016|24440&4&1029.3281895252637|24442&4&184.5240370639696|24445&4&1528.352589962673|24446&4&782.7819849915486|24450&4&-8.171241461241152E-14|24455&4&222.74185792938846|24460&4&1322.8673962002965|24468&4&1524.3526623671958|24470&4&104.27784766183733|24474&4&18.73645848905346|24479&4&738.9824447479261|24489&4&1117.0239565654947|24493&4&764.9049530301394|24495&4&299.8093418484545|24505&4&198.34998583808294,2|24398&4&113.27372082110114|24400&4&706.1512226895658|24414&4&919.3530372349405|24436&4&2234.6826343008242|24437&4&707.0993156198813|24438&4&507.73636724729107|24442&4&2624.6639132497|24449&4&1010.6937051298222|24451&4&1448.009994787516|24453&4&1142.2992741135672|24454&4&1090.9467139537849|24472&4&450.52939834437865|24482&4&167.59143934623802|24483&4&2311.207569080356|24486&4&2048.7556184559467|24491&4&394.7693542699368|24496&4&341.0486192776937
243|4,130,1,1,1,1,1,1,1,1,1,1,1,1,1,1,1,1,1,1,1,1,1,1,1,1,1,1,1,1,1,1,1,1,1,1,1,1,1,1,1,1,1,1,1,1,1,1,1,1,1,1,1,1,1,1,1,1,1,1,1,1,1,1,1,1,1,1,1,1,1,1,1,1,1,1,1,1,1,1,1,1,1,1,1,1,1,1,1,1,1,1,1,1,1,1,1,1,1,1,1,1,0,0,0,0,0,0,0,0,0,0,0,0,0,0,0,0,0,0,0,0,2|24406&4&769.5317856802558|24419&4&1449.0124012068832|24420&4&610.2190410207656|24424&4&315.0183143730235|24426&4&200.41674385211718|24429&4&34.304570365372925|24443&4&232.89332531450097|24444&4&814.8944762430683|24457&4&0.0|24459&4&516.7750416866082|24462&4&-1.1546319456101628E-14|24464&4&123.46869772782347|24465&4&163.61204785559175|24471&4&1017.6400364320137|24477&4&2041.7747896621413|24478&4&1655.479930535439|24484&4&578.9306498318604|24511&4&772.0586508196936,2|24401&4&351.6552189433314|24402&4&894.9942442156371|24404&4&1219.1770230410975|24411&4&1456.8722522227793|24415&4&1244.1496414415565|24417&4&360.33729878878233|24421&4&37.924496300349375|24423&4&2387.4038113102115|24440&4&512.5982753017349|24451&4&-4.263256414560601E-14|24480&4&981.7205743667606|24485&4&2937.7166520934884|24500&4&589.9470673672379,2|24403&4&240.9857966036951|24405&4&938.6554142282495|24408&4&486.19082086652435|24412&4&714.9075716154339|24424&4&1091.483778110199|24434&4&100.62830966715468|24435&4&2177.9732187440995|24458&4&0.0|24462&4&1388.203229512968|24472&4&907.5674702773022|24478&4&499.55005856813176|24484&4&2271.2355431493206|24494&4&1344.9690347566984|24498&4&148.93139054764873,2|24404&4&1319.230910059358|24418&4&1457.62334771296|24427&4&2217.159072170345|24430&4&410.6051375250265|24434&4&2918.2806203851783|24439&4&1594.9904564468065|24443&4&2342.533473278989|24461&4&2988.1736544768246|24465&4&25.980142730266017|24468&4&200.1500813976599|24479&4&297.1415700624909|24488&4&5.165536660417546,2|24397&4&219.7667652144615|24399&4&2969.117045545345|24400&4&1387.951275861672|24402&4&4.792615080054672|24408&4&59.05742956033909|24433&4&1171.7839877739268|24436&4&10.231706204411811|24440&4&399.9796861931369|24441&4&620.3372216537766|24449&4&10.498919585101158|24450&4&197.52246431596555|24454&4&33.83271153129033|24456&4&0.0|24459&4&908.5418948167625|24463&4&434.97802577772546|24465&4&211.4277748522638|24467&4&156.83659621920782|24473&4&1832.8835899530714|24475&4&581.0677111970372|24479&4&81.6477600555188|24491&4&412.5093149386345|24493&4&2047.6741314089904|24500&4&666.905261564529,2|24402&4&331.93203198294304|24407&4&758.544147749948|24410&4&2374.3175107723505|24416&4&1057.0438646029143|24421&4&719.7593109819529|24429&4&3026.8108104394405|24444&4&100.00263172901069|24446&4&1060.7423176545033|24449&4&74.2491260883192|24450&4&1357.3277504647058|24470&4&403.88187365161184|24476&4&2570.370782547043|24479&4&306.1881668416815|24482&4&1664.925739499191|24488&4&642.2591153114541,2|24397&4&452.0415775019085|24405&4&210.71671472749955|24416&4&0.0|24431&4&2671.250257045859|24432&4&2690.298099218096|24447&4&12.281608872150745|24451&4&1748.7024781564076|24468&4&55.863811189999154|24490&4&98.98468233056317|24507&4&493.79711705264356,2|24397&4&449.80274921266744|24400&4&99.61028456529519|24405&4&316.2596669563144|24406&4&724.6244718915143|24409&4&2383.2170136662908|24412&4&603.2871453855598|24413&4&955.2332940735855|24416&4&2120.434571497216|24422&4&372.54268343648613|24426&4&404.7359955551867|24427&4&-8.526512829121202E-14|24428&4&1123.1371513716813|24434&4&1419.650864298958|24442&4&66.1269281657693|24448&4&463.7703121699569|24452&4&1222.097830942068|24453&4&1303.0956897238602|24464&4&529.8155830594654|24465&4&939.2744147629123|24467&4&2258.4386317430585|24479&4&1994.0251310794788|24492&4&102.09799794429898|24495&4&650.129000917239,2|24417&4&2183.0203567021067|24418&4&559.4160172364984|24423&4&844.2050822526378|24426&4&107.10935108713083|24430&4&1179.009579078382|24440&4&914.4149539499216|24442&4&302.45871213560343|24445&4&1630.3242083041005|24446&4&740.3589489651855|24455&4&287.29824867977277|24460&4&1204.3866974854004|24468&4&1534.4909654412006|24470&4&117.2814143483333|24474&4&17.750329094892752|24479&4&681.9758236345833|24489&4&1239.3092432846931|24493&4&644.2834545782621|24495&4&262.193618740271|24496&4&0.5353682623114935|24505&4&175.58568605924108,2|24398&4&106.98073633103996|24400&4&640.2504264588366|24414&4&891.2608606901185|24436&4&2337.4265913248732|24437&4&856.875581349112|24438&4&438.6627690775714|24442&4&2422.9764012496607|24449&4&1141.7280449974082|24451&4&1294.3437708123743|24453&4&1014.0569376903486|24454&4&999.4699506360118|24472&4&380.1562104383246|24482&4&113.37804167051733|24483&4&2343.7516948397943|24486&4&1851.3844777923696|24491&4&352.0745871642289|24496&4&321.1742454626468
244|4,130,1,1,1,1,1,1,1,1,1,1,1,1,1,1,1,1,1,1,1,1,1,1,1,1,1,1,1,1,1,1,1,1,1,1,1,1,1,1,1,1,1,1,1,1,1,1,1,1,1,1,1,1,1,1,1,1,1,1,1,1,1,1,1,1,1,1,1,1,1,1,1,1,1,1,1,1,1,1,1,1,1,1,1,1,1,1,1,1,1,1,1,1,1,1,1,1,1,1,1,1,0,0,0,0,0,0,0,0,0,0,0,0,0,0,0,0,0,0,0,0,2|24406&4&842.3971910340861|24419&4&1310.8325628096848|24420&4&563.6173048063166|24424&4&243.8667954801125|24426&4&173.5307905639355|24429&4&17.095690008161267|24443&4&175.04039849969234|24444&4&958.9097413372785|24459&4&467.3139002224835|24464&4&105.72620247664423|24465&4&146.11501528611944|24471&4&937.1762984643392|24477&4&2043.535580834648|24478&4&1500.3787210591327|24484&4&486.8399662117768|24511&4&783.1782391019706,2|24401&4&365.91352384127765|24402&4&839.3428651365632|24404&4&1356.3763657353343|24411&4&1516.4973940656002|24415&4&1336.1172950871587|24417&4&269.6992514794159|24421&4&25.465530735337552|24423&4&2133.3469323352792|24440&4&481.6826646078518|24475&4&62.95337424736914|24480&4&1076.9608661263371|24485&4&3043.101609350555|24500&4&558.5634321833938,2|24403&4&224.21926901541255|24405&4&853.4183775944267|24408&4&714.8304553339264|24412&4&666.1797489327255|24424&4&1103.7254954092311|24434&4&38.13035985213073|24435&4&2207.6455704964255|24461&4&375.84291147468525|24462&4&1282.58975492654|24472&4&983.3611636121553|24478&4&474.440913604905|24484&4&2432.339324330246|24494&4&1286.4108014689477|24498&4&194.07343255420886,2|24404&4&1194.6494604210611|24418&4&1323.986445989624|24427&4&2050.159993874044|24430&4&344.25559634506806|24434&4&2612.388407122692|24439&4&1469.6759842237193|24443&4&2174.556947560606|24461&4&2749.119510820519|24465&4&21.975645650936794|24468&4&174.3910194976469|24479&4&256.19214299953927|24488&4&2.582768330208779,2|24397&4&183.70611109025134|24399&4&3339.235478740724|24400&4&1302.3901520629097|24402&4&2.1316282072803006E-14|24408&4&35.809838640669874|24433&4&1246.397777049473|24436&4&5.6843418860808015E-14|24440&4&504.9326369602724|24441&4&568.6014966671389|24449&4&1.9424529878517924|24450&4&135.47981546391645|24454&4&16.916355765645164|24456&4&43.310987894613305|24459&4&856.9400967473802|24463&4&403.1146498423947|24465&4&153.0322189065126|24467&4&170.76165720981894|24473&4&1905.018319951001|24475&4&537.1039166499783|24479&4&173.90416914195305|24491&4&386.045623914918|24493&4&2090.786926877391|24500&4&588.8840968223014,2|24402&4&281.30727355378417|24407&4&823.324674919173|24410&4&2342.398349869079|24416&4&903.5966248880311|24421&4&834.4031288525881|24429&4&2788.1850890427245|24444&4&81.04840498499595|24446&4&947.7439030135843|24449&4&57.51453273857955|24450&4&1463.3067346272137|24470&4&374.24149086531764|24476&4&2819.749695084163|24479&4&242.58577526824192|24482&4&1522.599284409093|24488&4&638.791655402771,2|24397&4&426.1575149570984|24405&4&199.0102305759718|24431&4&2778.210485801439|24432&4&2666.9174495592756|24447&4&11.59929726814237|24451&4&1838.0560595348832|24468&4&33.48033207664367|24490&4&92.38570350852564|24507&4&609.3824608429777,2|24397&4&421.6900773868757|24400&4&83.00857047107921|24405&4&293.44055154931254|24406&4&650.504895355127|24409&4&2623.5607430857613|24412&4&514.7771497063184|24413&4&874.7756339024113|24416&4&2601.026475019199|24422&4&346.9469993209013|24426&4&379.8578330229062|24428&4&1819.8169736636235|24434&4&2115.4411701116396|24442&4&28.8860672049477|24448&4&513.4626201927726|24452&4&1094.057318975|24453&4&1225.3027676699949|24464&4&498.0801977597537|24465&4&876.7180151311009|24467&4&2013.040624113881|24479&4&1881.2127906007765|24492&4&246.58212507770224|24495&4&608.5189189779395,2|24417&4&2143.9963480565916|24418&4&545.0889927272319|24423&4&799.7044489836771|24426&4&80.59720601466685|24430&4&1341.7274431405344|24440&4&811.6440068624777|24442&4&286.87446643616335|24445&4&1495.2439753302763|24446&4&742.8589615843631|24452&4&323.3026560899806|24455&4&406.37333291482844|24460&4&1085.9059987705039|24468&4&1429.151731675949|24470&4&110.86851285374907|24474&4&16.764199700732043|24479&4&624.9692025212405|24489&4&1403.224556925643|24493&4&547.5788469645702|24495&4&224.57789563208755|24496&4&5.056189477086599|24505&4&152.8213862803992,2|24398&4&0.0|24400&4&574.3496302281076|24414&4&804.1067357610694|24436&4&2348.1625413596184|24437&4&780.5615094038407|24438&4&488.6706254167968|24442&4&2221.288889249621|24449&4&1139.8635449486237|24451&4&1140.6775468372325|24453&4&891.691227218363|24454&4&907.9931873182387|24472&4&309.7830225322706|24482&4&70.50110317674046|24483&4&2306.705493147595|24486&4&2111.678238992261|24491&4&316.16509269259524|24496&4&301.2998716475999
245|4,130,1,1,1,1,1,1,1,1,1,1,1,1,1,1,1,1,1,1,1,1,1,1,1,1,1,1,1,1,1,1,1,1,1,1,1,1,1,1,1,1,1,1,1,1,1,1,1,1,1,1,1,1,1,1,1,1,1,1,1,1,1,1,1,1,1,1,1,1,1,1,1,1,1,1,1,1,1,1,1,1,1,1,1,1,1,1,1,1,1,1,1,1,1,1,1,1,1,1,1,1,0,0,0,0,0,0,0,0,0,0,0,0,0,0,0,0,0,0,0,0,2|24406&4&793.4221999919741|24419&4&1172.652724412487|24420&4&517.0155685918673|24424&4&186.4006910398565|24426&4&146.64483727575384|24429&4&-1.2079226507921703E-13|24443&4&117.18747168488375|24444&4&892.7015197765222|24459&4&417.85275875835873|24464&4&87.983707225465|24465&4&128.6179827166471|24471&4&906.6078093728461|24477&4&1962.4794636695553|24478&4&1348.0860749630485|24484&4&404.9059275297299|24511&4&726.2233281317472,2|24401&4&343.6692292619557|24402&4&1115.5173417329029|24404&4&1532.0013263299047|24408&4&155.67097989696322|24411&4&1611.936702183228|24415&4&1217.569832167818|24417&4&190.78934885012183|24421&4&14.081844955820083|24423&4&1879.2900533603472|24440&4&450.7670539139687|24464&4&20.955204685087296|24475&4&76.89703719790192|24480&4&1142.1889723668555|24485&4&2952.8425708088644|24500&4&527.1797969995497,2|24403&4&207.45274142713|24405&4&1015.297316380915|24408&4&658.6735914261583|24412&4&617.4519262500171|24424&4&1180.539645579826|24434&4&1.7053025658242404E-13|24435&4&2251.2491037037107|24461&4&438.3832975598699|24462&4&1176.976280340112|24472&4&1398.869335381523|24478&4&449.3317686416783|24484&4&2642.6383897558453|24494&4&1365.6905055567431|24498&4&224.61995551143787,2|24404&4&1070.0680107827645|24418&4&1190.349544266288|24427&4&2080.912402814755|24430&4&293.6733046248481|24434&4&2306.4961938602073|24439&4&1344.361512000632|24443&4&2024.1834013927366|24461&4&2518.8471196185556|24465&4&17.97114857160757|24468&4&148.6319575976339|24479&4&215.24271593658762|24488&4&0.0,2|24397&4&147.64545696604117|24399&4&3381.2750697549554|24400&4&1281.06909682389|24408&4&19.801510600166473|24433&4&1438.0491364265504|24440&4&604.0383143603585|24441&4&516.8657716805014|24449&4&-1.3322676295501878E-15|24450&4&92.71913078260795|24454&4&0.0|24456&4&41.14543849988264|24459&4&805.3382986779978|24463&4&371.251273907064|24465&4&99.76392411902737|24467&4&0.0|24473&4&1911.8372445207665|24475&4&497.059681604435|24479&4&318.7629737680595|24491&4&359.58193289120146|24493&4&1967.0588962566883|24500&4&520.7087634229077,2|24402&4&230.68251512462535|24407&4&870.493784140524|24410&4&2449.9194874365653|24416&4&767.0249213638182|24421&4&934.1229606893885|24429&4&2816.8520811972194|24444&4&68.80385538587427|24446&4&834.7454883726651|24449&4&40.77993938883989|24450&4&1535.3207862620084|24470&4&344.6011080790234|24476&4&2569.922053566148|24479&4&182.32885341718108|24482&4&1728.698371096516|24488&4&546.4158160355446,2|24397&4&400.2734524122883|24405&4&187.30374642444406|24431&4&2701.9538220078643|24432&4&2704.1709333505287|24445&4&272.20296087230827|24447&4&10.916985664133996|24451&4&1993.4546762550135|24468&4&11.096852963288189|24490&4&0.0|24507&4&562.1910829759947,2|24397&4&393.577405561084|24400&4&66.40685637686335|24405&4&270.62143614231076|24406&4&585.3168270952592|24409&4&2622.555471385684|24412&4&428.10135851334576|24413&4&897.528070891749|24416&4&2503.844282404924|24422&4&321.3513152053164|24426&4&354.9796704906257|24428&4&1826.303621672278|24434&4&2758.591792798145|24442&4&7.092430281043871|24448&4&479.4778245558197|24452&4&978.6690638483866|24453&4&1147.5098456161297|24464&4&466.34481246004196|24465&4&814.1616154992894|24467&4&0.0|24479&4&1768.4004501220743|24492&4&392.4349102432809|24495&4&566.90883703864,2|24397&4&108.33545139825378|24417&4&2327.6777461212314|24418&4&592.1841475753276|24423&4&983.4313510104226|24426&4&54.08506094220289|24430&4&1374.6127459982981|24440&4&714.2242014497152|24442&4&271.2902207367232|24445&4&1360.1637423564523|24446&4&881.7721441442263|24452&4&469.12678692503056|24455&4&683.4091920522975|24460&4&967.4253000556077|24468&4&1499.7524556025746|24470&4&104.45561135916483|24474&4&15.778070306571333|24479&4&567.9625814078977|24489&4&1487.490340535022|24493&4&456.3876370019502|24495&4&186.96217252390403|24496&4&4.80204158257649|24505&4&130.0570865015573,2|24398&4&60.29894039067901|24400&4&508.4488339973784|24414&4&719.7463107055278|24415&4&45.09625267272315|24436&4&2390.1239315545367|24437&4&698.6545426601909|24438&4&783.6547485351475|24442&4&2019.601377249582|24449&4&1079.16833169752|24451&4&997.110854972374|24453&4&769.3255167463776|24454&4&816.5164240004657|24472&4&239.40983462621654|24476&4&279.4335989365875|24482&4&29.57659686740527|24483&4&2282.787411615548|24486&4&2494.9793435782094|24491&4&280.25559822096153|24496&4&281.425497832553
246|4,130,1,1,1,1,1,1,1,1,1,1,1,1,1,1,1,1,1,1,1,1,1,1,1,1,1,1,1,1,1,1,1,1,1,1,1,1,1,1,1,1,1,1,1,1,1,1,1,1,1,1,1,1,1,1,1,1,1,1,1,1,1,1,1,1,1,1,1,1,1,1,1,1,1,1,1,1,1,1,1,1,1,1,1,1,1,1,1,1,1,1,1,1,1,1,1,1,1,1,1,1,0,0,0,0,0,0,0,0,0,0,0,0,0,0,0,0,0,0,0,0,2|24406&4&744.4472089498626|24419&4&1429.2070050594534|24420&4&470.4138323774183|24424&4&139.45657633233031|24426&4&119.75888398757218|24443&4&59.33454487007515|24444&4&826.4932982157658|24459&4&368.3916172942339|24464&4&70.24121197428575|24465&4&0.0|24471&4&826.9198023417346|24477&4&1861.0470943995317|24478&4&1195.7934288669649|24484&4&332.81389876012736|24488&4&135.9458123987456|24507&4&78.56710226597579|24511&4&843.5524438177719,2|24401&4&321.4249346826337|24402&4&1418.5645040340523|24404&4&1658.420131086832|24408&4&380.0109587018286|24411&4&1644.7774276079904|24415&4&1100.1792569382983|24417&4&135.23548090289788|24421&4&8.892237748132484|24423&4&1645.3322950506704|24440&4&419.8514432200856|24464&4&19.90744445083293|24475&4&72.89480190238841|24480&4&1042.0697552538027|24485&4&2761.774775951503|24500&4&495.79616181570566,2|24403&4&190.68621383884746|24405&4&1007.0634748456241|24408&4&602.5167275183901|24412&4&568.7241035673087|24424&4&1343.263780885466|24435&4&2148.6089872512607|24458&4&9.865156100554277|24461&4&415.52452540318967|24462&4&1071.362805753684|24472&4&1301.2728654313494|24478&4&424.22262367845155|24484&4&2473.974395826781|24494&4&1334.1467941842184|24498&4&268.69447285768126,2|24404&4&945.4865611444677|24418&4&1056.712642542952|24427&4&1909.5668469166906|24430&4&243.12486469892275|24434&4&2000.6039805977216|24439&4&1219.0470397775453|24443&4&2650.8088362935164|24461&4&2292.76184951939|24465&4&0.0|24468&4&122.87289569762089|24479&4&174.29328887363596,2|24397&4&119.69791747865509|24399&4&3325.000839483341|24400&4&1192.2959695971406|24408&4&6.52659365013171|24433&4&1475.982438139704|24440&4&755.7411883509784|24441&4&465.13004669386385|24450&4&61.23829533931816|24456&4&240.14804248727268|24459&4&753.7365006086156|24463&4&339.3878979717332|24465&4&0.0|24473&4&1763.0286510866333|24475&4&457.0154465588919|24479&4&302.1757392866559|24491&4&333.118241867485|24493&4&2426.8059992296603|24500&4&462.7501039971022,2|24402&4&194.57077497952423|24407&4&1067.1823499348964|24410&4&2544.5075564699837|24416&4&650.065181112786|24421&4&874.1029431117374|24429&4&3084.188375154421|24444&4&56.65143556119894|24446&4&721.7470737317462|24449&4&24.045346039100238|24450&4&1546.3379552368397|24470&4&314.9607252927292|24476&4&2329.7452407566343|24479&4&125.14541819401953|24482&4&1916.1837751144803|24488&4&454.03997666831793,2|24397&4&374.38938986747826|24405&4&175.5972622729163|24431&4&2471.245660295216|24432&4&2476.3123361859803|24445&4&415.7402252283436|24447&4&10.234674060125622|24451&4&2136.4438895198427|24468&4&3.5953675002496115|24487&4&75.86659375869908|24507&4&514.9997051090118,2|24397&4&365.46473373529227|24400&4&49.80514228264748|24405&4&247.80232073530894|24406&4&520.1287588353913|24409&4&2410.335418017499|24412&4&346.6435574643847|24413&4&873.5802568614889|24416&4&2460.3754214559613|24422&4&295.7556310897316|24426&4&529.9847738569988|24428&4&1750.008152040376|24434&4&2880.6194751109615|24442&4&0.0|24448&4&445.4930289188668|24452&4&870.708009136936|24453&4&1069.7169235622646|24464&4&434.60942716033014|24465&4&0.0|24479&4&1655.5881096433718|24492&4&364.39147929044816|24495&4&529.3219506747831,2|24397&4&239.84908737481018|24417&4&2536.9943516552617|24418&4&710.769843949271|24423&4&1794.2406726959907|24426&4&27.57291586973892|24430&4&1498.7506457505615|24440&4&627.9767275284796|24442&4&255.7059750372831|24445&4&1238.3198044729943|24446&4&915.2116372647414|24452&4&542.6225308401636|24455&4&688.9204654122768|24460&4&955.0524583177208|24468&4&1385.616223952729|24470&4&98.0427098645806|24474&4&0.0|24479&4&510.95596029455487|24489&4&1360.590751479926|24493&4&365.19642703933033|24495&4&149.34644941572057|24496&4&4.547893688066382|24505&4&107.29278672271542,2|24398&4&336.80353934139|24400&4&442.54803776664926|24412&4&303.5597542302466|24414&4&640.126005850075|24415&4&42.841440039087|24436&4&2331.055742977345|24437&4&616.7475759165415|24438&4&1025.64068196172|24442&4&1817.9138652495424|24449&4&1066.1652439136044|24451&4&872.9405860120141|24453&4&646.9598062743921|24454&4&725.0396606826926|24472&4&194.46569407019047|24476&4&423.5071570749731|24482&4&-1.1368683772161603E-13|24483&4&2099.103660090929|24484&4&65.53008860567502|24486&4&2456.90903661619|24491&4&244.34610374932785|24496&4&261.551124017506
247|4,130,1,1,1,1,1,1,1,1,1,1,1,1,1,1,1,1,1,1,1,1,1,1,1,1,1,1,1,1,1,1,1,1,1,1,1,1,1,1,1,1,1,1,1,1,1,1,1,1,1,1,1,1,1,1,1,1,1,1,1,1,1,1,1,1,1,1,1,1,1,1,1,1,1,1,1,1,1,1,1,1,1,1,1,1,1,1,1,1,1,1,1,1,1,1,1,1,1,1,1,1,0,0,0,0,0,0,0,0,0,0,0,0,0,0,0,0,0,0,0,0,2|24406&4&695.4722179077506|24414&4&55.54715194403104|24419&4&1527.73015573794|24420&4&423.8120961629691|24424&4&94.44303061603469|24426&4&92.87293069939051|24443&4&22.601140333068983|24444&4&760.2850766550094|24459&4&318.9304758301092|24464&4&56.193177537904816|24465&4&0.0|24471&4&747.231795310623|24477&4&1872.2466232236159|24478&4&1049.7782663745525|24484&4&260.72186999052474|24488&4&378.9246811654723|24507&4&74.638747152677|24511&4&903.8382618840973,2|24401&4&299.18064010331176|24402&4&1327.557340463008|24404&4&1531.3633818094156|24408&4&404.1105986107924|24411&4&1536.5780616609686|24415&4&985.1823135578568|24417&4&106.9968224065048|24421&4&3.702630540444882|24423&4&1432.169340513907|24440&4&388.93583252620255|24464&4&35.595063532874754|24475&4&181.2149723676768|24480&4&1299.5427902881715|24485&4&2523.763755791344|24500&4&464.4125266318616,2|24403&4&173.9196862505649|24405&4&1050.0972821073315|24408&4&546.359863610622|24412&4&519.9962808846003|24424&4&1537.2084583700982|24435&4&2224.7196238592414|24458&4&9.371898295526563|24461&4&509.3034823551677|24462&4&965.7493311672561|24472&4&1203.6763954811759|24478&4&399.11347871522486|24484&4&2305.3104018977165|24494&4&1207.6971709492418|24498&4&311.55392433101673,2|24404&4&820.9051115061709|24418&4&923.0757408196159|24427&4&1937.2840794594636|24430&4&202.79327335422983|24434&4&1727.6651758379016|24439&4&1093.732567554458|24443&4&2692.8351284094697|24461&4&2066.676579420224|24468&4&97.1138337976079|24479&4&133.3438618106843,2|24397&4&97.96048533250064|24399&4&3461.6231360834554|24400&4&1103.5228423703911|24408&4&2.3092638912203256E-14|24433&4&1507.2113076812875|24440&4&713.6920293604956|24441&4&464.47570930155416|24450&4&29.80555435944802|24456&4&227.92408542343597|24459&4&940.5190580563243|24463&4&307.5245220364024|24473&4&1614.2200576525001|24475&4&416.97121151334863|24479&4&294.1761776107021|24491&4&314.74294743046|24493&4&2499.2947012951245|24500&4&415.61278834941913,2|24402&4&166.02373535159785|24407&4&1066.173655551996|24410&4&2802.7408589800293|24416&4&553.5048888878234|24421&4&814.0829255340863|24429&4&2858.862878994614|24444&4&44.499015736523596|24446&4&608.7486590908273|24449&4&8.34543438208148|24450&4&1854.7020126301186|24470&4&285.32034250643494|24476&4&2107.346387614615|24479&4&71.05662767421958|24482&4&1818.1097844494943|24488&4&380.64139680364434,2|24397&4&348.5053273226682|24405&4&163.89077812138856|24431&4&2623.6855483154795|24432&4&2416.4042882874214|24445&4&394.27270656474565|24447&4&9.552362456117248|24451&4&2005.1826599810715|24468&4&2.3969116668330974|24487&4&72.07326407076413|24507&4&471.85823156898954,2|24397&4&337.35206190950055|24400&4&33.203428188431616|24405&4&224.98320532830712|24406&4&454.9406905755234|24409&4&2203.0181242013687|24412&4&276.52195258970846|24413&4&936.4968694331692|24416&4&2311.185622598324|24422&4&270.15994697414675|24426&4&957.4142730839105|24428&4&1599.2866486048263|24434&4&3071.1219129748933|24448&4&411.5082332819139|24452&4&762.7469544254857|24453&4&1593.4875056487408|24464&4&402.8740418606185|24479&4&1542.7757691646696|24492&4&486.91925026386684|24495&4&713.4565486162383,2|24397&4&379.13546124927655|24400&4&175.26865067799667|24417&4&2337.0490905175384|24418&4&757.2109106275229|24423&4&2294.6840465140485|24426&4&5.976100684432892|24430&4&1472.1435140039266|24440&4&546.0672077635584|24442&4&240.12172933784302|24445&4&1128.5996249250059|24446&4&1304.3840649023618|24452&4&1082.208301904119|24455&4&1055.4251651790823|24460&4&1207.7312045699891|24468&4&1271.479992302883|24470&4&91.62980836999637|24473&4&248.41306893795297|24479&4&453.94933918121205|24489&4&1468.2672449021159|24493&4&302.55237845049976|24495&4&124.28492259861373|24496&4&4.293745793556273|24505&4&84.52848694387355,2|24398&4&392.1339761377797|24400&4&376.64724153592016|24412&4&295.82402716471347|24414&4&565.3070282832592|24415&4&322.57130163192176|24421&4&50.108812900020894|24436&4&2614.016376426501|24437&4&534.8406091728918|24438&4&1238.0132559996646|24442&4&1616.226353249503|24449&4&1193.465060653882|24451&4&766.2243884878724|24453&4&524.5940958024065|24454&4&733.1925882553651|24472&4&164.97137811276357|24476&4&566.0113731587884|24483&4&1974.056132587296|24484&4&62.25358417539127|24486&4&2239.480241263964|24491&4&208.43660927769415|24496&4&241.6767502024591
248|4,130,1,1,1,1,1,1,1,1,1,1,1,1,1,1,1,1,1,1,1,1,1,1,1,1,1,1,1,1,1,1,1,1,1,1,1,1,1,1,1,1,1,1,1,1,1,1,1,1,1,1,1,1,1,1,1,1,1,1,1,1,1,1,1,1,1,1,1,1,1,1,1,1,1,1,1,1,1,1,1,1,1,1,1,1,1,1,1,1,1,1,1,1,1,1,1,1,1,1,1,1,0,0,0,0,0,0,0,0,0,0,0,0,0,0,0,0,0,0,0,0,2|24406&4&822.1544609832849|24412&4&639.7381308508495|24414&4&546.8879905270744|24419&4&1796.2653975235273|24420&4&377.2103599485199|24424&4&56.07323323295161|24426&4&65.98697741120884|24443&4&1.3500311979441904E-13|24444&4&694.076855094253|24457&4&40.0132074254497|24459&4&270.72492630972334|24464&4&43.47650349175102|24471&4&692.7975775029489|24477&4&1966.83115608449|24478&4&906.7116481234293|24484&4&188.75068195094218|24488&4&393.85478767888026|24507&4&70.7103920393782|24511&4&831.8714030625933,2|24401&4&276.93634552398976|24402&4&1236.5501768919637|24404&4&1407.473172593973|24408&4&382.54640496126865|24411&4&1428.378695713947|24415&4&879.1970617540928|24417&4&80.24761680487865|24421&4&-6.217248937900877E-15|24423&4&1237.3632884982212|24440&4&358.02022183231946|24464&4&33.71053433280558|24475&4&184.3145218411493|24480&4&1346.9521068798717|24485&4&2285.7527356311857|24500&4&433.02889144801753,2|24403&4&454.9264976536912|24405&4&1108.830887752794|24408&4&490.2029997028539|24412&4&471.2684582018919|24424&4&1620.895394956318|24435&4&2047.4147212272462|24458&4&8.87864049049885|24461&4&1003.2084879025947|24462&4&1240.703046895358|24472&4&1106.0799255310021|24478&4&484.4594606718525|24484&4&2136.6464079686516|24494&4&1088.7090507467199|24498&4&292.9913175247705,2|24404&4&696.3236618678743|24418&4&797.3159322246103|24427&4&2174.21289525812|24430&4&163.65864414423373|24434&4&1481.7759030429152|24439&4&1206.5085855800958|24443&4&2471.6714946191423|24447&4&21.634669198451064|24461&4&1844.349381740772|24468&4&71.35477189759487|24479&4&92.39443474773265,2|24397&4&80.26362111168264|24399&4&3633.2957265718|24400&4&1014.7497151436415|24433&4&1396.9455086492137|24440&4&671.6428703700128|24441&4&587.2246233871517|24450&4&9.237055564881302E-14|24456&4&215.70012835959926|24459&4&876.9980422110874|24463&4&436.93177477376753|24473&4&1465.4114642183677|24475&4&376.92697646780545|24479&4&1019.4397362688939|24491&4&487.4669549493951|24493&4&2335.123389526445|24500&4&368.4754727017362,2|24402&4&137.47669572367147|24407&4&995.017983284219|24410&4&2905.334515888173|24416&4&474.63309718493997|24421&4&754.0629079564351|24429&4&2593.8026764874044|24444&4&32.34659591184826|24446&4&507.20035845569316|24449&4&4.263256414560601E-14|24450&4&2005.56151630174|24470&4&255.6799597201407|24476&4&1898.9745033183299|24479&4&22.16455674494376|24482&4&1997.0707489077263|24488&4&312.44458392779427,2|24397&4&322.62126477785813|24405&4&152.18429396986082|24431&4&2779.882167032837|24432&4&2211.1978483055404|24445&4&597.5863452258574|24447&4&8.870050852108873|24451&4&1873.9214304423|24468&4&1.198455833416546|24469&4&190.00346967595326|24487&4&68.27993438282917|24490&4&108.955210679007|24507&4&431.360677210546,2|24397&4&309.2393900837088|24400&4&16.601714094215748|24405&4&202.16408992130533|24406&4&389.7526223156555|24409&4&1995.7008303852394|24412&4&209.17856003795555|24413&4&1139.6768233196162|24416&4&2161.9958237406863|24422&4&244.5642628585619|24426&4&1150.6480130612633|24428&4&1502.1321074066514|24434&4&2885.7869291288303|24448&4&377.52343764496095|24452&4&668.7490635402817|24453&4&1846.481950926703|24464&4&371.1386565609067|24479&4&1429.9634286859673|24492&4&0.0|24495&4&808.7823382518156,2|24397&4&359.2946849084553|24400&4&228.08107647200484|24417&4&2137.103829379815|24418&4&1247.0729660501438|24423&4&2463.5863770209826|24426&4&-5.1514348342607263E-14|24430&4&1461.1494246800648|24440&4&465.4907556795203|24442&4&224.53748363840293|24445&4&1018.8794453770174|24446&4&1357.6427085154905|24452&4&1275.2998168922531|24455&4&992.4096084304123|24460&4&1695.1882617788963|24468&4&1157.3437606530372|24470&4&85.21690687541214|24473&4&235.9924154910553|24474&4&11.6222924299142|24479&4&396.94271806786924|24489&4&1607.4400664772525|24493&4&248.67090719431604|24495&4&99.96800669960541|24496&4&4.039597899046164|24505&4&61.76418716503166,2|24398&4&383.7696605736954|24400&4&310.746445305191|24412&4&280.27392642090217|24414&4&494.7972360818128|24415&4&799.8343041136966|24421&4&167.0610063273467|24436&4&2788.352192683401|24437&4&772.7063782290784|24438&4&1237.905516189308|24442&4&1414.5388412494638|24449&4&1453.7264213490676|24451&4&665.4249226022577|24453&4&402.25234690343115|24454&4&636.7343403930698|24472&4&135.47706215533668|24476&4&921.983882072963|24483&4&2104.0701675485625|24484&4&303.86863366125556|24486&4&2066.7753662544196|24491&4&172.52711480606044|24496&4&221.80237638741215
249|4,130,1,1,1,1,1,1,1,1,1,1,1,1,1,1,1,1,1,1,1,1,1,1,1,1,1,1,1,1,1,1,1,1,1,1,1,1,1,1,1,1,1,1,1,1,1,1,1,1,1,1,1,1,1,1,1,1,1,1,1,1,1,1,1,1,1,1,1,1,1,1,1,1,1,1,1,1,1,1,1,1,1,1,1,1,1,1,1,1,1,1,1,1,1,1,1,1,1,1,1,1,0,0,0,0,0,0,0,0,0,0,0,0,0,0,0,0,0,0,0,0,2|24406&4&1017.8187071866449|24412&4&868.7131163332982|24414&4&877.7156790054946|24419&4&1767.734260841326|24420&4&408.06098389982674|24424&4&28.21336786963129|24426&4&39.10102412302717|24440&4&0.9252734053022778|24444&4&627.8686335334966|24457&4&54.16815033371485|24459&4&222.5193767893375|24464&4&30.759829445597227|24471&4&611.8468810106656|24477&4&2434.9648122278904|24478&4&776.8531119227503|24484&4&117.40647101733536|24488&4&426.23580195284273|24507&4&66.78203692607941|24511&4&842.8666201278614,2|24401&4&424.2445855789608|24402&4&1155.7963465190319|24404&4&0.0|24408&4&360.98221131174495|24411&4&1320.179329766925|24415&4&789.6840882170745|24417&4&53.49841120325247|24423&4&1056.4710736621919|24436&4&68.52413773575392|24440&4&327.1046111384364|24464&4&31.826005132736405|24475&4&180.54475353873096|24480&4&1722.1549109787802|24485&4&2047.7417154710265|24486&4&376.2742647198063|24489&4&78.41276020361818|24500&4&401.64525626417344,2|24403&4&434.2620272247484|24405&4&1122.4921717796221|24408&4&434.0461357950858|24412&4&422.5406355191836|24424&4&1887.6683795962786|24435&4&2022.1038578618222|24458&4&0.0|24461&4&1153.2896605932888|24462&4&1243.5752406696333|24472&4&1008.4834555808286|24478&4&489.030538468252|24484&4&1967.9824140395874|24494&4&969.7209305441983|24498&4&310.6175063949277,2|24404&4&0.0|24418&4&680.9141209546292|24427&4&1984.8766836409013|24430&4&125.89011763932757|24434&4&1258.1917161223903|24439&4&1163.3526870052838|24443&4&2683.2845245284934|24447&4&20.55293573852851|24461&4&1645.7995627054306|24468&4&177.33975124138163|24479&4&51.445007684780975,2|24397&4&62.56675689086462|24399&4&3727.6619763671606|24400&4&925.976587916892|24404&4&0.0|24408&4&10.25980574150725|24433&4&1286.6797096171404|24440&4&629.5937113795299|24441&4&686.3901538782743|24456&4&203.47617129576255|24459&4&1200.6034132837226|24463&4&661.4908576834232|24467&4&61.412154871748214|24473&4&1318.4718949509117|24475&4&336.88274142226226|24479&4&1787.8933425802343|24491&4&450.61923817774476|24493&4&2170.952077757766|24500&4&321.33815705405317,2|24402&4&108.9296560957451|24407&4&923.8623110164422|24410&4&2824.099503920442|24416&4&405.78001214948546|24421&4&694.0428903787839|24429&4&2802.5217724707163|24444&4&20.194176087172927|24446&4&417.40146772999526|24450&4&2206.8132302483245|24470&4&226.0395769338465|24476&4&1704.0787432598747|24479&4&9.237055564881302E-14|24482&4&2132.49487514236|24488&4&253.67390708780778,2|24397&4&296.73720223304804|24405&4&140.47780981833307|24431&4&3034.8007753884226|24432&4&2005.9914083236595|24445&4&564.8797686960239|24447&4&8.187739248100499|24451&4&1742.6602009035287|24468&4&-5.329070518200751E-15|24469&4&0.0|24487&4&116.18787305010733|24490&4&162.9858037760344|24507&4&393.01914256456377,2|24397&4&281.1267182579171|24400&4&-1.2079226507921703E-13|24405&4&179.34497451430354|24406&4&324.56455405578765|24409&4&2273.578304558725|24412&4&158.03957049915954|24413&4&1392.4002620612343|24416&4&2012.8060248830486|24422&4&218.96857874297706|24426&4&1116.0172978149235|24428&4&1430.8146508839666|24434&4&2700.4519452827667|24448&4&343.53864200800797|24452&4&584.1216807928081|24453&4&2194.9439922654733|24464&4&339.403271261195|24479&4&1317.1510882072648|24495&4&840.7426760181762,2|24397&4&339.453908567634|24400&4&1146.0633750307234|24417&4&1937.1585682420919|24418&4&1481.138874963974|24423&4&2319.446978896956|24430&4&1421.7079798546445|24440&4&384.9143035954823|24442&4&0.0|24445&4&915.9845325439724|24446&4&1763.33143710137|24452&4&1543.7702363779144|24455&4&1061.487785524977|24460&4&1815.3629579471303|24468&4&1043.2075290031914|24470&4&78.8040053808279|24473&4&223.57176204415765|24474&4&11.04117780841849|24479&4&339.9360969545264|24489&4&1470.6986805024108|24493&4&194.78943593813239|24495&4&80.36318462941188|24496&4&3.785450004536056|24505&4&46.87036489570606,2|24398&4&453.58863888123096|24400&4&244.8456490744619|24412&4&264.7238256770909|24414&4&446.2598970771615|24415&4&758.7994053274001|24421&4&222.51817815896268|24436&4&2577.3509415492445|24437&4&688.7973084347286|24438&4&1225.8627321656154|24442&4&0.0|24449&4&1645.2084856528338|24451&4&564.6254567166429|24453&4&290.8550834731477|24454&4&674.099258131082|24472&4&105.98274619790976|24476&4&1261.7833039738616|24483&4&1904.6549110726621|24484&4&591.376741576082|24486&4&1858.1855362489136|24491&4&139.50761903386612|24496&4&201.9280025723652
250|4,130,1,1,1,1,1,1,1,1,1,1,1,1,1,1,1,1,1,1,1,1,1,1,1,1,1,1,1,1,1,1,1,1,1,1,1,1,1,1,1,1,1,1,1,1,1,1,1,1,1,1,1,1,1,1,1,1,1,1,1,1,1,1,1,1,1,1,1,1,1,1,1,1,1,1,1,1,1,1,1,1,1,1,1,1,1,1,1,1,1,1,1,1,1,1,1,1,1,1,1,1,0,0,0,0,0,0,0,0,0,0,0,0,0,0,0,0,0,0,0,0,2|24406&4&1040.5699262774117|24412&4&1055.6710764935892|24414&4&905.865296826684|24419&4&1892.6954734147498|24420&4&358.16606130865614|24424&4&9.154193162014622|24426&4&12.215070834845502|24440&4&146.79935794086148|24444&4&807.2771631303827|24457&4&259.16549182097714|24459&4&182.16014567777296|24464&4&19.22630628737102|24469&4&77.64000268938227|24471&4&530.896184518382|24477&4&2431.9896089029153|24478&4&655.2824882505386|24484&4&56.534521559309134|24488&4&460.9106398838807|24500&4&236.17913910631145|24507&4&62.85368181278062|24511&4&901.0975775831587,2|24401&4&393.52266426792426|24402&4&1153.0542443135223|24408&4&339.41801766222125|24411&4&1211.979963819903|24415&4&702.3587216642683|24417&4&26.749205601626297|24423&4&875.5788588261626|24436&4&65.09793084896623|24440&4&296.1890004445533|24464&4&29.94147593266723|24475&4&258.83239660803395|24480&4&1934.1901883803737|24485&4&2392.5947662170693|24486&4&772.2141732201887|24489&4&417.9618467181183|24500&4&370.26162108032935,2|24403&4&402.0572964814499|24405&4&1504.7075128204208|24408&4&377.8892718873177|24412&4&373.81281283647513|24424&4&2122.267536341783|24435&4&2141.303160293636|24461&4&1722.4296241565655|24462&4&1330.1197448021176|24472&4&910.8869856306549|24478&4&1009.2273760811302|24484&4&1799.3184201105228|24494&4&859.9930813768083|24498&4&290.2454598048613,2|24418&4&573.026862388775|24427&4&1795.5404720236825|24430&4&88.1215911344214|24434&4&1036.9026684876064|24439&4&1241.119996856728|24443&4&2499.0715378819878|24445&4&79.57112069408333|24447&4&19.471202278605958|24461&4&1450.773316757925|24468&4&451.95394789238395|24479&4&10.495580621829312,2|24397&4&44.869892670046596|24399&4&4341.377159054942|24400&4&837.2034606901424|24408&4&249.90933544756936|24433&4&1176.413910585067|24440&4&587.5445523890471|24441&4&667.8534903105309|24456&4&365.1578002812346|24459&4&1218.5463571405326|24463&4&698.8968694675109|24467&4&208.63062807618218|24473&4&1174.7766686496516|24475&4&297.5292184586293|24479&4&2628.288461784545|24491&4&636.7170163508733|24493&4&2129.653359679518|24500&4&274.20084140637016,2|24402&4&82.73955641123096|24407&4&890.8900884387853|24410&4&2808.9706459140216|24416&4&337.5765043533281|24421&4&640.7785966415761|24429&4&3077.306793214731|24444&4&8.04175626249759|24446&4&347.8448333700265|24450&4&2286.5584112246784|24470&4&196.39919414755227|24476&4&1521.2884710612148|24482&4&2075.7226551837884|24488&4&207.36931083080532,2|24397&4&270.853139688238|24405&4&128.77132566680532|24431&4&2951.4741484245033|24432&4&1800.784968341778|24445&4&532.1731921661905|24447&4&7.505427644092125|24451&4&2046.280313413963|24487&4&109.8094799444117|24490&4&154.5641255605352|24507&4&358.8260887929396,2|24397&4&253.01404643212538|24405&4&156.52585910730173|24406&4&265.55052144671276|24409&4&2042.0012723431146|24412&4&119.27363471706656|24413&4&1298.5005287660167|24416&4&1863.6162260254114|24422&4&193.37289462739224|24426&4&1434.3435705221798|24428&4&1574.3923969230577|24434&4&2515.116961436703|24448&4&309.5538463710551|24452&4&501.68192944628385|24453&4&2711.9134713028116|24464&4&307.6678859614833|24479&4&1204.3387477285626|24495&4&800.5566972615106,2|24397&4&491.53404715121803|24400&4&1607.9966725793329|24417&4&1737.2133071043684|24418&4&1575.984365666968|24423&4&2398.4318690496984|24430&4&1324.7290474307347|24440&4&304.3378515114443|24445&4&813.0896197109271|24446&4&1789.2733482140602|24452&4&1886.5784409199127|24455&4&1387.781594085938|24460&4&1983.9838916238264|24468&4&929.0712973533458|24470&4&72.39110388624368|24473&4&211.15110859726|24474&4&10.460063186922781|24479&4&282.9294758411836|24489&4&1333.957294527569|24493&4&143.9290672126834|24495&4&60.75836255921838|24496&4&3.531302110025947|24505&4&31.97654262638041,2|24398&4&427.81760744088945|24400&4&178.94485284373278|24412&4&249.17372493327954|24414&4&404.71807219285034|24415&4&717.7645065411037|24421&4&210.84308110133364|24436&4&2373.528760955596|24437&4&634.1627459747701|24438&4&1226.0794737332112|24449&4&1871.5927778080343|24451&4&463.8259908310282|24453&4&209.42902551937462|24454&4&836.6393376228148|24472&4&76.48843024048286|24476&4&1340.864015893036|24483&4&1705.2396545967622|24484&4&1317.0626149534726|24486&4&1667.935666706593|24491&4&106.48812326167186|24496&4&182.05362875731825
251|4,130,1,1,1,1,1,1,1,1,1,1,1,1,1,1,1,1,1,1,1,1,1,1,1,1,1,1,1,1,1,1,1,1,1,1,1,1,1,1,1,1,1,1,1,1,1,1,1,1,1,1,1,1,1,1,1,1,1,1,1,1,1,1,1,1,1,1,1,1,1,1,1,1,1,1,1,1,1,1,1,1,1,1,1,1,1,1,1,1,1,1,1,1,1,1,1,1,1,1,1,1,0,0,0,0,0,0,0,0,0,0,0,0,0,0,0,0,0,0,0,0,2|24406&4&965.4819597425337|24412&4&1160.8187643685103|24414&4&867.8337093214268|24419&4&2016.808576071909|24420&4&447.26183629014747|24424&4&4.263256414560601E-14|24426&4&9.947598300641403E-14|24440&4&513.2734941545095|24444&4&1064.1285115030555|24457&4&0.0|24459&4&146.67424752200293|24464&4&7.692783129144814|24469&4&0.0|24471&4&625.9567327889442|24477&4&2821.859192525526|24478&4&553.5184077157138|24484&4&16.26125584665905|24488&4&434.32780273698995|24500&4&353.236516963963|24507&4&58.92532669948183|24511&4&826.9471818856541,2|24401&4&362.8007429568876|24402&4&1228.595737169331|24408&4&317.85382401269754|24411&4&0.0|24415&4&615.033355111462|24417&4&1.2079226507921703E-13|24423&4&697.6161868642797|24436&4&61.67172396217853|24440&4&265.2733897506703|24464&4&28.056946732598057|24466&4&53.1645777758038|24475&4&430.11606241507263|24480&4&1840.4889205932952|24485&4&2152.9300096365596|24486&4&1084.4216933442071|24489&4&813.9341808213003|24500&4&338.87798589648526,2|24403&4&369.8525657381514|24405&4&1738.3348720002314|24408&4&334.37296942991946|24412&4&325.08499015376674|24424&4&2178.1591504157063|24435&4&2082.771619293031|24461&4&1806.7470890182092|24462&4&1413.142262325832|24472&4&813.2905156804813|24478&4&1001.4942192254957|24484&4&1630.6544261814583|24494&4&0.0|24498&4&269.8734132147949,2|24418&4&470.9937376865432|24427&4&1606.2042604064636|24430&4&50.353064629515224|24434&4&821.931516882883|24439&4&1214.3087633452199|24443&4&2542.472029100701|24445&4&75.59256465937916|24447&4&18.389468818683405|24461&4&1275.882985932868|24468&4&585.2531383692321|24479&4&0.0,2|24397&4&33.652419502534904|24399&4&4716.626174569472|24400&4&748.4303334633929|24408&4&237.3882191608371|24433&4&1066.1481115529934|24440&4&545.4953933985644|24441&4&597.7389300302102|24456&4&344.23856391493246|24459&4&1151.471459103755|24463&4&653.9040325119079|24467&4&198.04556628519367|24473&4&1031.8755150350569|24475&4&260.69151068905876|24479&4&2779.54745303634|24491&4&916.7914566504775|24493&4&2237.0739795896106|24500&4&234.69065779450162,2|24402&4&57.17693782969593|24407&4&842.7584029178765|24410&4&2584.031721832652|24416&4&280.59387990690226|24421&4&587.5143029043685|24429&4&2993.9685783909526|24444&4&1.4210854715202004E-14|24446&4&284.61256770682206|24450&4&2407.7867981335517|24470&4&166.758811361258|24476&4&1338.4981988625545|24482&4&1976.9274107318354|24488&4&173.16258710535809,2|24397&4&244.96907714342797|24405&4&117.06484151527758|24431&4&3140.953712312078|24432&4&1595.5785283598968|24445&4&499.46661563635706|24447&4&6.82311604008375|24451&4&2035.3445337562453|24487&4&103.43108683871608|24490&4&146.14244734503595|24492&4&6.027208286227619|24507&4&324.63303502131544,2|24397&4&224.90137460633366|24405&4&133.7067437002999|24406&4&218.42866436963882|24409&4&2220.662392286508|24412&4&80.50769893497355|24413&4&1199.5117983125997|24416&4&1714.4264271677741|24422&4&167.7772105118074|24426&4&1391.0619534816674|24428&4&1586.8928978581525|24434&4&2329.78197759064|24448&4&318.4042803063875|24452&4&425.9348502603378|24453&4&2853.3455440188645|24464&4&275.93250066177154|24479&4&1091.52640724986|24495&4&734.153477987273,2|24397&4&463.09722506417654|24400&4&1571.7070931818262|24417&4&1537.268045966645|24418&4&1479.9001004416687|24423&4&2775.4375879660215|24430&4&1416.4578106756444|24440&4&223.76139942740627|24445&4&710.194706877882|24446&4&1964.1012041877764|24452&4&2023.9183819329796|24455&4&1311.6758324316052|24460&4&2122.4506705759372|24468&4&814.9350657035001|24470&4&65.97820239165945|24473&4&198.73045515036233|24474&4&9.878948565427072|24479&4&225.9228547278408|24489&4&1206.5030654530685|24493&4&99.64859701637357|24495&4&41.15354048902486|24496&4&3.2771542155158384|24505&4&24.181433947421066,2|24398&4&0.0|24400&4&124.39248708558401|24412&4&233.62362418946825|24414&4&364.5299927561516|24415&4&676.7296077548073|24421&4&199.16798404370456|24436&4&2170.1904639783234|24437&4&826.7020892622313|24438&4&1142.3916284783804|24449&4&2032.3433885059019|24451&4&363.02652494541354|24453&4&137.67372882219348|24454&4&996.6746776905316|24472&4&46.99411428305595|24476&4&1439.245984786593|24483&4&1505.824398120862|24484&4&1717.8625948109245|24486&4&1492.5417879828042|24491&4&73.46862748947758|24496&4&162.1792549422713
252|4,130,1,1,1,1,1,1,1,1,1,1,1,1,1,1,1,1,1,1,1,1,1,1,1,1,1,1,1,1,1,1,1,1,1,1,1,1,1,1,1,1,1,1,1,1,1,1,1,1,1,1,1,1,1,1,1,1,1,1,1,1,1,1,1,1,1,1,1,1,1,1,1,1,1,1,1,1,1,1,1,1,1,1,1,1,1,1,1,1,1,1,1,1,1,1,1,1,1,1,1,1,0,0,0,0,0,0,0,0,0,0,0,0,0,0,0,0,0,0,0,0,2|24406&4&1111.5702678686876|24412&4&1256.1951502468987|24414&4&818.205240002586|24419&4&2224.333512034496|24420&4&406.64025525340446|24440&4&897.7741684564182|24444&4&1031.3422665605785|24459&4&111.1883493662329|24464&4&5.329070518200751E-15|24471&4&1057.285424092844|24477&4&2609.1776563066323|24478&4&459.58815284386844|24484&4&1.2079226507921703E-13|24488&4&0.0|24500&4&334.9842432679991|24507&4&54.99697158618304|24511&4&756.8377711153225,2|24401&4&605.4050589840404|24402&4&1212.1963171144912|24408&4&566.2431197936959|24415&4&527.7079885586558|24423&4&532.3035762228802|24425&4&4.80930156970178|24436&4&58.245517075390836|24440&4&234.3577790567872|24464&4&207.21998238694044|24466&4&0.0|24475&4&405.77900921675985|24480&4&1701.3135682384413|24485&4&1919.7579444447247|24486&4&1027.282353299057|24489&4&1031.0527852194061|24500&4&307.4943507126412,2|24403&4&337.6478349948529|24405&4&1627.482157487039|24408&4&298.0892024508378|24412&4&276.35716747105835|24424&4&2011.1828963513497|24435&4&1902.3622918564477|24461&4&1746.8616225009523|24462&4&1336.424209724877|24472&4&1141.0181413695764|24478&4&938.8583076769896|24484&4&1461.990432252394|24494&4&25.394619267737113|24498&4&249.54052348949128,2|24418&4&385.13712029217766|24427&4&1439.4754698025904|24430&4&18.53447609849417|24434&4&611.7771258961927|24439&4&1072.8824609388487|24443&4&2498.9980909695837|24445&4&71.614008624675|24447&4&17.30773535876085|24461&4&1110.0632951997432|24466&4&0.0|24468&4&717.6766216525837,2|24397&4&22.434946335023255|24399&4&4649.4469918083005|24400&4&659.6572062366434|24408&4&224.8671028741049|24433&4&955.88231252092|24440&4&503.4462344080815|24441&4&527.6243697498896|24456&4&323.3193275486303|24459&4&1227.937360147926|24463&4&608.9111955563048|24467&4&187.4605044942052|24473&4&888.9743614204622|24475&4&229.26159298114678|24479&4&2738.2833598193865|24491&4&1189.1352306382669|24493&4&2052.8722600682454|24500&4&195.18047418263302,2|24402&4&31.6143192481609|24407&4&768.4469002040248|24410&4&2570.3640002818192|24416&4&223.61125546047631|24421&4&534.2500091671607|24429&4&2972.481862189149|24446&4&226.98176567290207|24450&4&2423.549128275456|24470&4&137.1184285749638|24476&4&1165.3317346806164|24482&4&1991.085047123664|24488&4&0.0,2|24397&4&219.0850145986179|24405&4&105.35835736374983|24431&4&3158.1164470539907|24432&4&1390.3720883780156|24441&4&113.80008957624203|24445&4&466.76003910652366|24447&4&6.140804436075376|24451&4&1875.2357612658382|24453&4&125.04943432439404|24487&4&97.05269373302048|24490&4&137.7207691295367|24492&4&5.725847871916239|24507&4&290.4399812496912,2|24397&4&196.78870278054194|24405&4&110.88762829329812|24406&4&172.69792814254956|24409&4&2340.0176057457925|24412&4&42.53141452063156|24413&4&1102.104429710734|24415&4&216.78833808033653|24416&4&1565.2366283101367|24422&4&142.18152639622258|24426&4&1573.5559806269475|24428&4&1780.8845626851748|24434&4&2144.446993744577|24448&4&661.8249002746128|24452&4&356.7562858546351|24453&4&2654.1624450540958|24464&4&244.19711536205978|24479&4&978.7140667711577|24495&4&811.4454752969411,2|24397&4&434.660402977135|24400&4&1679.8553901270277|24417&4&1337.3227848289218|24418&4&1494.6858595229298|24423&4&3220.328828061737|24430&4&1514.6976303343413|24440&4&148.8963328330912|24445&4&607.2997940448367|24446&4&1845.0524958650776|24452&4&2343.9506406553583|24455&4&1227.4598594826614|24460&4&1957.453977680025|24468&4&700.7988340536544|24470&4&242.58614103224429|24473&4&567.4882747947324|24474&4&9.297833943931362|24479&4&168.91623361449797|24489&4&1093.8588936850429|24493&4&72.1455413306492|24495&4&22.050599829485453|24496&4&3.0230063210057296|24505&4&17.998013331659866,2|24400&4&79.22230735029717|24412&4&218.07352344565695|24414&4&327.1066839980894|24415&4&635.6947089685109|24421&4&187.49288698607552|24436&4&1969.0726625406965|24437&4&1360.9177149480888|24438&4&1226.020948431535|24449&4&1985.1010014058206|24451&4&273.8147486750618|24453&4&95.38797165725046|24454&4&1428.6093947652855|24472&4&17.49979832562904|24476&4&2005.8833203186207|24483&4&1547.6534319138195|24484&4&1983.619611008802|24486&4&1339.5935023623351|24491&4&40.51546638759851|24496&4&142.30488112722438
253|4,130,1,1,1,1,1,1,1,1,1,1,1,1,1,1,1,1,1,1,1,1,1,1,1,1,1,1,1,1,1,1,1,1,1,1,1,1,1,1,1,1,1,1,1,1,1,1,1,1,1,1,1,1,1,1,1,1,1,1,1,1,1,1,1,1,1,1,1,1,1,1,1,1,1,1,1,1,1,1,1,1,1,1,1,1,1,1,1,1,1,1,1,1,1,1,1,1,1,1,1,1,0,0,0,0,0,0,0,0,0,0,0,0,0,0,0,0,0,0,0,0,2|24406&4&1317.2410530552966|24412&4&1183.4663765866276|24414&4&768.5767706837453|24419&4&2044.6426152654342|24420&4&491.3357683765766|24440&4&1535.456758615733|24444&4&935.2705317467689|24459&4&78.627350688723|24471&4&1082.6019064638992|24477&4&2398.2044858384525|24478&4&366.574083648468|24481&4&80.30773842564437|24488&4&0.0|24500&4&316.73196957203515|24507&4&51.068616472884244|24511&4&831.4786029034642,2|24401&4&564.4953825588755|24402&4&1103.2558746552786|24408&4&535.028663395911|24412&4&82.78431115158367|24415&4&447.6956650508087|24423&4&406.42550004799887|24425&4&4.5688364912166906|24436&4&54.81931018860314|24440&4&203.4421683629041|24460&4&55.16134800588975|24464&4&376.8457165296952|24475&4&381.4419560184471|24480&4&1562.138215883587|24485&4&1690.4568861985215|24486&4&970.1430132539067|24489&4&976.1520354884362|24500&4&276.11071552879713,2|24403&4&448.0455238004071|24405&4&1516.6294429738468|24408&4&265.1837340001029|24412&4&227.62934478834998|24424&4&1955.1421368458093|24435&4&1898.4704815781488|24461&4&1870.0213165245125|24462&4&1209.8419948453763|24472&4&1339.424138936119|24478&4&876.2223961284835|24484&4&1293.3264383233295|24494&4&24.124888304350257|24498&4&229.16651905618667,2|24418&4&301.3113323668706|24427&4&1649.6961064912257|24430&4&-3.552713678800501E-14|24434&4&420.2167327953158|24439&4&1168.5207180317711|24443&4&2361.562303455022|24445&4&371.9423181761343|24447&4&16.226001898838298|24461&4&944.2436044666183|24466&4&0.0|24468&4&864.98738372038|24477&4&138.0116520779227,2|24397&4&11.217473167511608|24399&4&4300.579521360923|24400&4&570.8840790098939|24408&4&212.34598658737266|24417&4&198.71789301319473|24433&4&947.4036922050676|24440&4&461.3970754175987|24441&4&465.79844387353626|24456&4&302.4000911823282|24459&4&1169.6354688864803|24463&4&563.9183586007019|24467&4&257.3720962020174|24473&4&767.6088758562286|24475&4&197.8316752732348|24479&4&2575.8035158059565|24491&4&1443.7476178959214|24493&4&1868.6705405468797|24500&4&156.8857948986008,2|24402&4&15.807159624080414|24407&4&694.1353974901732|24410&4&2665.6934591210565|24416&4&0.0|24421&4&480.98571542995296|24429&4&2697.511665999964|24444&4&229.27054404321882|24446&4&169.35096363898208|24450&4&2362.323539747062|24470&4&107.47804578866953|24476&4&1012.7675388681046|24482&4&2113.8103247876647,2|24397&4&193.20095205380784|24405&4&93.65187321222209|24431&4&3303.5849359898284|24432&4&1645.0907987122057|24441&4&239.01106520906993|24445&4&434.0534625766902|24447&4&5.458492832067002|24451&4&1935.042931745913|24453&4&118.79696260817434|24487&4&104.43694248068586|24490&4&129.2990909140375|24492&4&31.4935738324909|24507&4&256.24692747806705,2|24397&4&168.67603095475022|24405&4&88.06851288629632|24406&4&130.16502640821545|24409&4&2142.6623031851605|24412&4&14.403964339989411|24413&4&1104.110054375511|24415&4&722.0503656318851|24416&4&0.0|24422&4&159.8177374382713|24426&4&1465.408185259409|24428&4&1760.4089706502566|24434&4&2137.413180315028|24448&4&606.720984304856|24452&4&302.7562583292226|24453&4&2454.9793460893284|24464&4&212.46173006234807|24479&4&865.9017262924554|24495&4&762.1786806145747,2|24397&4&406.22358089009344|24400&4&1774.422609385516|24417&4&1148.2776145105413|24418&4&1770.3873354362768|24423&4&3648.4683059495283|24430&4&1965.1487717460834|24440&4&101.57911136361238|24445&4&507.4043311345384|24446&4&1775.4521941311182|24452&4&2478.4384829052788|24455&4&1143.243886533718|24460&4&1804.2031835148548|24468&4&595.3640741930153|24470&4&242.87838160219852|24473&4&780.134638784539|24474&4&8.716719322435653|24479&4&120.50300513600362|24489&4&986.0373554961315|24493&4&45.49457531905722|24495&4&6.379949245925343|24496&4&6.337197761289213|24505&4&14.05314653813157,2|24400&4&34.05212761501042|24412&4&202.52342270184565|24414&4&291.0387418071835|24415&4&594.6598101822144|24421&4&175.81778992844647|24436&4&1767.9548611030702|24437&4&1275.3299963836137|24438&4&1362.123579129708|24449&4&1840.9829680627856|24451&4&184.60297240471027|24453&4&61.275603483624565|24454&4&1336.7950659309565|24472&4&2.1316282072803006E-14|24476&4&2382.156353731486|24483&4&1845.23485562624|24484&4&1873.7790264841908|24486&4&1186.6452167418659|24491&4&13.423957040366973|24496&4&122.43050731217743
254|4,130,1,1,1,1,1,1,1,1,1,1,1,1,1,1,1,1,1,1,1,1,1,1,1,1,1,1,1,1,1,1,1,1,1,1,1,1,1,1,1,1,1,1,1,1,1,1,1,1,1,1,1,1,1,1,1,1,1,1,1,1,1,1,1,1,1,1,1,1,1,1,1,1,1,1,1,1,1,1,1,1,1,1,1,1,1,1,1,1,1,1,1,1,1,1,1,1,1,1,1,1,0,0,0,0,0,0,0,0,0,0,0,0,0,0,0,0,0,0,0,0,2|24406&4&1534.7009884737581|24412&4&1110.7376029263567|24414&4&718.9483013649045|24419&4&1868.2624162554619|24420&4&529.7675883323973|24440&4&1736.6051699778018|24444&4&847.7584054932605|24459&4&46.0663520112131|24471&4&1205.3724490914417|24477&4&2187.231315370273|24478&4&273.56001445306765|24481&4&0.0|24500&4&298.4796958760712|24507&4&47.14026135958545|24511&4&754.1316800052092,2|24401&4&521.7661435314858|24402&4&1269.9078340207798|24408&4&499.77442468869793|24411&4&79.26770896216266|24412&4&452.59406575550213|24415&4&379.9857963503656|24423&4&309.5827011916362|24425&4&4.3283714127316015|24436&4&51.393103301815444|24440&4&172.5265576690211|24460&4&133.33881376026343|24464&4&356.8806770076282|24475&4&357.1049028201343|24480&4&1585.823210633171|24485&4&1933.0625035337464|24486&4&913.0036732087565|24489&4&921.2512857574665|24491&4&211.2915402567794|24500&4&244.72708034495304,2|24403&4&408.710672079666|24405&4&1405.7767284606543|24408&4&232.27826554936803|24412&4&178.90152210564156|24424&4&1790.6167358283674|24435&4&1709.2352782836513|24461&4&2086.5330577025106|24462&4&1289.3606065041486|24472&4&1269.7097668968036|24478&4&813.5864845799774|24484&4&1126.349147405513|24494&4&22.8551573409634|24498&4&298.7974410234118,2|24418&4&229.1006859241931|24427&4&2044.3304425187607|24434&4&262.3042591867495|24435&4&250.52389743122433|24439&4&1393.0563465106368|24443&4&2413.068065692437|24445&4&525.1235882538053|24447&4&15.144268438915745|24461&4&789.4371276521882|24468&4&816.8352346950887|24477&4&131.11106947402655,2|24397&4&-3.907985046680551E-14|24399&4&4043.8028166058484|24400&4&482.1109517831444|24408&4&199.8248703006404|24417&4&494.13329690980856|24433&4&1046.4620132828459|24440&4&419.34791642711593|24441&4&0.0|24456&4&281.48085481602607|24459&4&1459.5502846856052|24463&4&518.9255216450989|24467&4&482.36748456406855|24473&4&646.3613759943219|24475&4&166.40175756532278|24479&4&2413.323671792527|24491&4&1345.71964482011|24493&4&1815.1790720667736|24500&4&118.59111561456864,2|24402&4&-3.552713678800501E-15|24407&4&619.8238947763216|24410&4&2416.1069669644075|24421&4&427.7214216927452|24429&4&2422.5414698107784|24444&4&385.1682478804002|24446&4&111.72016160506207|24450&4&2270.1666414342444|24470&4&79.20200899584601|24476&4&879.8576852042363|24482&4&1919.8804085815625,2|24397&4&167.3168895089978|24405&4&81.94538906069434|24431&4&3227.7665574993944|24432&4&1804.71559241409|24441&4&0.0|24445&4&401.34688604685675|24447&4&4.776181228058627|24451&4&2133.5453403987135|24453&4&676.2461817662388|24487&4&97.3704172823222|24490&4&120.87741269853825|24492&4&29.88875909943522|24507&4&224.68225663358325,2|24397&4&140.5633591289585|24405&4&65.24939747929452|24406&4&96.96771772292917|24409&4&1898.7905124712008|24412&4&5.3290705182007514E-14|24413&4&1405.8975566986965|24415&4&725.8466040744942|24422&4&245.11826613918873|24426&4&1357.2603898918703|24428&4&1803.9326274751154|24434&4&2532.085382233339|24448&4&552.3755689112288|24452&4&253.88981815623893|24453&4&2255.796247124561|24464&4&180.72634476263633|24479&4&753.0893858137529|24495&4&1054.3050919289828,2|24397&4&694.1837653858615|24400&4&1961.2404005802136|24417&4&971.7520852800837|24418&4&1970.3195565483522|24423&4&3780.395150780878|24430&4&2247.692991371073|24440&4&69.03255438334506|24445&4&427.35350676524195|24446&4&1876.0790504472147|24452&4&2347.585444608826|24455&4&1059.0279135847745|24460&4&1650.9523893496846|24468&4&496.65966506345865|24470&4&363.51333206641266|24473&4&994.9717321068371|24474&4&0.0|24479&4&77.24991038519764|24489&4&883.100135611666|24493&4&18.843609307465243|24495&4&3.730349362740526E-14|24496&4&5.904632900039425|24505&4&11.710955448442963,2|24400&4&9.141635103892838|24412&4&186.97332195803435|24414&4&254.9707996162776|24415&4&553.6249113959179|24421&4&164.14269287081743|24436&4&1566.837059665444|24437&4&1186.455687114871|24438&4&1465.008245567218|24449&4&1896.5607635193442|24451&4&104.64783092825911|24453&4&27.163235309998612|24454&4&1553.8353818598125|24476&4&2239.898875144777|24483&4&2123.6115623993064|24484&4&1763.9384419595801|24486&4&1040.0236511605824|24491&4&0.4260931651606634|24496&4&102.55613349713049
255|4,130,1,1,1,1,1,1,1,1,1,1,1,1,1,1,1,1,1,1,1,1,1,1,1,1,1,1,1,1,1,1,1,1,1,1,1,1,1,1,1,1,1,1,1,1,1,1,1,1,1,1,1,1,1,1,1,1,1,1,1,1,1,1,1,1,1,1,1,1,1,1,1,1,1,1,1,1,1,1,1,1,1,1,1,1,1,1,1,1,1,1,1,1,1,1,1,1,1,1,1,1,0,0,0,0,0,0,0,0,0,0,0,0,0,0,0,0,0,0,0,0,2|24406&4&1418.0534502351454|24412&4&1038.0088292660855|24414&4&669.3198320460637|24419&4&1694.7095048694853|24420&4&512.6297847283172|24440&4&1740.7785969085548|24444&4&766.0189384499|24459&4&26.234725219289988|24465&4&0.0|24471&4&1296.0553819648856|24477&4&1980.1590847191655|24478&4&182.39789529512603|24500&4&280.2274221801073|24507&4&43.21190624628666|24511&4&815.7298585661292,2|24401&4&555.4536373988055|24402&4&1321.620379641815|24408&4&464.5201859814849|24411&4&75.30432351405453|24412&4&887.9994451439125|24415&4&323.44792645548256|24423&4&230.00192862405314|24425&4&4.0879063342465125|24426&4&1.4465900696914105|24436&4&365.30013967751125|24440&4&141.610946975138|24450&4&104.71601462731485|24460&4&182.96050619429758|24464&4&336.9156374855612|24473&4&722.6921301786563|24475&4&332.76784962182154|24480&4&1953.264959569748|24485&4&2191.976242086123|24486&4&855.864333163606|24489&4&1059.1776433807513|24491&4&272.6393835326219|24500&4&213.34344516110897,2|24403&4&376.7166824251095|24405&4&1294.9240139474618|24408&4&199.37279709863316|24412&4&130.17369942293317|24424&4&1695.9639548999783|24435&4&1520.0000749891537|24461&4&1950.030786864903|24462&4&1309.4895236017671|24472&4&1706.1620452738875|24478&4&750.9505730314714|24484&4&959.3718564876962|24494&4&331.05958767638083|24498&4&322.44853551833825,2|24418&4&168.84727298273617|24427&4&2016.0101788249958|24434&4&138.6260209343969|24435&4&237.9977025596631|24439&4&1709.877620289653|24443&4&2176.6524275244615|24445&4&538.6734066156148|24447&4&14.062534978993192|24461&4&646.7473091859215|24468&4&976.0204449331902|24477&4&145.17253285607086,2|24399&4&4242.568971775759|24400&4&393.33782455639493|24408&4&187.3037540139082|24417&4&1484.4779079935986|24433&4&1004.3940642937134|24440&4&377.2987574366332|24456&4&260.56161844972394|24459&4&1340.9172864601667|24463&4&473.93268468949594|24467&4&792.1172654491096|24473&4&532.3248640818683|24475&4&134.97183985741083|24479&4&2250.843827779097|24491&4&1247.6916717442982|24493&4&2027.3837090281324|24500&4&80.29643633053647,2|24407&4&725.825088564608|24410&4&2178.0645294071255|24421&4&374.45712795553743|24429&4&2658.2182052924986|24444&4&365.33665912627214|24446&4&69.60558343053353|24450&4&2088.4650155859154|24470&4&50.9259722030225|24476&4&746.9478315403683|24482&4&1806.8478720501007,2|24397&4&141.43282696418777|24405&4&70.23890490916659|24431&4&2955.0220423439714|24432&4&2260.9663927199726|24441&4&157.35100250954213|24445&4&368.64030951702335|24447&4&4.093869624050253|24451&4&2589.816650013123|24453&4&692.8743003467864|24478&4&427.6653757400063|24487&4&90.30389208395852|24490&4&112.45573448303901|24492&4&28.283944366379536|24507&4&193.1175857890995,2|24397&4&112.45068730316677|24405&4&45.82333530843678|24406&4&75.72619757004324|24409&4&2190.0499079693554|24413&4&1364.7984722542399|24415&4&687.180078569229|24422&4&409.1430313207478|24426&4&1249.112594524332|24428&4&1766.2624872662802|24434&4&3076.539560089045|24448&4&614.8672872014831|24452&4&209.2393036207693|24453&4&2056.6131481597927|24464&4&149.5680644782097|24479&4&640.2770453350505|24495&4&1185.0025012884048,2|24397&4&808.9998855307058|24400&4&2006.1131114646246|24417&4&817.769760095681|24418&4&1833.8040055065062|24423&4&3516.212506434545|24430&4&2338.9657992820094|24440&4&39.31301157182469|24445&4&351.02124004384865|24446&4&1726.7242644236553|24452&4&2379.266634179903|24455&4&974.8119406358309|24460&4&1497.7015951845146|24468&4&397.9552559339021|24470&4&340.30699420304904|24473&4&938.3597095768965|24479&4&37.875156434383435|24489&4&789.137408236551|24493&4&-1.3500311979441904E-13|24496&4&5.4720680387896365|24505&4&9.368764358754369,2|24400&4&0.0|24412&4&171.42322121422302|24414&4&218.90285742537174|24415&4&512.5900126096215|24421&4&155.5881600078976|24436&4&1365.7192582278174|24437&4&1099.0898140392248|24438&4&1403.5629095138102|24449&4&1898.7961351330464|24451&4&44.66545033707754|24453&4&1.0658141036401503E-13|24454&4&1496.145128532599|24476&4&2097.641396558068|24483&4&2028.6648545207097|24484&4&1654.0978574349692|24486&4&893.402085579299|24491&4&2.9976021664879227E-15|24496&4&82.68175968208355
256|4,130,1,1,1,1,1,1,1,1,1,1,1,1,1,1,1,1,1,1,1,1,1,1,1,1,1,1,1,1,1,1,1,1,1,1,1,1,1,1,1,1,1,1,1,1,1,1,1,1,1,1,1,1,1,1,1,1,1,1,1,1,1,1,1,1,1,1,1,1,1,1,1,1,1,1,1,1,1,1,1,1,1,1,1,1,1,1,1,1,1,1,1,1,1,1,1,1,1,1,1,1,0,0,0,0,0,0,0,0,0,0,0,0,0,0,0,0,0,0,0,0,2|24406&4&1301.4059119965327|24412&4&965.2800556058145|24414&4&619.6913627272228|24419&4&1807.1053867180417|24420&4&461.62216506296437|24440&4&1640.9586034071804|24444&4&684.2794714065395|24459&4&6.40309842736695|24471&4&1364.7137320721126|24477&4&1773.086854068058|24478&4&122.73257597644772|24500&4&261.97514848414335|24507&4&39.28355113298787|24511&4&733.976877972379,2|24401&4&511.3614596748853|24402&4&1335.1755940038186|24408&4&429.26594727427175|24411&4&71.3409380659464|24412&4&1018.0600906231339|24415&4&266.91005656059946|24417&4&339.057065777612|24423&4&154.31509268537604|24425&4&3.8474412557614235|24426&4&1.37426056620684|24436&4&1093.980726600968|24440&4&110.69533628125497|24450&4&119.10416205563425|24460&4&308.1280279145554|24464&4&316.95059796349426|24473&4&686.5575236697234|24475&4&378.4000325311272|24480&4&2152.8076125199414|24485&4&2646.543007340075|24486&4&798.7249931184558|24489&4&1172.460434096801|24491&4&356.42711582693744|24500&4&181.9598099772649,2|24403&4&344.72269277055307|24405&4&1184.0712994342693|24408&4&166.4673286478983|24412&4&95.06010940720401|24424&4&1544.939458431285|24435&4&1330.7648716946562|24461&4&1813.5285160272952|24462&4&1395.9253857012848|24472&4&1955.4069981036168|24478&4&688.3146614829654|24484&4&799.2125376770925|24494&4&410.55192746157206|24498&4&343.163007560954,2|24418&4&121.58297908963263|24424&4&30.06259727181009|24427&4&1825.307026978032|24434&4&53.88708859101496|24435&4&251.79872309144622|24439&4&1663.993763238952|24443&4&2372.3698720124794|24445&4&531.6690601991817|24447&4&12.980801519070639|24461&4&504.05749071965465|24468&4&1039.472379690538|24477&4&137.2238479528777,2|24399&4&4002.333423687801|24400&4&304.5646973296454|24408&4&174.78263772717597|24417&4&1408.4970448824845|24433&4&1223.3458100800826|24440&4&335.24959844615034|24456&4&239.6423820834218|24459&4&1616.8738502730234|24463&4&428.93984773389286|24467&4&1112.359574326817|24473&4&449.23076172735284|24475&4&103.54192214949884|24479&4&2280.153527772177|24491&4&1149.6636986684866|24493&4&1816.4993835029645|24500&4&51.34896317713508,2|24407&4&1238.000400099263|24410&4&2045.9951249925507|24421&4&324.55326044958844|24429&4&2880.5577254093614|24444&4&345.5050703721441|24446&4&31.67873794835451|24450&4&1906.763389737587|24470&4&35.508780218500924|24476&4&614.0379778765002|24482&4&2159.628852082337,2|24397&4&115.5487644193777|24405&4&58.53242075763884|24421&4&83.5670196738262|24431&4&2711.44468138163|24432&4&2495.9610963921195|24441&4&200.6141198726975|24445&4&335.93373298718996|24447&4&3.4115580200418782|24451&4&2958.380286743198|24453&4&1001.4323715033933|24478&4&676.3019806761338|24487&4&83.23736688559487|24490&4&527.3245617481492|24492&4&26.679129633323853|24507&4&161.55291494461576,2|24397&4&84.33801547737505|24405&4&28.272686180287423|24406&4&56.57648537174575|24409&4&2964.8876796801032|24413&4&1380.6084962311859|24415&4&648.5135530639635|24422&4&369.98093733873844|24426&4&1146.8942290923533|24428&4&1824.833152630004|24434&4&3421.6205688823047|24448&4&563.3354651235882|24452&4&172.29395919961124|24453&4&1857.4300491950248|24464&4&118.40978419378304|24479&4&527.4647048563481|24495&4&1080.659540816056,2|24397&4&756.7895734864725|24400&4&1976.0794662262263|24404&4&0.0|24417&4&691.6308947493555|24418&4&1709.0943144388623|24423&4&3252.029862088213|24430&4&2187.0998739909846|24440&4&22.246564965679816|24445&4&274.68897332245535|24446&4&2053.1963906808187|24452&4&2306.5574997384174|24455&4&890.5959676868873|24460&4&1344.7830896071705|24468&4&313.60255968305773|24470&4&484.61246310825516|24473&4&881.747687046956|24479&4&-3.410605131648481E-13|24489&4&699.6657528732568|24496&4&5.039503177539848|24505&4&7.026573269065774,2|24412&4&155.87312047041172|24414&4&182.83491523446583|24415&4&471.5551138233251|24421&4&143.75703474053307|24436&4&1178.4280040900228|24437&4&1013.4372726302671|24438&4&1300.11119281379|24449&4&1746.325584648015|24451&4&11.168248701163742|24454&4&1563.0152698872357|24476&4&1955.3839179713593|24483&4&1836.2364498508036|24484&4&1812.2698774432674|24486&4&753.401944071843|24496&4&62.807385867036615
257|4,130,1,1,1,1,1,1,1,1,1,1,1,1,1,1,1,1,1,1,1,1,1,1,1,1,1,1,1,1,1,1,1,1,1,1,1,1,1,1,1,1,1,1,1,1,1,1,1,1,1,1,1,1,1,1,1,1,1,1,1,1,1,1,1,1,1,1,1,1,1,1,1,1,1,1,1,1,1,1,1,1,1,1,1,1,1,1,1,1,1,1,1,1,1,1,1,1,1,1,1,1,0,0,0,0,0,0,0,0,0,0,0,0,0,0,0,0,0,0,0,0,2|24406&4&1184.75837375792|24412&4&892.5512819455433|24414&4&570.0628934083821|24419&4&2126.523486200662|24420&4&628.4353806509798|24440&4&1630.8242647449015|24444&4&607.0083503037451|24459&4&-3.019806626980426E-14|24471&4&1496.860496114725|24477&4&1575.4363613298872|24478&4&76.13030175838537|24500&4&243.72287478817938|24507&4&35.355196019689075|24511&4&655.7242691586158,2|24401&4&467.269281950965|24402&4&1208.057739671318|24408&4&542.8506217018407|24411&4&67.37755261783828|24412&4&1067.4858545407546|24415&4&210.37218666571636|24417&4&322.10421248873143|24423&4&95.2754256765817|24425&4&3.6069761772763345|24426&4&1.3019310627222693|24436&4&1166.847965490439|24440&4&79.77972558737191|24450&4&281.04988114633016|24460&4&437.34198055926925|24464&4&296.9855584414273|24473&4&758.8923419049108|24475&4&350.5645175274335|24480&4&1988.8229209567126|24485&4&2390.655641010406|24486&4&741.5856530733055|24489&4&1099.027084207382|24491&4&390.18422549225346|24500&4&150.57617479342082,2|24403&4&312.72870311599667|24405&4&1073.218584921077|24408&4&133.56186019716347|24412&4&71.5314031983182|24424&4&1395.9448438111667|24435&4&1145.3399554507391|24461&4&2320.50675014435|24462&4&1361.2196267089541|24472&4&1911.582949046433|24478&4&625.6787499344593|24484&4&639.053218866489|24494&4&514.3948824868069|24498&4&313.46174004229204,2|24418&4&74.31868519652917|24422&4&1.0052587829049457|24424&4&28.559467408219586|24427&4&1634.6038751310678|24434&4&16.250337096697052|24435&4&390.7699347083816|24439&4&1696.4697642463816|24443&4&2738.641471775767|24445&4&550.4067776068428|24447&4&0.0|24461&4&361.3676722533879|24468&4&1090.536143860733|24475&4&153.80366649329636|24477&4&537.9026500247289|24495&4&97.8835351940458,2|24399&4&4040.6705469089147|24400&4&219.04264265801768|24408&4&162.26152144044374|24417&4&1332.5161817713704|24433&4&1507.8341468801736|24440&4&293.20043945566755|24456&4&218.72314571711968|24459&4&1551.3961497603113|24463&4&383.9470107782899|24467&4&1484.0294743812633|24473&4&368.2114946439766|24475&4&72.11200444158686|24479&4&2108.084206558422|24491&4&1065.7537693508234|24493&4&1605.6150579777964|24500&4&22.40149002373374,2|24407&4&1183.4433253214813|24410&4&2163.671868655222|24421&4&274.64939294363944|24429&4&3227.728593579672|24444&4&325.673481618016|24446&4&10.851817561517898|24450&4&1725.0617638892584|24470&4&20.781288656854283|24476&4&484.06365525791983|24482&4&2552.0075584984743,2|24397&4&89.66470187456765|24405&4&46.825936606111085|24421&4&119.95950873034812|24431&4&2597.807632838546|24432&4&2277.7732414466086|24441&4&312.0541722947886|24445&4&303.2271564573565|24447&4&0.0|24451&4&2745.0522074939577|24453&4&1442.6091480719288|24478&4&881.4333236331347|24479&4&287.2545661955762|24487&4&0.0|24490&4&891.1790831070574|24492&4&25.074314900268174|24507&4&134.4414704162864,2|24397&4&56.22534365158334|24405&4&12.321525748142612|24406&4&37.42677317344827|24409&4&3568.28099575285|24413&4&1264.4735196373754|24415&4&609.8470275586983|24422&4&340.9992539978334|24426&4&1044.675863660375|24428&4&1663.8379014108734|24434&4&3853.8501763627664|24437&4&218.92468470626|24448&4&594.5520434569169|24452&4&135.3486147784532|24453&4&1658.246950230257|24464&4&87.25150390935639|24479&4&414.6523643776457|24495&4&980.1048210555662,2|24397&4&704.5792614422392|24400&4&2408.2123906380157|24417&4&573.9316610154065|24418&4&1854.3736480175169|24423&4&3151.432042918665|24430&4&2330.1337806786046|24440&4&5.180118359535033|24445&4&198.35670660106206|24446&4&1984.4096563306712|24452&4&2182.224438081257|24455&4&806.3799947379439|24460&4&1208.384476352203|24468&4&245.04159018907018|24470&4&453.03053490646306|24473&4&825.1356645170154|24486&4&282.5189501513578|24489&4&610.1940975099626|24496&4&173.65163232238837|24505&4&4.684382179377179,2|24412&4&140.32301972660042|24414&4&146.76697304355997|24415&4&430.5202150370286|24421&4&131.92590947316856|24436&4&1011.6332195719875|24437&4&929.8489086488362|24438&4&1196.6594761137696|24449&4&1593.8550341629837|24451&4&7.460698725481052E-14|24454&4&1440.5384260213984|24476&4&2086.336523183843|24483&4&2329.5570716966395|24484&4&2352.726998397808|24486&4&625.6545814364874|24496&4&42.93301205198968
258|4,130,1,1,1,1,1,1,1,1,1,1,1,1,1,1,1,1,1,1,1,1,1,1,1,1,1,1,1,1,1,1,1,1,1,1,1,1,1,1,1,1,1,1,1,1,1,1,1,1,1,1,1,1,1,1,1,1,1,1,1,1,1,1,1,1,1,1,1,1,1,1,1,1,1,1,1,1,1,1,1,1,1,1,1,1,1,1,1,1,1,1,1,1,1,1,1,1,1,1,1,1,0,0,0,0,0,0,0,0,0,0,0,0,0,0,0,0,0,0,0,0,2|24406&4&1068.1108355193073|24412&4&819.8225082852723|24414&4&520.4344240895414|24419&4&2348.9024234504045|24420&4&837.1187399476964|24440&4&1840.7884661973505|24444&4&541.4340834193895|24471&4&1405.735498599474|24477&4&1394.7561169954733|24478&4&39.275509105479514|24500&4&225.47060109221545|24507&4&31.426840906390286|24511&4&699.2654979595951,2|24401&4&438.3833891028142|24402&4&1189.3104475014713|24408&4&500.15443733788857|24411&4&197.6702973233451|24412&4&1332.913540570185|24415&4&166.56646706916723|24417&4&718.8922487495744|24423&4&51.47272690562363|24425&4&3.3665110987912454|24426&4&1.2296015592376988|24436&4&1314.6820294748977|24440&4&48.86411489348885|24450&4&266.4247471454779|24460&4&932.5974780621661|24464&4&277.02051891936037|24473&4&863.8346692444454|24475&4&322.72900252373984|24480&4&1826.352411023272|24485&4&2334.2757222480814|24486&4&684.4463130281551|24489&4&1025.5937343179626|24491&4&368.48589573846755|24500&4&119.19253960957674,2|24403&4&280.73471346144026|24405&4&962.3658704078847|24408&4&108.6803226884915|24412&4&48.94611482226935|24424&4&1246.9502291910483|24435&4&968.5741403046922|24458&4&44.198976152068795|24461&4&3061.067505468356|24462&4&1253.040511680822|24472&4&1774.9088379774137|24478&4&563.0428383859532|24484&4&486.0455357717498|24494&4&486.56974536809196|24498&4&283.7604725236301,2|24418&4&33.97131578522674|24422&4&0.9549958437596985|24424&4&90.28636861168175|24427&4&1790.631300323267|24434&4&288.5457525495067|24435&4&974.2735201341367|24439&4&1557.8086894210066|24443&4&2797.7629020328177|24445&4&1172.7407240313255|24461&4&242.89927780059756|24468&4&1020.1345128476846|24475&4&290.12963396625327|24477&4&1218.479629626085|24495&4&420.68298128232595,2|24399&4&4179.356583728767|24400&4&161.18003742045764|24408&4&149.7404051537115|24417&4&1256.5353186602563|24433&4&1711.9825064986394|24440&4&251.15128046518478|24456&4&197.80390935081755|24459&4&1409.3894346422258|24463&4&338.9541738226869|24467&4&1675.7390130738586|24473&4&291.9041673640588|24475&4&53.08519567517916|24479&4&1936.0148853446667|24491&4&983.6912649909181|24493&4&1530.0379034535904|24500&4&7.4965382642405105,2|24407&4&1086.5447407147847|24410&4&2237.8712918198894|24421&4&228.9414960079297|24429&4&3239.3255438733186|24444&4&305.84189286388795|24446&4&-6.750155989720952E-14|24450&4&1544.9163720107301|24470&4&6.053797095207645|24476&4&375.6511595340439|24482&4&2431.720123207363,2|24397&4&63.780639329757605|24405&4&35.11945245458333|24421&4&113.75261574464616|24431&4&2395.7284198689117|24432&4&2427.316913291237|24441&4&295.5368819987799|24445&4&270.52057992752304|24451&4&2491.748823245081|24453&4&2002.6842777283036|24478&4&1162.3669898230378|24479&4&907.8854496819306|24490&4&841.9208433751057|24492&4&23.46950016721249|24507&4&111.70148932516884,2|24397&4&28.112671825791622|24405&4&-8.171241461241152E-14|24406&4&18.277060975150782|24409&4&3934.079927032012|24413&4&1148.3385430435653|24415&4&571.180502053433|24422&4&315.07914104470404|24426&4&942.4574982283966|24428&4&1666.3359787262993|24434&4&3525.1526455257986|24437&4&255.62290747641464|24448&4&698.7991787650441|24452&4&98.40327035729516|24453&4&1459.0638512654896|24464&4&56.09322362492975|24479&4&301.8400238989433|24495&4&885.7381988787994,2|24397&4&726.4916744012977|24400&4&2515.303134875946|24404&4&27.58812535831578|24417&4&472.24666498252344|24418&4&1971.1340019480035|24423&4&3306.267847048719|24430&4&2146.9718571797357|24440&4&0.0|24442&4&647.8044600293389|24445&4&126.7056628070999|24446&4&2023.3955528346364|24452&4&2379.3982103811513|24455&4&722.1640217890002|24460&4&1071.9858630972353|24468&4&193.32208071349783|24470&4&595.1116775884657|24473&4&768.5236419870749|24474&4&53.78676673327083|24486&4&599.4440099139638|24489&4&520.7224421466684|24496&4&422.67153618824113|24505&4&2.3421910896885842,2|24412&4&124.77291898278914|24414&4&110.69903085265406|24415&4&389.4853162507322|24421&4&120.09478420580406|24436&4&849.5937400956568|24437&4&855.6385244766562|24438&4&1093.2077594137493|24449&4&1441.3844836779522|24454&4&1520.951828210324|24476&4&2077.9602428568423|24483&4&2921.681459974836|24484&4&2267.870120749329|24486&4&508.7044476454184|24496&4&23.05863823694274
259|4,130,1,1,1,1,1,1,1,1,1,1,1,1,1,1,1,1,1,1,1,1,1,1,1,1,1,1,1,1,1,1,1,1,1,1,1,1,1,1,1,1,1,1,1,1,1,1,1,1,1,1,1,1,1,1,1,1,1,1,1,1,1,1,1,1,1,1,1,1,1,1,1,1,1,1,1,1,1,1,1,1,1,1,1,1,1,1,1,1,1,1,1,1,1,1,1,1,1,1,1,1,0,0,0,0,0,0,0,0,0,0,0,0,0,0,0,0,0,0,0,0,2|24406&4&1025.2931885234918|24412&4&747.093734625001|24414&4&470.80595477070057|24419&4&2211.7346903300486|24420&4&926.0398614047776|24440&4&2050.463487273956|24444&4&482.4131291938863|24465&4&100.49593179553267|24471&4&1527.4090373920553|24477&4&1231.272739358208|24478&4&13.85558925564685|24500&4&207.2183273962515|24507&4&27.498485793091497|24511&4&623.5269506542472,2|24401&4&395.8939384975298|24402&4&1321.2591219965316|24408&4&457.45825297393645|24411&4&649.988569551918|24412&4&1256.917795064318|24415&4&122.76074747261802|24417&4&681.2523509832076|24423&4&20.289773561793034|24425&4&3.1260460203061564|24426&4&16.942379484407855|24427&4&29.25774981327413|24436&4&1240.9623713459177|24440&4&17.948504199605793|24450&4&348.2895105509011|24460&4&1215.9326860626638|24464&4&634.3406518288159|24473&4&846.7845293164842|24475&4&294.8934875200461|24480&4&1663.881901089831|24485&4&2852.164111383328|24486&4&627.3069729830048|24489&4&1278.8659219126662|24491&4&346.78756598468163|24500&4&87.80890442573266|24511&4&106.47534460661836,2|24403&4&248.7407238068838|24405&4&851.5131558946923|24408&4&89.65660575436621|24412&4&38.867288984123725|24424&4&1097.9556145709298|24435&4&813.808430418032|24458&4&41.989027344465356|24461&4&3426.9229684318034|24462&4&1135.8906708736115|24472&4&1638.2347269083941|24478&4&500.40692683744714|24483&4&519.0586216353147|24484&4&361.68938526264816|24494&4&458.74460824937705|24498&4&299.00359497481355,2|24418&4&18.95183956400807|24422&4&61.87833699277884|24424&4&506.20778527472686|24427&4&1604.1009148583294|24434&4&274.1184649220313|24435&4&1759.9354594617162|24439&4&1425.411390733861|24443&4&2548.449016050042|24445&4&1312.4049915521978|24461&4&155.67224993474332|24468&4&1130.251652481773|24475&4&303.3203768140047|24477&4&1654.2900253454134|24495&4&641.4623475462934,2|24399&4&3981.3782054799335|24400&4&119.29610922863817|24408&4&137.21928886697927|24417&4&1180.5544555491422|24433&4&1607.9117204386057|24440&4&209.10212147470202|24456&4&176.88467298451542|24459&4&1267.3827195241402|24463&4&293.9613368670839|24467&4&1935.164248447311|24473&4&219.75082654391753|24475&4&35.607688557262136|24479&4&1763.9455641309114|24491&4&901.6287606310127|24493&4&1479.2630673986653|24500&4&-1.2434497875801753E-14,2|24407&4&989.6461561080881|24410&4&2308.9762898846493|24421&4&183.23359907222004|24429&4&3047.171172283827|24444&4&286.0103041097599|24450&4&1374.8781308461946|24470&4&2.6645352591003757E-14|24476&4&271.81006581018823|24482&4&2233.8374593417157,2|24397&4&37.896576784947555|24405&4&23.412968303055578|24421&4&107.5457227589442|24431&4&2307.8742288133844|24432&4&2252.9158300045037|24434&4&234.4920641726361|24439&4&70.39173999914453|24441&4&279.0195917027712|24444&4&19.089247282402653|24445&4&237.81400339768965|24451&4&2243.193702857476|24453&4&2089.083500247475|24459&4&165.33182656418546|24478&4&1099.091011631645|24479&4&1424.8779818749288|24490&4&792.6626036431542|24492&4&21.86468543415681|24507&4&88.96150823405132,2|24397&4&-9.237055564881302E-14|24406&4&0.0|24409&4&3660.4960409414425|24413&4&1048.662271798554|24415&4&839.220274658186|24422&4&289.15902809157467|24426&4&844.365350133555|24428&4&1509.1861929230965|24434&4&3196.4551146888316|24437&4&242.29445039082827|24448&4&641.3086580605352|24452&4&67.62849254285973|24453&4&1286.873634114648|24464&4&29.060764345544648|24479&4&202.93989801187092|24495&4&802.1141409134802,2|24397&4&1104.662511489265|24400&4&2416.340090631882|24404&4&510.25191630814646|24417&4&387.7515850470768|24418&4&2039.7063284029764|24423&4&3450.482544392768|24430&4&1979.4460554094526|24442&4&615.414237027872|24445&4&72.20329804731534|24446&4&1971.1369769540916|24452&4&2386.228960780765|24455&4&637.9480488400567|24460&4&950.6738046038397|24468&4&141.6025712379255|24470&4&694.9151480116514|24473&4&711.9116194571343|24474&4&51.09742839660729|24486&4&616.4805867716502|24489&4&431.2507867833743|24496&4&0.0|24505&4&-1.0658141036401503E-14,2|24412&4&109.22281823897784|24414&4&74.63108866174818|24415&4&348.45041746443576|24421&4&108.26365893843953|24436&4&708.5688778553351|24437&4&781.4281403044762|24438&4&989.7560427137287|24449&4&1288.913933192921|24454&4&1439.8758110518388|24476&4&2314.959370743678|24483&4&2686.9842241723927|24484&4&2551.8143178857727|24486&4&409.6303801265227|24496&4&0.0
260|4,130,1,1,1,1,1,1,1,1,1,1,1,1,1,1,1,1,1,1,1,1,1,1,1,1,1,1,1,1,1,1,1,1,1,1,1,1,1,1,1,1,1,1,1,1,1,1,1,1,1,1,1,1,1,1,1,1,1,1,1,1,1,1,1,1,1,1,1,1,1,1,1,1,1,1,1,1,1,1,1,1,1,1,1,1,1,1,1,1,1,1,1,1,1,1,1,1,1,1,1,1,0,0,0,0,0,0,0,0,0,0,0,0,0,0,0,0,0,0,0,0,2|24406&4&1221.1329075917943|24412&4&674.36496096473|24414&4&727.3173260190931|24419&4&2023.8935028854996|24420&4&865.0246308954229|24440&4&1913.9611510856016|24444&4&423.39217496838313|24465&4&95.47113520575604|24471&4&1630.8580153251505|24477&4&1071.3078748420878|24478&4&-6.039613253960852E-14|24500&4&188.96605370028757|24507&4&23.570130679792708|24511&4&553.5626872504853,2|24401&4&353.40448789224536|24402&4&1573.584597017502|24408&4&414.7620686099843|24411&4&804.618414546639|24412&4&1180.922049558451|24415&4&89.03973303422866|24417&4&974.7997835391|24423&4&-1.3500311979441904E-13|24425&4&2.8855809418210674|24426&4&42.62599997600737|24427&4&73.41831770561744|24436&4&1167.2427132169378|24440&4&-1.2079226507921703E-13|24450&4&450.41164415063986|24460&4&1247.5812467845408|24464&4&595.5113536851728|24473&4&1061.092127644829|24475&4&267.05797251635244|24480&4&1782.3509878414498|24485&4&3135.116091026807|24486&4&570.1676329378545|24489&4&1293.7443504587548|24491&4&325.0892362308957|24500&4&56.425269241888586|24511&4&221.64507508604885,2|24403&4&510.73057428828537|24405&4&740.6604413814999|24408&4&70.63288882024094|24412&4&29.137988314652613|24419&4&297.94847838695944|24424&4&965.5905339569449|24429&4&567.4515341354297|24435&4&683.1617919378473|24458&4&39.77907853686192|24461&4&3390.84902701245|24462&4&1062.0124754048093|24472&4&1501.560615839375|24478&4&437.7710152889411|24483&4&735.9914292868693|24484&4&252.01932591004459|24494&4&430.9194711306622|24498&4&322.4733953383653,2|24418&4&8.677335465882646|24422&4&103.00851928650437|24424&4&480.5138514537843|24427&4&1443.0323522188542|24434&4&259.691177294556|24435&4&2163.511867084389|24439&4&1304.4729699209881|24443&4&2299.135130067265|24445&4&1580.9975146711001|24447&4&3.2046508899391473|24461&4&93.69899324615841|24468&4&1310.784597218114|24475&4&478.5342235033451|24477&4&1575.2514659058509|24495&4&608.0805784358886,2|24399&4&3828.2176304203444|24400&4&77.43751387512796|24408&4&124.69817258024703|24417&4&1104.5735924380278|24433&4&1467.3446823519546|24440&4&167.05296248421922|24456&4&155.9654366182133|24459&4&1140.692471386765|24463&4&312.2225627658029|24467&4&1965.309118511444|24473&4&154.7921820791916|24475&4&18.1301814393451|24479&4&1591.876242917156|24491&4&819.5662562711075|24493&4&1741.9768870148819,2|24407&4&892.7475715013913|24410&4&2581.8402240230034|24421&4&137.52570213651035|24429&4&2748.8566025490964|24444&4&266.1787153556318|24450&4&1204.8398896816586|24476&4&179.2300638164395|24482&4&2035.9547954760696,2|24397&4&12.01251424013751|24405&4&11.706484151527826|24421&4&101.33882977324222|24431&4&2166.913960185386|24432&4&2110.529441877699|24434&4&581.4211216455614|24439&4&341.63517526595297|24440&4&266.80111199108273|24441&4&262.50230140676246|24444&4&68.80047274995317|24445&4&205.10742686785622|24451&4&2316.7066249675913|24453&4&2169.071578435481|24459&4&475.6971926934068|24478&4&1325.731410637968|24479&4&1350.610325920714|24490&4&743.4043639112026|24492&4&20.25987070110113|24507&4&66.22152714293381,2|24409&4&3386.9121548508733|24413&4&1062.703686807461|24415&4&1074.2351446602738|24422&4&263.23891513844524|24426&4&746.2732020387133|24428&4&1362.808990148324|24434&4&2893.981052493853|24437&4&228.96599330524188|24448&4&664.6819732838317|24452&4&43.030177165555216|24453&4&1124.4078383650176|24464&4&17.505734874763284|24479&4&120.84101338908013|24495&4&727.0068027059297,2|24397&4&1338.1156664932348|24400&4&2591.635087793483|24404&4&484.67035017934336|24417&4&303.2565051116303|24418&4&2041.5083308907233|24423&4&3853.6771146240844|24430&4&1799.0150218184267|24442&4&0.0|24445&4&39.16035405986866|24446&4&2178.645892235254|24452&4&2229.713510342829|24455&4&553.732075891113|24460&4&844.5680921569169|24468&4&92.17739830801469|24470&4&740.433089925144|24473&4&655.2995969271938|24474&4&0.0|24486&4&711.1997099443913|24489&4&350.91314962084596,2|24412&4&93.67271749516655|24414&4&38.56314647084229|24415&4&307.4155186781393|24421&4&96.43253367107499|24436&4&570.5977858464638|24437&4&707.2177561322961|24438&4&886.3043260137084|24449&4&1204.6311169200444|24454&4&1654.055539520377|24476&4&2577.0494620791305|24483&4&2476.2615994740145|24484&4&2822.881308173843|24486&4&324.52987796778183
261|4,130,1,1,1,1,1,1,1,1,1,1,1,1,1,1,1,1,1,1,1,1,1,1,1,1,1,1,1,1,1,1,1,1,1,1,1,1,1,1,1,1,1,1,1,1,1,1,1,1,1,1,1,1,1,1,1,1,1,1,1,1,1,1,1,1,1,1,1,1,1,1,1,1,1,1,1,1,1,1,1,1,1,1,1,1,1,1,1,1,1,1,1,1,1,1,1,1,1,1,1,1,0,0,0,0,0,0,0,0,0,0,0,0,0,0,0,0,0,0,0,0,2|24406&4&1103.6244556916622|24412&4&601.6361873044591|24414&4&662.3818646718908|24419&4&1851.3005487140547|24420&4&804.0094003860681|24440&4&1777.4588148972473|24444&4&364.3712207428799|24465&4&90.44633861597941|24471&4&1631.594553902787|24477&4&920.3974601960987|24500&4&170.71378000432364|24507&4&19.64177556649392|24511&4&489.4887484968207,2|24401&4&367.1381886874281|24402&4&1661.623068244165|24408&4&372.06588424603206|24411&4&1049.5457617483837|24412&4&1104.9263040525839|24415&4&61.276061334864075|24417&4&1213.7906633175085|24425&4&2.6451158633359784|24426&4&104.34100978239051|24427&4&638.4621995909188|24436&4&1385.585714837323|24450&4&734.2004669513683|24460&4&1176.4508962696812|24464&4&741.3579000496723|24473&4&1240.9542156157383|24475&4&239.2224575126587|24480&4&1893.46607162492|24485&4&3183.7363331062793|24486&4&513.0282928927041|24489&4&1198.7433709296438|24491&4&303.39090647710987|24500&4&25.041634058044515|24511&4&210.2966329702299,2|24403&4&603.6777534659684|24405&4&950.178627033176|24408&4&51.609171886115675|24412&4&19.4086876451815|24414&4&610.1815249671522|24419&4&306.4423503411267|24424&4&833.2254533429598|24429&4&1031.9632408208358|24435&4&572.8534873574147|24458&4&37.56912972925848|24461&4&3489.8798903523075|24462&4&1159.4228379610508|24472&4&1365.2094058594678|24478&4&375.135103740435|24483&4&697.8942112684375|24484&4&166.71816393732246|24494&4&403.09433401194735|24498&4&356.468119920148,2|24418&4&-6.039613253960852E-14|24422&4&153.2510649225349|24424&4&456.40667732645954|24427&4&1287.0616777028197|24434&4&245.26388966708066|24435&4&2316.406244680514|24439&4&1189.8919104161887|24443&4&2789.4910614106566|24445&4&1487.1341938927617|24447&4&3.04441834544219|24461&4&49.747584587256206|24468&4&1308.034400885047|24475&4&607.5119843204229|24477&4&1485.9530760105063|24495&4&574.6988093254836,2|24399&4&3598.4018789139905|24400&4&46.184137639773255|24408&4&112.1770562935148|24416&4&354.46814994295096|24417&4&1028.5927293269137|24428&4&58.14745663080771|24433&4&1564.5163316819057|24440&4&125.00380349373644|24456&4&135.04620025191116|24459&4&1022.8666564630145|24463&4&720.2724382138149|24467&4&1843.2387646806044|24473&4&101.74394742128737|24475&4&6.898161199518222|24479&4&1419.806921703401|24489&4&117.03882766199342|24491&4&737.5037519112022|24493&4&1955.8819697599658,2|24407&4&795.8489868946947|24410&4&2677.146575089831|24421&4&91.81780520080065|24429&4&2485.5811717848082|24444&4&246.34712660150376|24450&4&1034.8016485171227|24476&4&113.420396209622|24482&4&1838.9858506525127,2|24397&4&-9.947598300641403E-14|24405&4&7.460698725481052E-14|24421&4&134.066194886932|24431&4&2539.6600142029492|24432&4&2030.1937637645394|24434&4&612.2194104734563|24439&4&324.3774371526574|24440&4&253.4610563915286|24441&4&245.98501111075373|24444&4&65.3127259942495|24445&4&172.4008503380228|24451&4&2678.7925493721614|24453&4&2466.4348461451787|24459&4&856.5290195330033|24478&4&1261.1114663287271|24479&4&1534.8876545787148|24487&4&66.16599045960804|24490&4&694.1461241792509|24492&4&18.655055968045446|24507&4&44.18981202247878,2|24409&4&3121.1871628438366|24413&4&961.645086720887|24415&4&1005.782468728865|24422&4&241.8564498672919|24426&4&653.1501607742093|24428&4&1216.4317873735515|24434&4&2591.506990298874|24437&4&215.6375362196555|24448&4&845.6421696650543|24452&4&20.54980266968755|24453&4&971.6301472534349|24464&4&5.950705403981832|24479&4&44.785398732225076|24495&4&657.7972124444664,2|24397&4&1354.0340582482495|24400&4&2705.342403769868|24404&4&476.826532658428|24417&4&229.00651693913548|24418&4&2063.2106224502577|24423&4&3761.812250006356|24430&4&1618.5839882274008|24442&4&323.76749128987126|24445&4&25.459238691941547|24446&4&2323.110697772268|24452&4&2183.1538606868235|24455&4&623.2039050860969|24460&4&746.3392719503213|24468&4&57.87442015392568|24470&4&725.8446929492205|24473&4&598.6875743972532|24474&4&12.86627639634909|24486&4&834.3883214550324|24489&4&275.02727528499133,2|24412&4&78.12261675135527|24414&4&15.124739691289598|24415&4&266.3806198918429|24421&4&84.60140840371048|24436&4&437.30316951739536|24437&4&633.0073719601161|24438&4&782.852609313688|24449&4&1149.2594331496275|24454&4&1532.6564065874263|24476&4&2951.2945158487228|24483&4&2283.107607917209|24484&4&3001.360496442314|24486&4&249.84932795327526
262|4,130,1,1,1,1,1,1,1,1,1,1,1,1,1,1,1,1,1,1,1,1,1,1,1,1,1,1,1,1,1,1,1,1,1,1,1,1,1,1,1,1,1,1,1,1,1,1,1,1,1,1,1,1,1,1,1,1,1,1,1,1,1,1,1,1,1,1,1,1,1,1,1,1,1,1,1,1,1,1,1,1,1,1,1,1,1,1,1,1,1,1,1,1,1,1,1,1,1,1,1,1,0,0,0,0,0,0,0,0,0,0,0,0,0,0,0,0,0,0,0,0,2|24406&4&1001.3280939371688|24412&4&528.907413644188|24414&4&597.4464033246883|24419&4&1678.707594542609|24420&4&792.1327612331008|24440&4&1640.956478708893|24444&4&308.3177941977793|24465&4&380.1650573954132|24471&4&1634.1794403218896|24477&4&773.445801941394|24500&4&152.4615063083597|24507&4&15.71342045319513|24511&4&425.4148097431561,2|24401&4&867.178001006213|24402&4&1529.8533785881655|24408&4&329.3696998820799|24411&4&1272.677188608769|24412&4&1028.9305585467168|24415&4&33.512389635499446|24417&4&1467.619145515315|24425&4&2.4046507848508893|24426&4&344.5826855298865|24427&4&1082.950125215451|24436&4&1656.735957026055|24450&4&1100.607909237335|24460&4&1105.3205457548215|24464&4&693.2948096806219|24473&4&1543.567027298675|24475&4&211.386942508965|24480&4&1721.379661528136|24485&4&2997.9645305736326|24486&4&455.8889528475538|24489&4&1103.742391400533|24491&4&281.69257672332395|24500&4&8.32023041203868|24511&4&349.6015380205323,2|24403&4&575.2765150614307|24405&4&1255.867833539135|24408&4&32.58545495199041|24412&4&9.679386975710385|24414&4&579.6724487187946|24419&4&339.6849230281119|24424&4&703.7536556125365|24429&4&1256.383041878673|24435&4&474.8947770696907|24458&4&35.35918092165504|24461&4&3218.7627723762907|24462&4&1364.6197044107143|24472&4&1228.8581958795612|24478&4&312.49919219192896|24483&4&677.862296475725|24484&4&103.1718843945653|24494&4&375.26919689323245|24498&4&322.1807581339856,2|24422&4&145.1630182545451|24424&4&537.6007637908542|24427&4&1147.9363044413394|24434&4&230.83660203960534|24435&4&2297.3105773443194|24439&4&1075.3108509113888|24443&4&3051.581768609846|24445&4&1645.4933134289586|24447&4&2.8841858009452324|24461&4&16.628109599661116|24468&4&1517.3318600090124|24475&4&604.8072405779604|24477&4&1513.03557705934|24495&4&541.3170402150788,2|24399&4&3997.97462201327|24400&4&26.304072247873787|24408&4&99.65594000678257|24416&4&484.6720910824908|24417&4&952.6118662157998|24428&4&55.240083799267325|24433&4&1659.0027558200848|24440&4&82.95464450325366|24456&4&449.867504760389|24459&4&918.5912946127808|24463&4&721.3427645845547|24467&4&1721.1684108497655|24473&4&57.37941686218929|24475&4&0.0|24479&4&1247.7376004896455|24489&4&169.0116559754019|24491&4&658.8680722923516|24493&4&2174.1536822330672,2|24407&4&860.7641429026746|24410&4&2980.73973418045|24421&4&47.269628306592146|24429&4&2256.9732756364574|24444&4&226.5155378473757|24450&4&867.866875772275|24476&4&68.98366792571667|24482&4&2003.473745714285,2|24421&4&125.91258899626044|24431&4&2878.2456765105285|24432&4&1849.1732143226895|24434&4&1045.6015058461942|24439&4&412.00361865769514|24440&4&291.30115466501434|24441&4&229.467720814745|24444&4&92.15545619262343|24445&4&139.69427380818934|24451&4&3283.989104627228|24453&4&2730.845834446872|24457&4&33.39890726426832|24459&4&812.0793295298887|24478&4&1182.6820766403464|24479&4&2427.57870811626|24487&4&62.857690936627634|24490&4&644.8878844472993|24492&4&17.050241234989763|24507&4&24.600544515695372,2|24409&4&2855.4621708368|24413&4&1084.3170559442574|24415&4&937.329792797456|24422&4&222.05757613613338|24426&4&560.0271195097055|24428&4&1070.054584598779|24434&4&2289.032928103895|24437&4&202.30907913406912|24448&4&785.5134432259873|24452&4&1.192659439763169|24453&4&837.3012847059956|24464&4&2.975352701990943|24479&4&4.547473508864641E-13|24495&4&595.0643339114173|24496&4&61.20404968842786,2|24397&4&1404.9178482706554|24400&4&2492.5334863203166|24404&4&450.3580790992305|24417&4&157.80959323966408|24418&4&2598.124811637943|24421&4&284.2945284815716|24423&4&4026.4913635238036|24430&4&1714.6971540819013|24432&4&122.05487370503226|24442&4&0.0|24445&4&11.75812332401452|24446&4&2151.919713687065|24452&4&2164.0015563683282|24455&4&536.8810219798631|24460&4&648.2398989907385|24461&4&621.7547307244099|24468&4&31.88992397946054|24470&4&713.5631415437288|24473&4&542.0755518673127|24474&4&12.222962576531636|24486&4&786.8027995156465|24489&4&209.93767459269017,2|24412&4&62.57251600754397|24414&4&3.0333759313633823|24415&4&225.34572110554643|24421&4&72.77028313634597|24436&4&330.2913258662788|24437&4&558.7969877879361|24438&4&679.4008926136677|24449&4&1232.927429390792|24454&4&1411.2572736544757|24476&4&2826.415678078673|24483&4&2089.9536163604034|24484&4&2937.4784555757547|24486&4&182.4686200168623
263|4,130,1,1,1,1,1,1,1,1,1,1,1,1,1,1,1,1,1,1,1,1,1,1,1,1,1,1,1,1,1,1,1,1,1,1,1,1,1,1,1,1,1,1,1,1,1,1,1,1,1,1,1,1,1,1,1,1,1,1,1,1,1,1,1,1,1,1,1,1,1,1,1,1,1,1,1,1,1,1,1,1,1,1,1,1,1,1,1,1,1,1,1,1,1,1,1,1,1,1,1,1,0,0,0,0,0,0,0,0,0,0,0,0,0,0,0,0,0,0,0,0,2|24406&4&906.6185588131182|24412&4&456.1786399839169|24414&4&532.5109419774858|24416&4&771.4387947456297|24419&4&1510.3421965354416|24420&4&742.5074423987296|24440&4&1504.4541425205387|24444&4&258.22409367119155|24455&4&299.4622453846871|24465&4&733.2234887868472|24471&4&1512.150841075903|24477&4&644.9309303817818|24481&4&3.1886817908391887|24500&4&134.20923261239577|24507&4&191.2709579902818|24511&4&369.1075601844646,2|24401&4&948.9431429185529|24402&4&1398.0836889321654|24408&4&286.6735155181277|24411&4&1414.9400446811394|24412&4&952.9348130408498|24415&4&10.266720500586532|24417&4&1382.6260113456242|24425&4&2.1641857063658003|24426&4&331.4977796955866|24427&4&1359.0121109203596|24436&4&1553.8535385233477|24450&4&1588.7360231059442|24460&4&1034.1901952399621|24464&4&645.2317193115717|24473&4&1970.2585980405277|24475&4&183.5514275052713|24480&4&1550.7795564600071|24485&4&3466.842698472775|24486&4&398.7496128024035|24489&4&1008.7414118714219|24491&4&259.99424696953804|24500&4&1.4210854715202004E-14|24511&4&654.8951469055796,2|24403&4&530.729413531299|24405&4&1328.6420565773064|24408&4&13.561738017865146|24412&4&-6.750155989720952E-14|24414&4&549.163372470437|24419&4&321.1524562450877|24424&4&587.2526879424813|24429&4&1442.4582369330676|24435&4&391.0226987691394|24458&4&0.0|24461&4&2947.645654400274|24462&4&1468.5087797987594|24472&4&1227.4937929042158|24478&4&252.49612133982572|24483&4&786.4405149964012|24484&4&50.93562065952612|24494&4&603.5507270033056|24498&4&723.050143842712,2|24422&4&208.5559568267826|24424&4&521.976525197105|24427&4&1029.916789685419|24434&4&216.40931441213002|24435&4&2618.8584191558743|24439&4&970.6462561418375|24443&4&3057.558622657022|24445&4&1690.3471066544712|24447&4&2.723953256448275|24461&4&-2.8421709430404007E-14|24468&4&1427.5310267562156|24475&4&569.6488928744322|24477&4&1852.790456601942|24495&4&507.9352711046739,2|24399&4&3661.1604493922846|24400&4&6.4240068559742465|24408&4&87.13482372005033|24416&4&459.55231615350885|24417&4&876.6310031046856|24428&4&569.6648744343602|24433&4&1687.445986247013|24440&4&46.50508132216379|24456&4&701.9408714109371|24459&4&822.8499256226809|24463&4&667.2327277447428|24467&4&1599.0980570189258|24473&4&25.778621918518596|24479&4&1075.6682792758907|24489&4&160.26847610747683|24491&4&580.232392673501|24493&4&2270.2073695748204,2|24407&4&871.8467761915456|24410&4&2856.5180513616106|24412&4&123.10133530425912|24421&4&23.168422608631467|24429&4&2038.6775259932476|24444&4&206.68394909324763|24450&4&717.0938490587632|24476&4&24.546939641811193|24482&4&2173.8073387077156,2|24421&4&117.7589831055889|24431&4&3102.5882799521232|24432&4&1668.1526648808394|24434&4&1601.6143310853367|24439&4&690.4446274550912|24440&4&717.0323195915767|24441&4&212.95043051873628|24444&4&326.825741825985|24445&4&106.98769727835591|24451&4&3157.8065637696045|24453&4&2646.11785675323|24457&4&136.94379418381044|24459&4&813.2625882749262|24478&4&1465.708278606622|24479&4&2434.6465738473785|24487&4&59.54939141364723|24490&4&883.22773845539|24492&4&15.44542650193408|24507&4&7.902730960562721,2|24409&4&3349.136840218419|24413&4&1130.5612274931414|24414&4&14.168076245896884|24415&4&1235.014054968266|24422&4&202.25870240497488|24426&4&476.75748667444736|24428&4&923.6773818240064|24434&4&2003.3721894547618|24437&4&612.0229710147378|24448&4&725.3847167869201|24452&4&0.0|24453&4&715.9111077950931|24464&4&-6.217248937900877E-15|24495&4&532.3314553783683|24496&4&58.14384720400646,2|24397&4&1416.6853609614495|24400&4&2883.2658036171965|24404&4&883.1888245491241|24408&4&100.22817140740801|24417&4&99.05496596429958|24418&4&2878.676483576885|24421&4&783.5938107448817|24423&4&4344.505508580731|24430&4&2218.9460448680256|24432&4&615.6062624739112|24445&4&1.2789769243681803E-13|24446&4&1960.2803661442028|24452&4&2513.114766687335|24455&4&450.71899379855|24460&4&550.1405260311557|24461&4&1242.5656350275954|24468&4&17.593995769187693|24470&4&665.8684798166827|24473&4&485.46352933737217|24474&4&11.579648756714182|24486&4&739.2172775762605|24489&4&148.74705319982021|24495&4&35.376440254853094,2|24412&4&47.02241526373268|24414&4&-1.1546319456101628E-14|24415&4&184.31082231925|24417&4&215.92496163969213|24421&4&60.93915786898144|24436&4&245.11451807061718|24437&4&484.58660361575613|24438&4&753.9018387204067|24449&4&1102.0310416233406|24454&4&1289.8581407215254|24476&4&2983.1250758032124|24483&4&1903.6551716125732|24484&4&3244.7234529007674|24486&4&118.97001777434429|24489&4&605.9817918809524
264|4,130,1,1,1,1,1,1,1,1,1,1,1,1,1,1,1,1,1,1,1,1,1,1,1,1,1,1,1,1,1,1,1,1,1,1,1,1,1,1,1,1,1,1,1,1,1,1,1,1,1,1,1,1,1,1,1,1,1,1,1,1,1,1,1,1,1,1,1,1,1,1,1,1,1,1,1,1,1,1,1,1,1,1,1,1,1,1,1,1,1,1,1,1,1,1,1,1,1,1,1,1,0,0,0,0,0,0,0,0,0,0,0,0,0,0,0,0,0,0,0,0,2|24398&4&295.4042207840332|24406&4&813.6436558231226|24412&4&383.4498663236458|24414&4&467.57548063028344|24416&4&888.4026450994104|24419&4&1341.9767985282735|24420&4&684.0919863481972|24424&4&201.81421752383687|24436&4&133.94767124389983|24440&4&1367.9518063321843|24444&4&216.04210178954244|24455&4&505.0702383591925|24465&4&694.8204962411264|24471&4&1390.1222418299164|24477&4&530.7021299028668|24481&4&3.0292477012972294|24500&4&115.95695891643183|24507&4&273.67016867354516|24511&4&320.1284363727809,2|24401&4&882.9440235161356|24402&4&1467.6370287061686|24408&4&243.97733115417554|24411&4&1453.2313684846197|24412&4&876.9390675349828|24415&4&-6.750155989720952E-14|24417&4&1297.6328771759336|24425&4&1.9237206278807113|24426&4&313.60343523603433|24427&4&1286.3911337926318|24436&4&1447.3863945276905|24450&4&1758.745818069745|24460&4&963.0598447251026|24464&4&597.1686289425215|24473&4&2062.472941503951|24475&4&155.7159125015776|24480&4&1408.4376405816038|24485&4&3534.473969828209|24486&4&341.61027275725314|24489&4&913.7404323423109|24491&4&238.29591721575218|24511&4&619.8053015134959,2|24403&4&486.1823120011673|24405&4&1204.6439298398352|24408&4&-6.039613253960852E-14|24414&4&518.6542962220794|24419&4&302.61998946206353|24424&4&481.95259150087145|24429&4&1626.6038279331733|24435&4&313.9127570434066|24461&4&2676.5285364242577|24462&4&1468.092555338664|24472&4&1344.2723403203217|24478&4&214.96935475454626|24483&4&993.467138550935|24484&4&18.04585996926966|24494&4&684.0901146914621|24498&4&853.9630047162789,2|24406&4&12.745699585894357|24422&4&196.8938608967814|24424&4&490.080015421712|24427&4&915.620210405737|24434&4&201.9820267846547|24435&4&2889.8764961775278|24439&4&872.9510972641965|24443&4&2796.174127560222|24445&4&1576.306252059427|24447&4&2.5637207119513175|24468&4&1314.1903766754372|24475&4&534.490545170904|24477&4&1757.6103895848128|24495&4&474.553501994269,2|24399&4&3861.5363055077837|24400&4&3.212003427987113|24408&4&74.61370743331811|24416&4&434.432541224527|24417&4&800.6501399935715|24428&4&1067.518685522703|24433&4&1542.0868924389167|24440&4&24.7348864318076|24456&4&649.7456264978666|24459&4&732.4450085739775|24463&4&613.1226909049308|24467&4&1477.0277031880864|24473&4&7.43265052209183|24479&4&907.6813460649113|24489&4&151.52529623955175|24491&4&508.66811062140584|24493&4&2132.2543849133253,2|24404&4&137.36522336696908|24407&4&850.1562142605949|24410&4&2605.5476921647087|24412&4&116.94626853904617|24421&4&7.606659495926186|24429&4&1820.3817763500376|24444&4&186.85236033911957|24450&4&587.4501875335131|24476&4&-1.6342482922482304E-13|24482&4&1966.4136450766832,2|24421&4&109.60537721491733|24431&4&3267.359192997016|24432&4&1509.071183859735|24434&4&2006.906835934084|24439&4&652.8955462162987|24440&4&854.8701524119815|24441&4&196.43314022272756|24444&4&649.6629536101802|24445&4&74.28112074852247|24451&4&3018.811791929851|24453&4&2468.537219541465|24457&4&130.01310720645927|24459&4&766.5312508344039|24478&4&1415.1322074837187|24479&4&2550.124065900654|24487&4&56.24109189066682|24490&4&832.0442893306672|24492&4&100.77669233670044|24507&4&7.815970093361102E-14,2|24409&4&3320.980570637901|24413&4&1019.9338605301323|24414&4&88.22711233822835|24415&4&1321.9547387095831|24422&4&184.57247054668676|24426&4&393.48785383918937|24428&4&783.9584092210403|24434&4&1751.7425617384324|24437&4&614.0131026147949|24448&4&666.2442874558947|24453&4&594.5209308841904|24495&4&469.5985768453193|24496&4&55.08364471958507,2|24397&4&1362.2359591495567|24400&4&2640.279824430323|24404&4&833.755411039472|24408&4&328.8360592573936|24417&4&56.3172253441983|24418&4&2688.488660444348|24421&4&743.7033838864337|24423&4&4016.015999391207|24430&4&2178.0485325859836|24432&4&671.6159090581068|24446&4&1768.6410186013409|24452&4&2696.9700327220526|24455&4&369.181642623838|24460&4&452.04115307157286|24461&4&1454.9108049484576|24468&4&8.796997884593859|24470&4&616.5878288524162|24473&4&428.85150680743163|24474&4&10.936334936896728|24486&4&1035.6625284940353|24489&4&99.29236358056863|24495&4&33.60761824211044,2|24412&4&31.47231451992139|24415&4&143.27592353295358|24417&4&464.718560134893|24421&4&49.10803260161693|24436&4&173.65698033123815|24437&4&421.5857559897233|24438&4&749.6380679086795|24449&4&968.7398603933838|24454&4&1168.4590077885748|24459&4&46.95860190516862|24476&4&3250.4970542335577|24483&4&1727.574824933721|24484&4&3300.5925043283646|24486&4&55.47141553182628|24489&4&765.7919098093298
265|4,130,1,1,1,1,1,1,1,1,1,1,1,1,1,1,1,1,1,1,1,1,1,1,1,1,1,1,1,1,1,1,1,1,1,1,1,1,1,1,1,1,1,1,1,1,1,1,1,1,1,1,1,1,1,1,1,1,1,1,1,1,1,1,1,1,1,1,1,1,1,1,1,1,1,1,1,1,1,1,1,1,1,1,1,1,1,1,1,1,1,1,1,1,1,1,1,1,1,1,1,1,0,0,0,0,0,0,0,0,0,0,0,0,0,0,0,0,0,0,0,0,2|24398&4&329.5147709042832|24406&4&726.470676471029|24412&4&310.72109266337475|24414&4&402.640019283081|24416&4&1113.1624825989277|24419&4&1173.6114005211061|24420&4&625.6765302976648|24424&4&251.32777400992092|24436&4&394.837724550348|24440&4&1231.44947014383|24444&4&183.87075212955844|24445&4&85.92233306998241|24455&4&667.7154904437145|24465&4&656.4175036954057|24471&4&1511.1119488379736|24475&4&66.65753781032967|24477&4&425.1669629457246|24481&4&2.86981361175527|24500&4&97.7046852204679|24507&4&256.00242590627306|24511&4&274.39095538264496,2|24401&4&818.6831231364455|24402&4&1482.5511027519397|24408&4&201.28114679022337|24411&4&1499.628194807834|24412&4&800.9433220291156|24417&4&1212.639743006243|24425&4&1.6832555493956223|24426&4&295.7090907764821|24427&4&1402.359948348517|24436&4&1340.9192505320332|24450&4&1957.6369293933105|24460&4&891.9294942102431|24464&4&549.1055385734712|24473&4&2006.3390234805222|24475&4&131.02806621025238|24480&4&1589.0436981931261|24485&4&3308.0669512531913|24486&4&284.4709327121028|24489&4&818.7394528131999|24491&4&216.59758746196624|24511&4&584.7154561214122,2|24403&4&441.6352104710356|24405&4&1181.218937748005|24414&4&488.14521997372185|24419&4&284.08752267903935|24424&4&380.78875256875585|24429&4&1726.3664452357505|24435&4&247.58421057909047|24461&4&2424.2035640219756|24462&4&1340.8339089845567|24472&4&1668.6996416828256|24478&4&177.4425881692669|24483&4&1244.203227063343|24484&4&-5.6843418860808015E-14|24494&4&782.4424307219543|24498&4&795.9058050979061,2|24406&4&12.10841460659964|24422&4&185.23176496678025|24424&4&458.18350564631896|24427&4&801.3236311260549|24434&4&187.55473915717937|24435&4&2934.5058323656563|24439&4&775.2559383865553|24443&4&2584.567285259278|24445&4&1462.265397464383|24447&4&2.40348816745436|24468&4&1200.8497265946587|24475&4&499.33219746737586|24477&4&1639.6652902867668|24495&4&441.17173288386414,2|24399&4&3738.4516187675854|24400&4&-2.042810365310288E-14|24408&4&62.092591146585875|24416&4&409.3127662955451|24417&4&724.6692768824574|24428&4&1510.5330562851323|24433&4&1779.241974019409|24440&4&9.226287284814402|24456&4&599.7159309795268|24459&4&642.040091525274|24463&4&559.0126540651187|24467&4&1354.9573493572473|24473&4&0.0|24479&4&744.5113527083927|24489&4&142.78211637162667|24491&4&437.1038285693108|24493&4&1949.9957718208896,2|24404&4&389.66970959571086|24407&4&836.1071536650817|24410&4&2484.9820064352407|24412&4&110.79120177383322|24421&4&-7.815970093361102E-14|24429&4&1602.0860267068274|24444&4&167.0207715849915|24450&4&468.55858707758216|24482&4&2068.5949817599126,2|24421&4&101.45177132424578|24431&4&3280.728802747247|24432&4&1360.4747212899315|24434&4&2626.2595726310437|24439&4&615.346464977506|24440&4&899.0074147708121|24441&4&179.91584992671883|24444&4&615.6836946849621|24445&4&41.574544218689034|24451&4&2922.4363375952253|24453&4&2290.9565823297007|24457&4&123.08242022910807|24459&4&719.7999133938816|24478&4&1330.1489754965055|24479&4&2575.463215951292|24487&4&0.0|24490&4&1063.4346710402497|24492&4&166.10249651807501,2|24409&4&3206.9125280898525|24413&4&1034.5802362534646|24414&4&124.20931717126433|24415&4&1226.5102055441714|24422&4&166.88623868839866|24426&4&310.2182210039313|24428&4&685.8445094549035|24434&4&1538.7558444687684|24437&4&577.7089927741979|24448&4&611.0884821086677|24453&4&473.13075397328765|24495&4&406.86569831227035|24496&4&52.02344223516367,2|24397&4&1426.489373763503|24400&4&2397.29384524345|24404&4&784.32199752982|24408&4&448.42830546359426|24417&4&19.488660317702344|24418&4&2457.226378952025|24421&4&703.8129570279857|24423&4&4192.61888450752|24430&4&1985.5416048633303|24432&4&636.175703905541|24446&4&1579.247823490756|24452&4&2783.33327250402|24455&4&295.2261369802908|24460&4&353.94178011199|24461&4&1377.426744445314|24468&4&-1.0658141036401503E-14|24470&4&567.3071778881497|24473&4&372.23948427749104|24474&4&10.293021117079274|24486&4&1805.1752394652876|24489&4&63.79818352967017|24495&4&31.838796229367787,2|24412&4&15.922213776110098|24415&4&102.24102474665715|24417&4&883.0924446254314|24421&4&37.276907334252414|24436&4&112.00427580149041|24437&4&358.8512366874226|24438&4&886.4106845449261|24449&4&970.4970477915676|24454&4&1047.0598748556242|24459&4&44.61067180991019|24467&4&78.28636491173211|24476&4&3344.7881247483892|24483&4&1558.570453066777|24484&4&3474.4928385356116|24486&4&14.85605838248157|24489&4&725.987359839161
266|4,130,1,1,1,1,1,1,1,1,1,1,1,1,1,1,1,1,1,1,1,1,1,1,1,1,1,1,1,1,1,1,1,1,1,1,1,1,1,1,1,1,1,1,1,1,1,1,1,1,1,1,1,1,1,1,1,1,1,1,1,1,1,1,1,1,1,1,1,1,1,1,1,1,1,1,1,1,1,1,1,1,1,1,1,1,1,1,1,1,1,1,1,1,1,1,1,1,1,1,1,1,0,0,0,0,0,0,0,0,0,0,0,0,0,0,0,0,0,0,0,0,2|24398&4&0.0|24402&4&374.86282340634796|24406&4&639.2976971189355|24412&4&237.9923190031037|24414&4&337.7045579358786|24416&4&1223.4742311459581|24419&4&1005.2460025139384|24420&4&567.2610742471325|24421&4&167.98915945222726|24424&4&613.5944358474296|24436&4&374.7609691447209|24440&4&1094.9471339554757|24444&4&151.69940246957435|24445&4&166.1946241396462|24455&4&747.6662467086655|24465&4&789.3012926774542|24471&4&1379.427196723094|24475&4&63.32466091981319|24477&4&324.6140736740355|24481&4&2.710379522213311|24500&4&79.45241152450397|24507&4&238.3346831390009|24511&4&228.65347439250888,2|24401&4&754.4222227567554|24402&4&1349.4690586495465|24408&4&166.36851142111934|24411&4&0.0|24412&4&724.9475765232487|24417&4&1127.6466088365523|24425&4&1.4427904709105333|24426&4&392.28407590785827|24427&4&1353.1825383602632|24436&4&1234.452106536376|24450&4&1982.8636412014494|24460&4&910.100419044692|24464&4&502.0902084386754|24473&4&1943.8303952534002|24475&4&107.19478650207219|24480&4&1595.829013905598|24485&4&3049.2856893634944|24486&4&227.33159266695247|24489&4&723.738473284089|24491&4&194.89925770818036|24511&4&549.6256107293286,2|24403&4&397.0881089409038|24405&4&1159.6319475065898|24414&4&457.63614372536426|24419&4&443.61433681793284|24424&4&287.19660566518746|24429&4&2028.023140671605|24435&4&192.55673130849604|24461&4&2175.945218202639|24462&4&1213.5752626304497|24472&4&1533.9586462074053|24478&4&139.91582158398757|24483&4&1169.6642162642368|24494&4&728.5014033624313|24498&4&739.9124544648372,2|24406&4&60.89644312618904|24422&4&173.56966903677906|24424&4&426.2869958709258|24427&4&696.9146262082235|24434&4&173.12745152970405|24435&4&2912.420002047478|24439&4&677.560779508914|24443&4&2736.91231286756|24445&4&1348.2245428693386|24447&4&2.2432556229574026|24458&4&6.453766464252415|24468&4&1148.7452205604134|24475&4&464.17384976384767|24477&4&1775.473351518381|24495&4&407.78996377345925,2|24399&4&3476.3465762622927|24408&4&49.571474859853645|24416&4&384.19299136656315|24417&4&648.6884137713434|24428&4&1457.9730179386393|24433&4&1893.048331188922|24440&4&-4.263256414560601E-14|24456&4&585.2796725685257|24459&4&551.6351744765706|24463&4&504.9026172253067|24467&4&1232.886995526408|24479&4&589.029265976041|24489&4&134.0389365037016|24491&4&365.5395465172156|24493&4&2387.7722937603676,2|24404&4&585.7735218026991|24407&4&1066.6733198628626|24410&4&2352.282311962391|24412&4&104.63613500862027|24429&4&1397.1549127411781|24444&4&147.18918283086344|24450&4&359.25840411805063|24482&4&2467.5409267641285|24511&4&311.9059746937628,2|24421&4&93.29816543357421|24431&4&3285.8171981318224|24432&4&1225.361028849133|24434&4&2478.5563516392|24439&4&577.7973837387134|24440&4&847.6904818184248|24441&4&163.3985596307101|24444&4&581.704435759744|24445&4&22.47811573247111|24451&4&2926.173852234969|24453&4&2113.3759451179358|24457&4&116.15173325175688|24459&4&673.0685759533593|24478&4&1437.743497573176|24479&4&2410.088047754653|24487&4&0.0|24490&4&984.391228811922|24492&4&201.72739562295993,2|24409&4&3166.615211245805|24413&4&981.9312712218343|24414&4&141.6413714568408|24415&4&1131.0656723787597|24422&4&149.20000683011054|24426&4&226.94858816867333|24428&4&595.5574225061436|24434&4&1363.7121990117953|24437&4&541.4048829336009|24448&4&555.9326767614409|24453&4&351.740577062385|24495&4&344.1328197792214|24496&4&48.963239750742275,2|24397&4&1570.0521109343572|24400&4&2154.307866056576|24404&4&734.8885840201679|24408&4&619.4447662013486|24417&4&-4.973799150320701E-14|24418&4&2518.2013318163836|24421&4&663.9225301695376|24423&4&4816.561998565993|24430&4&1861.5587343402876|24432&4&600.7354987529751|24442&4&35.93361489017846|24446&4&1399.0337469310962|24452&4&2516.7157282782323|24455&4&237.12960788958736|24460&4&255.8424071524071|24461&4&1299.9426839421703|24470&4&518.0265269238832|24473&4&315.6274617475505|24474&4&9.64970729726182|24486&4&1835.8288285978676|24489&4&38.62252097849198|24495&4&151.38812341763455,2|24412&4&0.3721130322988071|24415&4&63.460938593996865|24417&4&1405.6904448375549|24421&4&25.4457820668879|24434&4&504.79336329886996|24436&4&62.2079181498643|24437&4&296.116717385122|24438&4&1071.5640804576842|24449&4&1156.448497232131|24454&4&1180.4253546175423|24459&4&42.26274171465175|24467&4&171.25281370388396|24476&4&3282.5166964899163|24483&4&1397.5487350628605|24484&4&3435.1971908112605|24486&4&3.9286540528217415|24489&4&686.1828098689921
267|4,130,1,1,1,1,1,1,1,1,1,1,1,1,1,1,1,1,1,1,1,1,1,1,1,1,1,1,1,1,1,1,1,1,1,1,1,1,1,1,1,1,1,1,1,1,1,1,1,1,1,1,1,1,1,1,1,1,1,1,1,1,1,1,1,1,1,1,1,1,1,1,1,1,1,1,1,1,1,1,1,1,1,1,1,1,1,1,1,1,1,1,1,1,1,1,1,1,1,1,1,1,0,0,0,0,0,0,0,0,0,0,0,0,0,0,0,0,0,0,0,0,2|24398&4&96.78512965745547|24402&4&553.7203023390084|24406&4&552.124717766842|24412&4&165.26354534283257|24414&4&272.76909658867623|24416&4&1340.7311163490426|24419&4&856.617310458979|24420&4&508.8456181966001|24421&4&159.58970147961588|24423&4&639.8265111991286|24424&4&1072.1124430597788|24436&4&626.0847084869201|24440&4&958.4447977671213|24444&4&119.52805280959033|24445&4&223.4572463578767|24455&4&1245.3028705168265|24465&4&1076.4269198445622|24471&4&1247.742444608214|24475&4&59.99178402929671|24477&4&228.23636606504317|24481&4&2.5509454326713517|24488&4&218.22717013168537|24489&4&127.86317309418905|24500&4&61.20013782854004|24507&4&224.59529548502758|24511&4&191.63019473518517,2|24401&4&690.1613223770653|24402&4&1235.1515062553535|24408&4&143.062052442001|24411&4&61.644456390299666|24412&4&648.9518310173817|24417&4&1042.6534746668615|24425&4&1.2023253924254442|24426&4&970.360871975162|24427&4&1514.3767792100666|24436&4&1127.984962540719|24450&4&1886.3839421551888|24460&4&834.5050047623672|24464&4&455.0748783038796|24473&4&1804.8703084598474|24475&4&83.36150679389202|24480&4&1601.4145228186803|24485&4&2792.925745895032|24486&4&170.19225262180217|24489&4&628.7374937549779|24491&4&173.20092795439444|24511&4&514.5357653372449,2|24403&4&352.541007410772|24405&4&1184.2531786386667|24414&4&427.1270674770067|24419&4&975.1817110645633|24424&4&205.85023464834575|24429&4&1905.4779416648837|24435&4&141.30380943250168|24461&4&1927.686872383303|24462&4&1086.3166162763428|24472&4&1399.217650731985|24478&4&102.38905499870825|24483&4&1165.691496254731|24494&4&674.5603760029085|24498&4&686.762544985788,2|24406&4&96.98136189820278|24422&4&161.90757310677787|24424&4&394.3904860955327|24427&4&592.5056212903921|24434&4&158.70016390222872|24435&4&3293.308924371315|24439&4&579.8656206312728|24443&4&2642.2568119354128|24445&4&1234.1836882742948|24447&4&2.083023078460445|24458&4&6.1310781410397945|24468&4&1032.3427632773082|24475&4&429.0155020603195|24477&4&2100.1767446036547|24495&4&374.40819466305436,2|24399&4&3735.008649345864|24408&4&37.050358573121414|24416&4&359.0732164375812|24417&4&572.7075506602293|24428&4&1492.5100317381193|24433&4&1809.7284912399377|24456&4&543.5287128639249|24459&4&461.23025742786723|24463&4&450.7925803854947|24467&4&1110.8166416955687|24479&4&433.54717924368936|24489&4&125.29575663577651|24491&4&293.9752644651205|24493&4&2327.643102948796,2|24404&4&555.1500877272365|24407&4&1154.4414618322119|24410&4&2468.207383538756|24412&4&98.48106824340732|24429&4&1218.1901313271023|24444&4&127.35759407673538|24450&4&256.97936539674015|24482&4&2448.0636432911783|24511&4&296.3106759590747,2|24421&4&85.14455954290267|24431&4&3552.561341034885|24432&4&1090.247336408334|24434&4&2330.853130647356|24439&4&540.2483024999208|24440&4&796.3735488660374|24441&4&146.8812693347014|24444&4&547.725176834526|24445&4&11.239057866235571|24451&4&2818.353534031946|24453&4&2139.222636873894|24457&4&109.2210462744057|24459&4&626.3372385128371|24478&4&1403.0392013746111|24479&4&2323.0024396419058|24490&4&973.2266560267163|24492&4&200.8845211341146,2|24409&4&2927.9345027846502|24413&4&1124.9743366892035|24414&4&321.94429768889097|24415&4&1233.5745650054864|24422&4&131.51377497182244|24426&4&153.67311862834805|24428&4&508.8379717571802|24430&4&41.38121617922769|24434&4&1202.4526319394627|24437&4&505.100773093004|24448&4&500.77687141421404|24453&4&230.35040015148223|24460&4&378.30119362937427|24475&4&17.2107319688686|24495&4&281.60110102494457|24496&4&45.90303726632088,2|24397&4&1523.3301277962983|24400&4&1912.698321805302|24404&4&685.4551705105159|24408&4&755.132011957643|24418&4&2498.5334350969883|24421&4&624.0321033110896|24423&4&4403.961316440407|24430&4&1683.0586808640066|24432&4&598.3839802750402|24442&4&34.136934145669535|24446&4&1499.103370095806|24452&4&2588.748980601215|24455&4&182.10877489049528|24460&4&163.0484270416747|24461&4&1222.458623439027|24470&4&468.74587595961674|24473&4&259.0154392176099|24474&4&9.006393477444366|24486&4&1722.468997523324|24489&4&13.44685842731384|24495&4&303.75983538591953,2|24412&4&2.55351295663786E-15|24415&4&24.68085244133659|24417&4&1331.38316208824|24421&4&13.614656799523383|24434&4&886.5909229165208|24436&4&19.06184117104828|24437&4&233.38219808282142|24438&4&1187.7400590139864|24449&4&1213.5667526519887|24454&4&1046.2879910498482|24459&4&147.68040148154608|24467&4&162.49445710641044|24476&4&3266.0491379789123|24483&4&1236.5270170589438|24484&4&3378.3877636497828|24486&4&1.9643270264108708|24489&4&646.3782598988232
268|4,130,1,1,1,1,1,1,1,1,1,1,1,1,1,1,1,1,1,1,1,1,1,1,1,1,1,1,1,1,1,1,1,1,1,1,1,1,1,1,1,1,1,1,1,1,1,1,1,1,1,1,1,1,1,1,1,1,1,1,1,1,1,1,1,1,1,1,1,1,1,1,1,1,1,1,1,1,1,1,1,1,1,1,1,1,1,1,1,1,1,1,1,1,1,1,1,1,1,1,1,1,0,0,0,0,0,0,0,0,0,0,0,0,0,0,0,0,0,0,0,0,2|24398&4&91.9458731745827|24402&4&525.0971301635421|24406&4&464.95173841474855|24412&4&0.0|24414&4&210.61099283867534|24416&4&1457.1608785045837|24419&4&720.0210740261056|24420&4&450.4301621460678|24421&4&0.0|24423&4&892.3031406235447|24424&4&1025.3867513849823|24436&4&772.2270922411371|24440&4&821.9424615787668|24444&4&87.35670314960626|24445&4&666.420721280318|24455&4&1177.1570459127875|24463&4&48.36949705719019|24465&4&1124.1262776185886|24469&4&54.1537942589598|24471&4&1146.5387984678919|24475&4&56.65890713878023|24477&4&141.6604540284882|24481&4&2.3915113431293924|24483&4&392.72245914991595|24488&4&281.10862591473347|24489&4&312.4204637531382|24500&4&42.947864132576115|24507&4&210.85590783105422|24511&4&160.90466159632962,2|24401&4&625.9004219973751|24402&4&1120.8339538611604|24408&4&121.93006172757254|24411&4&58.562233570784684|24412&4&0.0|24417&4&957.6603404971709|24425&4&0.9618603139403552|24426&4&988.2928247413311|24427&4&1574.2706277358325|24436&4&1021.5178185450617|24450&4&2316.764410662393|24460&4&758.9095904800421|24464&4&408.8963171348984|24473&4&1665.9102216662943|24475&4&65.14434737375191|24480&4&1485.3067093235018|24485&4&2536.5658024265713|24486&4&113.05291257665183|24489&4&533.7365142258669|24491&4&151.50259820060856|24511&4&479.4459199451612,2|24403&4&662.5204398372127|24405&4&1127.244295649101|24414&4&396.6179912286491|24419&4&1391.1941641445187|24424&4&138.92295542151686|24429&4&1782.9327426581624|24435&4&102.85202402350117|24461&4&1685.2604130193993|24462&4&983.3774295717888|24472&4&1264.4766552565645|24478&4&64.86228841342893|24483&4&1087.6241709161445|24494&4&620.6193486433855|24498&4&636.5374954248142,2|24406&4&221.06848573531482|24422&4&150.2454771767767|24424&4&362.4939763201396|24427&4&498.0497557946027|24434&4&144.2728762747534|24435&4&3062.0218028280688|24439&4&482.1704617536317|24443&4&2587.341055399288|24445&4&1120.1428336792505|24447&4&68.0629816280348|24458&4&5.808389817827174|24468&4&915.940305994203|24475&4&393.8571543567913|24477&4&2195.2612751747065|24495&4&341.0264255526495,2|24399&4&4037.456264035084|24408&4&24.529242286389177|24416&4&333.9534415085993|24417&4&496.72668754911524|24428&4&1405.330061221197|24433&4&1680.820762738449|24456&4&501.777753159324|24459&4&382.7445581550183|24463&4&396.68254354568273|24467&4&988.7462878647293|24479&4&278.4944761516103|24489&4&116.55257676785143|24491&4&222.81540224236|24493&4&2305.1815287998643,2|24404&4&570.18955875641|24407&4&1066.5548367799431|24410&4&2652.9155899697994|24412&4&0.0|24429&4&1041.1174787867126|24444&4&107.52600532260732|24450&4&176.93987254648462|24474&4&5.6340573141045365|24482&4&2661.975426211992|24511&4&372.89857838292994,2|24421&4&0.0|24431&4&4014.043082355467|24432&4&962.7951480153382|24434&4&2183.1499096555117|24439&4&502.6992212611283|24440&4&745.0566159136501|24441&4&130.36397903869266|24444&4&513.7459179093079|24445&4&8.881784197001252E-14|24451&4&2600.8644222085904|24453&4&2331.3997445797395|24457&4&136.4393697528663|24459&4&579.6059010723147|24478&4&1633.231681645117|24479&4&3022.495897256293|24490&4&890.7892703262326|24492&4&219.4256270552707,2|24409&4&2739.5754938452155|24413&4&1298.0892205665073|24414&4&304.8827506416871|24415&4&1531.3908510662957|24422&4&113.82754311353433|24426&4&103.51274034072883|24428&4&422.11852100821704|24430&4&39.31215537026631|24434&4&1059.0900849485583|24437&4&681.2908868620141|24448&4&445.62106606698705|24453&4&139.0383984475965|24460&4&906.2202937141362|24475&4&16.35019537042517|24495&4&230.36667425364402|24496&4&42.842834781899484,2|24397&4&1402.342356250493|24400&4&1896.265987093676|24404&4&636.0217570008638|24408&4&713.4532541617735|24418&4&2495.2568068105443|24421&4&0.0|24423&4&4021.3452068367124|24430&4&1508.5691219620967|24432&4&561.2893407887428|24442&4&300.8654736841316|24446&4&1567.6901032850483|24452&4&2583.7550814186607|24455&4&147.54128743975906|24460&4&88.87774401087754|24461&4&1184.1522662647599|24470&4&419.46522499535024|24473&4&214.82407013456714|24474&4&8.363079657626912|24486&4&1718.770965748366|24489&4&8.171241461241152E-14|24495&4&370.25173336297723,2|24415&4&-2.0605739337042905E-13|24417&4&1257.0758793389252|24421&4&0.0|24434&4&958.2966743205147|24436&4&0.0|24437&4&170.64767878052083|24438&4&1245.4909597633055|24449&4&1292.8142041147812|24454&4&917.1321120266766|24459&4&240.27363902253|24467&4&153.73610050893691|24476&4&3660.4601107807066|24483&4&1078.4371102560767|24484&4&3170.2040142316173|24486&4&0.0|24489&4&606.5737099286544
269|4,130,1,1,1,1,1,1,1,1,1,1,1,1,1,1,1,1,1,1,1,1,1,1,1,1,1,1,1,1,1,1,1,1,1,1,1,1,1,1,1,1,1,1,1,1,1,1,1,1,1,1,1,1,1,1,1,1,1,1,1,1,1,1,1,1,1,1,1,1,1,1,1,1,1,1,1,1,1,1,1,1,1,1,1,1,1,1,1,1,1,1,1,1,1,1,1,1,1,1,1,1,0,0,0,0,0,0,0,0,0,0,0,0,0,0,0,0,0,0,0,0,2|24398&4&120.83441225021127|24402&4&525.0124769345114|24406&4&386.56162076853735|24414&4&810.4931742780828|24416&4&1369.755918367713|24419&4&603.9660026029823|24420&4&463.2438984085819|24423&4&846.0884173143696|24424&4&1326.08788463426|24436&4&866.475513912179|24440&4&685.4401253904125|24444&4&55.18535348962221|24445&4&631.8679577815167|24455&4&1109.0112213087486|24463&4&219.27375740087766|24465&4&1054.8857311902389|24469&4&51.44610454601181|24471&4&1170.5432082880777|24475&4&53.32603024826375|24477&4&69.02806182576842|24481&4&2.232077253587433|24483&4&373.08633619242016|24488&4&268.561296908287|24489&4&365.03297833613397|24500&4&24.695590436612186|24507&4&197.11652017708087|24511&4&130.179128457474,2|24401&4&580.3925026806648|24402&4&1006.5164014669674|24408&4&100.7980710131441|24411&4&55.4800107512697|24417&4&872.6672063274801|24425&4&0.7213952354552662|24426&4&1080.9016108494905|24427&4&1470.5404708631586|24436&4&915.0506745494046|24450&4&2661.7245106673463|24460&4&683.3141761977173|24464&4&362.7177559659174|24473&4&1526.950134872741|24475&4&47.563083206463126|24480&4&1926.4595758756218|24485&4&2401.0134214183413|24486&4&55.91357253150152|24489&4&438.7355346967559|24491&4&129.80426844682265|24511&4&444.3560745530776,2|24403&4&728.4756331600769|24405&4&1313.9977296872207|24414&4&366.1089149802915|24419&4&1371.6794289457703|24424&4&81.62283552928075|24429&4&1660.3875436514409|24435&4&64.40023861450058|24461&4&1468.963736863473|24462&4&1001.6668502564072|24472&4&1129.735659781144|24478&4&32.858278174142306|24483&4&1009.556845577558|24494&4&566.6783212838626|24498&4&586.3124458638404,2|24406&4&511.6065996228215|24422&4&138.5833812467755|24424&4&330.5974665447465|24427&4&424.4485774698987|24434&4&129.84558864727808|24435&4&2830.734681284822|24439&4&396.37982738842663|24443&4&2969.581461006653|24445&4&1006.1019790842065|24447&4&0.0|24458&4&5.4857014946145535|24468&4&891.2149506878023|24475&4&358.69880665326303|24477&4&2410.0053472564755|24495&4&307.64465644224464,2|24399&4&3940.179669838699|24408&4&12.008125999656944|24416&4&308.83366657961744|24417&4&420.7458244380012|24428&4&1318.1500907042744|24433&4&1538.4871130876438|24456&4&460.02679345472313|24459&4&304.2588588821694|24463&4&350.6360381395055|24467&4&866.67593403389|24479&4&160.55578189852486|24489&4&107.80939689992636|24491&4&161.63514593819866|24493&4&2304.1883177925483,2|24404&4&588.2435004749765|24407&4&978.6682117276745|24410&4&2585.2346356694115|24429&4&864.0448262463229|24444&4&87.69441656847927|24450&4&112.37667517475343|24474&4&5.35235444839931|24482&4&2445.3889087965117|24511&4&482.97157884137374,2|24431&4&3677.56883329419|24432&4&835.3429596223425|24434&4&2035.4466886636678|24439&4&678.263824448971|24440&4&693.739682961263|24441&4&113.84668874268394|24444&4&479.7666589840899|24451&4&2528.5293294938956|24453&4&2858.0937601654023|24457&4&147.39494349895833|24459&4&532.8745636317925|24478&4&1737.821267898756|24479&4&3366.327689749989|24487&4&5.5014529486657455|24490&4&813.7996451596991|24492&4&246.84815009242266,2|24409&4&2640.698464533986|24413&4&1558.3208739205625|24414&4&287.8212035944832|24415&4&1447.516500130147|24422&4&96.14131125524622|24426&4&65.91341990597323|24428&4&337.79552249745143|24430&4&301.9156065129682|24434&4&915.727537957654|24437&4&660.4098217457132|24448&4&390.46526071976024|24453&4&65.76967387065295|24460&4&1402.083172504177|24475&4&15.48965877198174|24495&4&186.55396364917476|24496&4&39.78263229747809,2|24397&4&1281.354584704687|24400&4&2511.558766779497|24404&4&586.5883434912118|24408&4&671.7744963659042|24418&4&2331.155849621943|24423&4&3653.635846215443|24430&4&1339.0712344844153|24432&4&524.1947013024455|24442&4&607.5801977004003|24446&4&2006.2252425348083|24452&4&2965.8816560353825|24455&4&112.97379998902295|24460&4&45.18772026579115|24461&4&1214.62493349416|24470&4&370.1845740310837|24473&4&170.63270105152424|24474&4&7.719765837809457|24486&4&1975.2255169476603|24495&4&350.28983434203496,2|24417&4&1182.7685965896103|24434&4&906.8402807185381|24437&4&123.90179626821192|24438&4&1351.9985730255703|24449&4&1500.812401372746|24454&4&1123.115159460149|24459&4&607.3965888999118|24467&4&144.9777439114634|24476&4&3726.00586487976|24483&4&936.1786833375562|24484&4&3014.48359583584|24489&4&566.7691599584854
270|4,130,1,1,1,1,1,1,1,1,1,1,1,1,1,1,1,1,1,1,1,1,1,1,1,1,1,1,1,1,1,1,1,1,1,1,1,1,1,1,1,1,1,1,1,1,1,1,1,1,1,1,1,1,1,1,1,1,1,1,1,1,1,1,1,1,1,1,1,1,1,1,1,1,1,1,1,1,1,1,1,1,1,1,1,1,1,1,1,1,1,1,1,1,1,1,1,1,1,1,1,1,0,0,0,0,0,0,0,0,0,0,0,0,0,0,0,0,0,0,0,0,2|24398&4&114.30876598941343|24402&4&714.2109121260335|24406&4&320.8426080698938|24408&4&259.57453538737826|24414&4&800.145145747088|24416&4&1282.3509582308423|24419&4&494.12402707719946|24420&4&405.139600750685|24423&4&1150.06170121568|24424&4&1586.4097110654184|24436&4&981.9554879633049|24440&4&548.9840528723232|24444&4&0.0|24445&4&597.3151942827153|24455&4&1265.096111997449|24463&4&374.7894128126709|24465&4&985.6451847618889|24469&4&0.0|24471&4&1030.7995639470105|24475&4&49.99315335774727|24477&4&29.491137872831473|24481&4&2.072643164045474|24483&4&353.4502132349244|24488&4&286.7506439642371|24489&4&899.6612377147476|24490&4&57.482142115954616|24500&4&6.443316740648257|24507&4&183.37713252310752|24511&4&103.601699112957,2|24401&4&523.6715799795404|24402&4&892.71151573268|24408&4&79.66608029871564|24411&4&52.39778793175472|24417&4&787.6740721577895|24425&4&0.4809301569701772|24426&4&1198.9168514423222|24427&4&1498.075836323946|24436&4&812.0097374405349|24450&4&2955.469620459373|24460&4&607.7187619153924|24464&4&316.5391947969363|24473&4&1387.9900480791885|24475&4&30.30604316587368|24480&4&2215.4795929003058|24485&4&3115.55205266618|24486&4&17.587945722341434|24489&4&347.6551931778258|24491&4&233.5958219412555|24511&4&409.2662291609939,2|24403&4&675.9734103570697|24405&4&1662.9045428572008|24414&4&335.5998387319339|24419&4&1406.2403342712087|24424&4&43.58553534105391|24429&4&1537.8423446447198|24435&4&33.46634685450569|24461&4&1262.9121414330857|24462&4&1198.950477289211|24472&4&994.9946643057235|24478&4&2.6144168901366314|24483&4&931.4895202389716|24494&4&512.7372939243397|24498&4&537.8968360866866,2|24406&4&682.7041220235941|24422&4&126.92128531677432|24424&4&298.70095676935335|24427&4&350.8473991451946|24434&4&115.41830101980274|24435&4&2599.4475597415753|24439&4&314.9232283273238|24443&4&2954.737599005255|24445&4&892.0611244891625|24458&4&5.163013171401933|24468&4&794.8369257131206|24475&4&323.54045894973484|24477&4&2225.153185555774|24495&4&274.2628873318398,2|24399&4&4286.0189127279955|24408&4&7.460698725481052E-14|24410&4&4.503576680831884|24416&4&283.7138916506355|24417&4&344.76496132688715|24428&4&1248.9873768318457|24429&4&223.49172567620155|24433&4&1518.8731467628095|24456&4&465.40357757919156|24459&4&245.12947895521432|24463&4&317.727779317033|24467&4&747.676187946638|24477&4&339.0166074885211|24479&4&83.74629930903939|24489&4&99.06621703200128|24491&4&100.45488963403744|24493&4&2141.798796562335,2|24404&4&581.9507087335052|24407&4&890.7815866754061|24410&4&2357.9113642656707|24429&4&710.537522864847|24444&4&0.0|24450&4&66.58319856922124|24474&4&5.070651582694083|24482&4&2372.787530453038|24511&4&456.2532470862055,2|24431&4&3830.236373445535|24432&4&707.8907712293466|24434&4&1887.7434676718237|24439&4&783.5125394330179|24440&4&642.4227500088757|24441&4&97.32939844667521|24444&4&0.0|24451&4&2498.9391705651196|24453&4&3227.486983904408|24457&4&0.0|24459&4&486.1432261912702|24478&4&2206.6105935855926|24479&4&3832.909188862124|24487&4&5.226380301232458|24490&4&739.7839376747146|24492&4&230.92192818888685,2|24409&4&2359.9047055369056|24413&4&1444.6260532729964|24414&4&270.7596565472794|24415&4&1319.935082247104|24422&4&78.4550793969581|24426&4&30.10998745553991|24428&4&257.1230095299064|24430&4&489.79359110724783|24434&4&772.3649909667497|24437&4&612.1786129293971|24448&4&335.3094553725333|24453&4&16.21977008003913|24460&4&1654.7048979255921|24475&4&14.62912217353831|24495&4&147.36578242641752|24496&4&36.72242981305669,2|24397&4&1160.3668131588818|24400&4&2828.125957261454|24404&4&537.1549299815597|24408&4&630.0957385700348|24418&4&2398.891602122005|24423&4&3285.926485594174|24430&4&1173.3922342270953|24432&4&487.1000618161481|24442&4&647.7621224255671|24446&4&2164.298677669405|24452&4&3137.9449947995017|24455&4&85.01099923044852|24460&4&14.6672144208158|24461&4&1592.0553138268438|24470&4&320.9039230668172|24473&4&126.44133196848134|24474&4&7.076452017992002|24486&4&2264.3235517283056|24495&4&330.3279353210927,2|24417&4&1108.4613138402958|24434&4&922.7796683161366|24437&4&77.15591375590314|24438&4&1242.807022618345|24449&4&1800.6932297502676|24454&4&1265.5306747996742|24459&4&737.8110127872087|24467&4&136.21938731398984|24476&4&3410.3788873064113|24483&4&793.9202564190357|24484&4&3314.2640353368324|24489&4&526.9646099883165
271|4,130,1,1,1,1,1,1,1,1,1,1,1,1,1,1,1,1,1,1,1,1,1,1,1,1,1,1,1,1,1,1,1,1,1,1,1,1,1,1,1,1,1,1,1,1,1,1,1,1,1,1,1,1,1,1,1,1,1,1,1,1,1,1,1,1,1,1,1,1,1,1,1,1,1,1,1,1,1,1,1,1,1,1,1,1,1,1,1,1,1,1,1,1,1,1,1,1,1,1,1,1,0,0,0,0,0,0,0,0,0,0,0,0,0,0,0,0,0,0,0,0,2|24398&4&107.78311972861559|24402&4&673.1983873375298|24406&4&259.78260421056683|24408&4&411.4701819962121|24414&4&790.3981218392952|24416&4&1194.9459980939719|24419&4&398.4804197064057|24420&4&520.9950768295685|24423&4&1546.1155947341547|24424&4&1581.3015048241093|24436&4&924.2269943555061|24440&4&419.8239977645252|24445&4&562.762430783914|24455&4&1189.4971401741384|24463&4&355.37478784876004|24465&4&916.4046383335391|24471&4&998.2509340375102|24475&4&0.0|24477&4&-1.1368683772161603E-13|24481&4&1.9132090745035144|24483&4&333.8140902774286|24488&4&270.4023097430529|24489&4&1085.135402948566|24490&4&113.53776167654294|24500&4&0.0|24507&4&169.63774486913417|24511&4&83.5228209915256,2|24401&4&768.2997058660137|24402&4&783.3455163996645|24408&4&58.53408958428719|24411&4&49.31556511223974|24417&4&702.6809379880988|24425&4&0.24046507848508825|24426&4&1579.2847483438118|24427&4&1758.8491761811424|24436&4&708.9688003316654|24450&4&3045.749904764534|24460&4&532.1233476330674|24464&4&284.6857981529226|24473&4&1249.029961285635|24475&4&0.0|24480&4&2147.418908310011|24485&4&2967.0694501927946|24486&4&-4.973799150320701E-14|24489&4&273.74833788512973|24491&4&467.00577703121303|24511&4&374.1763837689102,2|24403&4&623.4711875540626|24405&4&1719.4189460281755|24414&4&305.0907624835763|24419&4&1611.3903263922782|24424&4&24.165504447314355|24429&4&1415.2971456379983|24435&4&17.651751715828546|24461&4&1088.5708203081435|24462&4&1190.0102387243428|24472&4&860.2536688303032|24478&4&0.0|24483&4&853.4221949003852|24494&4&567.628705090886|24498&4&489.4812263095329,2|24406&4&690.0819108924084|24422&4&115.25918938677314|24424&4&266.80444699396025|24427&4&277.2462208204905|24434&4&100.9910133923274|24435&4&2484.9174538678285|24439&4&243.644522210709|24443&4&2959.9521746168775|24445&4&781.9988259288225|24458&4&4.840324848189312|24466&4&62.7173681970242|24468&4&1090.350387410188|24475&4&0.0|24477&4&2040.3010238550726|24495&4&240.88111822143492,2|24399&4&4503.269061414439|24410&4&47.05379942542729|24416&4&258.59411672165356|24417&4&268.78409821577304|24428&4&1611.8987544623965|24429&4&411.41239789061103|24433&4&1449.152797424343|24456&4&525.5702516151514|24459&4&191.04111298065604|24463&4&288.82249128538456|24467&4&636.1908959067871|24477&4&955.261393428796|24479&4&53.71956461098338|24489&4&90.3230371640762|24491&4&50.42190807711519|24493&4&2341.310882163143,2|24404&4&603.6355344336068|24407&4&804.8041341076434|24410&4&2140.654979431511|24429&4&584.3489256878022|24446&4&237.5103158746981|24450&4&33.28844136913989|24474&4&4.788948716988856|24482&4&2327.6784632765216|24511&4&629.3020698559577,2|24431&4&3889.5193165077153|24432&4&580.4385828363509|24434&4&1740.0402466799796|24437&4&308.7678821696379|24439&4&727.6350999506849|24440&4&1219.354755431833|24441&4&80.81210815066649|24451&4&2597.4747565071934|24453&4&3337.8250747577854|24457&4&58.23002294251835|24459&4&439.41188875074795|24478&4&2055.740755129068|24479&4&3911.5896277611882|24487&4&4.951307653799171|24490&4&665.76823018973|24492&4&214.9957062853511,2|24409&4&2365.033166450643|24413&4&1326.973551129855|24414&4&253.6981095000755|24415&4&1192.353664364061|24422&4&60.768847538669995|24426&4&13.840086786324662|24428&4&191.0282665108322|24430&4&743.4587055804656|24434&4&629.0024439758454|24437&4&563.947404113081|24448&4&305.1026004228323|24453&4&6.394884621840902E-14|24460&4&1941.2882793500407|24475&4&0.0|24495&4&109.4260412283066|24496&4&33.662227328635296,2|24397&4&1107.3859101513492|24400&4&2672.869956135245|24404&4&487.72151647190765|24408&4&588.4169807741653|24418&4&2182.2305275614485|24423&4&2929.3733393867437|24430&4&1008.8461911712308|24432&4&450.0054223298508|24442&4&612.8672098895349|24446&4&1976.099436494176|24452&4&2936.4458481222227|24455&4&76.84390107196366|24460&4&4.618527782440651E-14|24461&4&1894.3752032539508|24470&4&271.6232721025508|24473&4&82.24996288543845|24474&4&6.4331381981745475|24486&4&2615.137823652787|24495&4&310.3660363001504,2|24417&4&1365.4387006689656|24434&4&867.9534856541812|24437&4&31.87375661031388|24438&4&1138.3515305951387|24449&4&1927.9888345949967|24454&4&1125.270735159565|24459&4&827.5325622933983|24467&4&127.46103071651632|24476&4&3154.1697117724216|24483&4&651.6618295005153|24484&4&3790.3782072136833|24489&4&487.16006001814765
272|4,130,1,1,1,1,1,1,1,1,1,1,1,1,1,1,1,1,1,1,1,1,1,1,1,1,1,1,1,1,1,1,1,1,1,1,1,1,1,1,1,1,1,1,1,1,1,1,1,1,1,1,1,1,1,1,1,1,1,1,1,1,1,1,1,1,1,1,1,1,1,1,1,1,1,1,1,1,1,1,1,1,1,1,1,1,1,1,1,1,1,1,1,1,1,1,1,1,1,1,1,1,0,0,0,0,0,0,0,0,0,0,0,0,0,0,0,0,0,0,0,0,2|24398&4&101.25747346781776|24402&4&823.2278959191643|24406&4&198.72260035123975|24408&4&390.247736557933|24414&4&739.1700599138676|24416&4&1107.541037957101|24419&4&317.7026934025371|24420&4&503.72562104713825|24423&4&2712.747603766007|24424&4&1630.4624091386327|24436&4&866.4985007477071|24440&4&309.3547635214372|24445&4&577.8932703918082|24455&4&1109.9518603781942|24463&4&335.9601628848492|24465&4&930.7897243749467|24471&4&1309.2431255974866|24481&4&1.753774984961555|24483&4&847.4912549931416|24488&4&254.05397552186867|24489&4&1306.5435773051022|24490&4&107.71716823742591|24507&4&155.89835721516084|24511&4&63.44394287009417,2|24401&4&1006.0243033823361|24402&4&682.5545275410506|24408&4&37.40209886985873|24411&4&46.23334229272476|24417&4&617.6878038184082|24425&4&0.0|24426&4&1482.651795614183|24427&4&1795.8473219114976|24436&4&605.9278632227958|24450&4&2993.410311645882|24460&4&456.5279333507425|24464&4&343.86831833280615|24473&4&1318.0585227728689|24480&4&1970.2612110170855|24485&4&2677.8545314660587|24489&4&220.6948055094134|24491&4&766.9875264517812|24511&4&339.0865383768265,2|24403&4&570.9689647510554|24405&4&1604.542635252884|24414&4&274.58168623521874|24419&4&2114.723488659186|24424&4&15.358229179207054|24429&4&1292.751946631277|24435&4&8.825875857914278|24461&4&923.2841622688375|24462&4&1080.2394820233533|24472&4&725.5126733548827|24483&4&775.3548695617988|24494&4&676.5919088620108|24498&4&441.06561653237924,2|24406&4&898.0093324214969|24422&4&103.59709345677194|24424&4&234.90793721856713|24427&4&203.64504249578647|24434&4&86.56372576485207|24435&4&2412.08674963103|24439&4&177.82367651765924|24443&4&2691.202638766511|24445&4&671.9365273684824|24458&4&4.517636524976692|24466&4&59.58149978717299|24468&4&1326.8107585200835|24477&4&1855.448862154371|24495&4&207.49934911103009,2|24399&4&4707.658254720551|24410&4&271.28382263156277|24416&4&233.47434179267168|24417&4&192.80323510465894|24428&4&1862.5293018539455|24429&4&549.9773550411768|24433&4&1296.7456993833064|24456&4&485.37924694008495|24459&4&137.99491956143532|24463&4&259.9172032537361|24467&4&524.7056038669363|24477&4&1093.007695489233|24479&4&38.357908801301896|24489&4&81.57985729615112|24491&4&16.79239811111756|24492&4&23.616940536077884|24493&4&2147.390895213622,2|24404&4&591.1277361580492|24407&4&720.0733395014495|24410&4&1923.4783221916655|24429&4&468.027437125478|24446&4&253.78647298062577|24450&4&14.18176510849868|24474&4&4.5072458512836295|24482&4&2167.61835573831|24511&4&592.5953803745434,2|24431&4&3627.6043705708844|24432&4&452.98639444335527|24434&4&1592.3370256881356|24437&4&499.50647757754615|24439&4&671.757660468352|24440&4&1686.107742342427|24441&4&257.8295252289942|24451&4&2500.0405680100557|24453&4&3044.5438332453236|24457&4&55.318521795392435|24459&4&392.6805513102256|24478&4&1881.5015053826041|24479&4&3898.5160699311095|24487&4&4.676235006365884|24490&4&591.7525227047456|24492&4&199.37084479612673,2|24409&4&2805.6142575904573|24413&4&1209.3210489867135|24414&4&236.63656245287166|24415&4&1496.30859261584|24422&4&43.082615680381885|24426&4&-2.8421709430404007E-14|24428&4&133.6178476856992|24430&4&1017.7182229594529|24434&4&485.639896984941|24437&4&515.7161952967648|24448&4&583.0092205767119|24460&4&1832.8140378271637|24475&4&122.4144284487484|24495&4&71.48630003019565|24496&4&30.602024844213904,2|24397&4&992.0236432121615|24400&4&3001.587168703458|24404&4&438.2881029622556|24408&4&546.738222978296|24418&4&2132.093160652399|24423&4&2599.435259752023|24430&4&854.9251379603354|24432&4&412.9107828435534|24442&4&577.9722973535025|24446&4&1802.5823541258908|24452&4&3191.3876184977216|24455&4&69.15951096476729|24461&4&2214.8831670368263|24470&4&586.0127455998545|24473&4&38.058593802395556|24474&4&5.789824378357093|24486&4&2430.70686962734|24495&4&364.0770249302009,2|24397&4&86.00232587876133|24417&4&1540.4721336638422|24434&4&842.334006444314|24437&4&0.40145748676938636|24438&4&1034.6736705340315|24449&4&1894.8284091716305|24454&4&1377.9934878750396|24459&4&856.4646973134438|24467&4&118.7026741190428|24472&4&596.6986198526047|24476&4&3560.9694357062563|24483&4&509.4034025819949|24484&4&3782.566850964481|24488&4&312.4995188940772|24489&4&447.3555100479787
273|4,130,1,1,1,1,1,1,1,1,1,1,1,1,1,1,1,1,1,1,1,1,1,1,1,1,1,1,1,1,1,1,1,1,1,1,1,1,1,1,1,1,1,1,1,1,1,1,1,1,1,1,1,1,1,1,1,1,1,1,1,1,1,1,1,1,1,1,1,1,1,1,1,1,1,1,1,1,1,1,1,1,1,1,1,1,1,1,1,1,1,1,1,1,1,1,1,1,1,1,1,1,0,0,0,0,0,0,0,0,0,0,0,0,0,0,0,0,0,0,0,0,2|24398&4&94.73182720701993|24402&4&808.013969035752|24406&4&148.72141022496436|24408&4&369.02529111965396|24414&4&687.94199798844|24416&4&1020.1360778202304|24419&4&256.3469076829026|24420&4&602.0827079718226|24423&4&3456.0178002666785|24424&4&1788.2971832680648|24436&4&808.7700071399081|24440&4&219.41221809070822|24445&4&1052.9208727966225|24455&4&1189.566269487486|24463&4&316.54553792093833|24465&4&881.7749846049252|24471&4&1295.8276635157558|24481&4&96.36638172267504|24483&4&1859.7398032107776|24488&4&730.9700335608056|24489&4&1233.843116473453|24490&4&101.89657479830888|24507&4&142.1589695611875|24511&4&43.365064748662725,2|24401&4&932.4265914863997|24402&4&586.1702540350259|24408&4&29.767782626956354|24411&4&43.151119473209775|24417&4&532.6946696487174|24426&4&1386.018842884554|24427&4&1658.7083044117226|24436&4&502.88692611392634|24450&4&2769.0679463415067|24460&4&380.93251906841755|24464&4&329.24195233197213|24473&4&1463.367495809612|24480&4&1793.10351372416|24485&4&2388.639612739322|24489&4&180.5945757112721|24491&4&864.9825598631135|24511&4&303.9966929847429,2|24403&4&669.3903218822038|24405&4&1489.6663244775928|24414&4&244.07260998686112|24419&4&1982.0399532786682|24424&4&6.55095391109981|24429&4&1170.2067476245554|24435&4&6.039613253960852E-14|24461&4&760.294753900504|24462&4&972.8432092403899|24472&4&612.0378826614259|24483&4&697.2875442232122|24494&4&610.0616978867238|24498&4&392.6519645984637,2|24406&4&997.6764377880264|24422&4&91.93499752677079|24424&4&203.011427443174|24427&4&130.89327262036537|24434&4&72.13643813737673|24435&4&2904.5924762085565|24439&4&112.00283082460943|24443&4&2762.2949679609505|24445&4&561.8742288081426|24458&4&4.194948201764071|24466&4&56.445631377321774|24468&4&1429.9875461202585|24477&4&1670.5967004536694|24495&4&174.1175800006252,2|24399&4&4355.847468901045|24410&4&530.765297946137|24416&4&208.35456686368977|24417&4&116.82237199354483|24427&4&407.90926637481925|24428&4&1875.4246803886258|24429&4&578.4120862981438|24432&4&253.573011973306|24433&4&1368.9717576434218|24440&4&399.47049415698496|24450&4&147.55097625942017|24456&4&445.1882422650187|24459&4&93.22004727936638|24463&4&231.01191522208762|24467&4&413.2203118270855|24477&4&1148.242613552511|24479&4&28.76843160097646|24485&4&136.61453992433235|24489&4&72.83667742822604|24491&4&7.105427357601002E-15|24492&4&127.44744868812624|24493&4&1949.8678059844938,2|24404&4&773.8546948169948|24407&4&635.3425448952556|24410&4&1716.9489390523768|24416&4&36.79220397567747|24429&4&364.31167438400576|24430&4&334.4184972828668|24446&4&240.50337354190773|24450&4&4.264034644548161|24474&4&4.225542985578403|24482&4&1955.2543174299176|24511&4&680.3000003125209,2|24431&4&3319.534457694476|24432&4&325.53420605035944|24434&4&1444.6338046962917|24437&4&872.0128669508654|24439&4&915.9023189227133|24440&4&1575.9042441321849|24441&4&257.1558665157124|24444&4&300.39684534117765|24451&4&2679.8144342303217|24453&4&2757.515063449082|24457&4&52.40702064826652|24459&4&345.9492138697034|24478&4&1707.262255636141|24479&4&3632.805158233573|24487&4&4.401162358932597|24490&4&517.7368152197611|24492&4&183.74598330690227,2|24409&4&3050.9658818347634|24413&4&1240.7573152086875|24414&4&219.57501540566778|24415&4&1623.6116520401097|24422&4&25.396383822093767|24428&4&93.45308478204394|24430&4&962.6162823285238|24434&4&342.2773499940366|24437&4&467.4849864804487|24448&4&531.1166824652939|24460&4&1724.3397963042867|24475&4&116.29370702631098|24495&4&40.731319661280025|24496&4&27.541822359792512,2|24397&4&876.6613762729736|24400&4&2981.5619306815834|24404&4&388.85468945260357|24408&4&505.0594651824266|24418&4&2332.7401582953044|24423&4&2300.8372760776165|24430&4&712.485876907347|24432&4&375.816143357256|24442&4&575.291871763169|24446&4&1629.787710290076|24452&4&3349.3049092514766|24455&4&61.47512085757093|24461&4&2063.852931887055|24470&4&527.6996304192678|24473&4&12.926148373916048|24474&4&5.146510558539638|24486&4&2246.275915601893|24495&4&471.09214345495144,2|24397&4&124.74329321358613|24417&4&1870.1042589088681|24434&4&1683.3868383713705|24437&4&2.55351295663786E-15|24438&4&1296.7414627020282|24449&4&1757.7982543379933|24454&4&1380.2469114788473|24459&4&857.547064557282|24467&4&109.94431752156927|24472&4&933.9443630599676|24476&4&3932.351197408926|24483&4&379.2071901769174|24484&4&3472.228518999707|24488&4&296.87454294937334|24489&4&407.5509600778098
274|4,130,1,1,1,1,1,1,1,1,1,1,1,1,1,1,1,1,1,1,1,1,1,1,1,1,1,1,1,1,1,1,1,1,1,1,1,1,1,1,1,1,1,1,1,1,1,1,1,1,1,1,1,1,1,1,1,1,1,1,1,1,1,1,1,1,1,1,1,1,1,1,1,1,1,1,1,1,1,1,1,1,1,1,1,1,1,1,1,1,1,1,1,1,1,1,1,1,1,1,1,1,0,0,0,0,0,0,0,0,0,0,0,0,0,0,0,0,0,0,0,0,2|24398&4&88.20618094622209|24402&4&1267.8717394588273|24406&4&113.31109837141581|24408&4&347.80284568137495|24414&4&636.7139360630122|24416&4&932.7311176833598|24419&4&194.99112196326814|24420&4&736.4253391171426|24423&4&3307.2739794705803|24424&4&1672.222999874604|24436&4&753.2737970213223|24440&4&163.6817917058259|24445&4&1179.236131331179|24455&4&1102.0630052462802|24463&4&297.1309129570275|24465&4&947.2384452435931|24471&4&1314.8122380585046|24481&4&0.0|24483&4&2368.1845508449187|24488&4&689.9584797266155|24489&4&1161.1426556418035|24490&4&96.07598135919183|24507&4&128.41958190721414|24511&4&30.523698755154932,2|24401&4&859.0028074281026|24402&4&489.7859805290012|24408&4&22.325836970217253|24411&4&40.06889665369479|24417&4&447.7015354790267|24426&4&1289.3858901549252|24427&4&1521.5692869119475|24436&4&399.8459890050569|24450&4&2544.7255810371316|24460&4&308.09517218638706|24464&4&297.92175247923365|24473&4&1539.9210821474167|24480&4&1615.9458164312346|24485&4&2099.424694012586|24489&4&140.49434591313096|24491&4&846.7987746224784|24511&4&268.9068475926592,2|24403&4&616.4720410599314|24405&4&1374.7900137023018|24414&4&213.5635337385035|24419&4&1849.3564178981505|24424&4&3.275476955549893|24429&4&1047.661548617834|24453&4&707.5002330675475|24461&4&608.8697157137327|24462&4&865.4469364574268|24472&4&638.1236757196214|24483&4&619.2202188846258|24489&4&93.57794893057917|24494&4&543.5314869114367|24498&4&344.2383126645482,2|24406&4&1276.9016361793415|24422&4&80.2729015967696|24424&4&171.11491766778093|24427&4&77.02376954147155|24434&4&57.7091505099014|24435&4&2622.360519861901|24439&4&58.035213106524246|24443&4&2846.7807915390686|24445&4&467.02727352711076|24458&4&3.872259878551451|24462&4&327.2004366014676|24466&4&0.0|24468&4&1307.9392035994017|24477&4&1492.6451213568641|24495&4&140.73581089022036,2|24399&4&4442.348882792679|24410&4&503.4128942855329|24416&4&183.23479193470786|24417&4&50.77740353309054|24427&4&872.6140109147486|24428&4&1921.2089459504516|24429&4&654.937138042445|24432&4&802.7916759153102|24433&4&1645.1345318868362|24440&4&668.0326915947753|24450&4&212.00208738597402|24456&4&404.9972375899524|24459&4&50.391672576026|24463&4&202.10662719043913|24467&4&305.75985246217465|24477&4&1084.6559879540216|24479&4&19.178954400650987|24485&4&840.4529345222953|24489&4&64.09349756030096|24492&4&156.80550762046522|24493&4&1972.8517040405084|24514&4&36.966200782046826,2|24404&4&864.1526803845546|24407&4&550.6117502890615|24410&4&1527.0490527381753|24416&4&34.95259377689359|24429&4&260.59591164253345|24430&4&528.045396177215|24446&4&616.2039724423944|24450&4&0.0|24474&4&0.0|24482&4&1758.2557066804584|24511&4&808.4547148805215,2|24431&4&3069.0382601920055|24432&4&221.07827517316727|24434&4&1296.9305837044476|24437&4&860.6631150275919|24439&4&1364.095789167696|24440&4&1465.700745921943|24441&4&366.8337843420037|24444&4&524.4937550323203|24451&4&2813.3790225574926|24453&4&2470.4862936528402|24457&4&49.4955195011406|24459&4&299.2178764291811|24478&4&1613.882403491735|24479&4&3323.035154349677|24487&4&4.12608971149931|24490&4&443.7211077347766|24492&4&169.42457613642216,2|24409&4&2822.9941590758317|24413&4&1627.212916339869|24414&4&202.51346835846394|24415&4&1620.866055101811|24422&4&9.87174672168735|24428&4&59.5316736944697|24430&4&907.5143416975948|24434&4&207.829861523958|24437&4&419.25377766413254|24448&4&511.12363676306853|24460&4&1674.604066543156|24475&4&110.17298560387357|24495&4&11.192398563417676|24496&4&24.48161987537112,2|24397&4&761.2991093337855|24400&4&2933.236713893002|24404&4&339.4212759429515|24408&4&463.38070738655716|24418&4&2455.8415795157607|24423&4&2034.308805051144|24430&4&599.7130637078129|24432&4&338.7215038709586|24442&4&1046.1097835986986|24446&4&1460.2240472427911|24452&4&3083.2946869812226|24455&4&53.790730750374564|24461&4&2164.6556677840726|24470&4&596.8379268012962|24473&4&-8.171241461241152E-14|24474&4&0.0|24486&4&2061.844961576446|24495&4&634.5692283239264,2|24397&4&586.7686366114172|24417&4&2151.5849696177775|24434&4&2419.024081912997|24438&4&1196.2820444133731|24449&4&1644.8877437672484|24454&4&1765.6781065097632|24459&4&1238.5024901026718|24467&4&531.68784746591|24472&4&885.7553983573378|24476&4&3618.2625413066985|24483&4&273.8958315354537|24484&4&3161.8901870349328|24488&4&281.2495670046695|24489&4&367.74641010764094
275|4,130,1,1,1,1,1,1,1,1,1,1,1,1,1,1,1,1,1,1,1,1,1,1,1,1,1,1,1,1,1,1,1,1,1,1,1,1,1,1,1,1,1,1,1,1,1,1,1,1,1,1,1,1,1,1,1,1,1,1,1,1,1,1,1,1,1,1,1,1,1,1,1,1,1,1,1,1,1,1,1,1,1,1,1,1,1,1,1,1,1,1,1,1,1,1,1,1,1,1,1,1,0,0,0,0,0,0,0,0,0,0,0,0,0,0,0,0,0,0,0,0,2|24398&4&81.68053468542425|24402&4&1340.7528844604217|24406&4&93.81066621582319|24408&4&326.58040024309594|24414&4&585.4858741375845|24416&4&845.3261575464891|24419&4&133.6353362436336|24420&4&668.088480043064|24423&4&3295.734760928167|24424&4&1556.1488164811433|24436&4&1182.856118417061|24440&4&122.04738137922098|24445&4&1107.1481888995133|24455&4&1014.5597410050743|24463&4&277.71628799311657|24465&4&987.8811993032504|24471&4&1565.4491494303534|24483&4&2238.571544138161|24488&4&648.9469258924253|24489&4&1088.4421948101542|24490&4&90.25538792007478|24507&4&114.68019425324078|24511&4&17.68233276164714,2|24401&4&870.9600026425251|24402&4&407.1813271142122|24408&4&14.88389131347815|24411&4&36.98667383417981|24417&4&362.70840130933607|24426&4&1317.0611129374115|24427&4&1384.430269412172|24436&4&296.8050518961873|24450&4&2320.383215732757|24460&4&239.30460196209003|24464&4&344.9580157611476|24473&4&1969.5647022342748|24480&4&1767.4863284413293|24485&4&1833.5034772935128|24489&4&100.39411611498977|24491&4&1068.306668501934|24511&4&233.8170022005755,2|24403&4&563.5537602376592|24405&4&1259.9137029270105|24414&4&183.0544574901459|24419&4&1716.6728825176328|24424&4&110.24645586784649|24429&4&925.1163496111128|24453&4&672.1252214141701|24461&4&474.2548685753237|24462&4&768.355705001377|24472&4&990.2227960927532|24483&4&692.5282119556393|24489&4&414.05910779602243|24494&4&719.0461338249645|24498&4&300.32490705065914,2|24406&4&1201.433960189718|24422&4&68.61080566676841|24424&4&139.2184078923878|24427&4&51.68505196371206|24434&4&43.28186288242607|24435&4&2448.4286051236368|24439&4&22.065578609263866|24443&4&2603.4250257939493|24445&4&380.7990767156632|24458&4&3.5495715553388303|24462&4&310.8404147713942|24468&4&1427.9049881728824|24477&4&1314.6935422600586|24495&4&107.3540417798155,2|24399&4&4766.309599991906|24410&4&545.5853773435797|24416&4&158.11501700572592|24417&4&-2.1316282072803006E-13|24427&4&900.1464337423201|24428&4&1820.3918323801945|24429&4&1060.8666246050516|24432&4&1545.1777619820868|24433&4&1896.168536223252|24440&4&633.6323807796441|24450&4&394.85965604851674|24456&4&364.8062329148861|24459&4&27.017955683379107|24463&4&173.2013391587907|24467&4&210.2796572386627|24477&4&1350.4639560425999|24479&4&9.589477200325515|24485&4&1458.7681735509425|24489&4&55.35031769237588|24490&4&111.68893814779364|24492&4&148.95567265149515|24493&4&1770.8387779991858|24514&4&268.2853465037168,2|24404&4&895.0335274218968|24407&4&465.88095568286775|24410&4&1337.1491664239738|24416&4&33.11298357810972|24429&4&156.8801489010612|24430&4&787.7988690236361|24446&4&624.8812921769857|24482&4&1925.4656668045352|24511&4&756.9733614521184,2|24431&4&2799.430449292421|24432&4&135.94246598659726|24434&4&1149.2273627126035|24437&4&875.8281029459367|24439&4&1752.0679416051532|24440&4&1355.497247711701|24441&4&332.50634223777655|24444&4&497.5180751673513|24451&4&3110.5577490695646|24453&4&2211.6426084003124|24457&4&46.58401835401468|24459&4&252.48653898865882|24478&4&2103.614507181928|24479&4&3013.2651504657815|24487&4&3.8510170640660224|24490&4&369.705400249792|24492&4&155.10316896594207,2|24409&4&2959.410023069991|24413&4&1611.769095311392|24414&4&185.4519213112601|24415&4&1490.9407893812804|24422&4&9.237055564881302E-14|24428&4&34.98692391989448|24430&4&852.4124010666658|24434&4&102.8284852681395|24437&4&371.02256884781644|24448&4&514.8322652336867|24460&4&1734.3116446716547|24475&4&104.05226418143616|24495&4&-3.907985046680551E-14|24496&4&21.421417390949728,2|24397&4&661.7566927237384|24400&4&2728.8832084069195|24404&4&289.9878624332995|24408&4&421.70194959068783|24418&4&2233.046904788185|24423&4&1786.64269065218|24430&4&509.6946746650688|24432&4&301.6268643846613|24442&4&1105.2117962738807|24446&4&1302.564271925966|24452&4&3079.2476164920217|24455&4&46.1063406431782|24461&4&2334.300630906203|24470&4&539.8342758647781|24486&4&1935.0252233308222|24495&4&627.042185449255,2|24397&4&707.8176157161636|24417&4&2927.3072828672666|24434&4&3049.6620159169875|24438&4&1105.8426043384768|24449&4&1516.6363981604463|24454&4&1631.3583565444828|24459&4&1164.1664117130035|24467&4&916.6279669348695|24472&4&837.5664336547078|24476&4&3304.173885204471|24483&4&192.3870308320508|24484&4&2851.5518550701586|24488&4&265.6245910599656|24489&4&327.9418601374721
276|4,130,1,1,1,1,1,1,1,1,1,1,1,1,1,1,1,1,1,1,1,1,1,1,1,1,1,1,1,1,1,1,1,1,1,1,1,1,1,1,1,1,1,1,1,1,1,1,1,1,1,1,1,1,1,1,1,1,1,1,1,1,1,1,1,1,1,1,1,1,1,1,1,1,1,1,1,1,1,1,1,1,1,1,1,1,1,1,1,1,1,1,1,1,1,1,1,1,1,1,1,1,0,0,0,0,0,0,0,0,0,0,0,0,0,0,0,0,0,0,0,0,2|24398&4&75.15488842462642|24402&4&1437.4578176566968|24406&4&74.31023406023058|24408&4&305.35795480481687|24414&4&534.257812212157|24416&4&757.9211974096185|24419&4&72.27955052399905|24420&4&601.5141598098996|24423&4&3523.873147222351|24424&4&1440.074633087682|24436&4&1551.9171953785385|24440&4&85.36503869224107|24445&4&1035.0602464678477|24455&4&927.0564767638685|24463&4&258.3016630292057|24465&4&1063.1884502529465|24471&4&1796.192764174303|24483&4&2108.958537431403|24488&4&607.935372058235|24489&4&1015.741733978505|24490&4&0.0|24507&4&100.94080659926745|24511&4&11.788221841098121,2|24401&4&797.0880062653274|24402&4&333.2983041079974|24408&4&7.441945656739048|24411&4&33.90445101466483|24417&4&277.7152671396454|24426&4&1214.2850809356614|24427&4&1247.291251912397|24436&4&209.6307769504419|24450&4&2101.2766511597474|24460&4&173.33535856239612|24464&4&305.06306218206464|24473&4&1846.6998680406978|24480&4&1895.9816396802632|24485&4&1591.927401642697|24489&4&69.93524168456125|24491&4&1298.3666075008703|24511&4&198.72715680849183,2|24403&4&510.63547941538684|24405&4&1145.0373921517194|24414&4&152.54538124178828|24419&4&1583.9893471371147|24424&4&137.42614680075422|24429&4&802.5711506043913|24453&4&820.5203409375581|24461&4&339.6400214369147|24462&4&678.9306446033822|24472&4&1299.2361576626927|24483&4&606.8921206965729|24489&4&469.94090648862385|24494&4&978.7238254015887|24498&4&258.83776869918296,2|24406&4&1125.9662842000946|24419&4&404.8438057324338|24422&4&164.19641208948258|24424&4&107.32189811699472|24427&4&34.456701309141394|24434&4&28.85457525495074|24435&4&2505.421797243202|24439&4&8.693820263342044|24443&4&3005.707975098988|24445&4&296.6390037114859|24458&4&3.2268832321262098|24459&4&577.378856539658|24462&4&623.3345063092223|24466&4&13.428837335461774|24468&4&1456.6679631493569|24470&4&106.12251530694508|24477&4&1137.7900654625503|24485&4&116.5277008694793|24495&4&73.97227266941064,2|24399&4&4357.9866821360765|24410&4&654.2134166533201|24416&4&132.995242076744|24427&4&851.8868152036833|24428&4&1839.778088231224|24429&4&1814.8866888765083|24432&4&1729.7499519805588|24433&4&2048.3585324814494|24440&4&599.2320699645128|24450&4&383.67522990721636|24456&4&324.61522823981977|24459&4&3.64423879073226|24463&4&144.2960511271422|24467&4&131.61645898976923|24477&4&1270.4076007597569|24479&4&4.263256414560601E-14|24485&4&1383.3700193697882|24489&4&46.6071378244508|24490&4&0.0|24492&4&140.71623150471032|24493&4&1588.9729454096025|24514&4&254.77866367657586,2|24404&4&1115.3548218937933|24407&4&1077.115406365164|24410&4&1147.2492801097728|24416&4&31.273373379325847|24429&4&78.69673274313422|24430&4&817.6446922941585|24446&4&1317.8884029923388|24482&4&2065.442317307312|24511&4&705.4920080237155,2|24431&4&2922.7839693777605|24432&4&83.97294259818015|24434&4&1001.5241417207595|24437&4&825.3256479575103|24439&4&1711.4299204713273|24440&4&1245.2937495014592|24441&4&364.7241441574613|24444&4&470.5423953023824|24451&4&3769.1701331024483|24453&4&1955.3522068898092|24457&4&43.67251720688876|24459&4&205.75520154813654|24478&4&2293.5398130484646|24479&4&2703.495146581885|24487&4&3.575944416632735|24490&4&0.0|24492&4&140.781761795462,2|24409&4&3424.8642226687684|24413&4&1514.7820330641398|24414&4&168.39037426405622|24415&4&1361.0155236607502|24428&4&16.13300646817719|24430&4&797.3104604357367|24434&4&36.23462563416347|24437&4&322.79136003150035|24448&4&464.28613005314514|24460&4&1719.3779179508504|24475&4&97.93154275899875|24496&4&18.361214906528335,2|24397&4&570.1679157417423|24400&4&2664.1930636645952|24404&4&240.5544489236474|24408&4&380.02319179481844|24418&4&2010.2522300606101|24423&4&1538.976576253216|24430&4&433.13741441139706|24432&4&264.5322248983639|24442&4&1070.2712637429354|24446&4&1144.9044966091412|24452&4&2862.969599084592|24455&4&38.421950535981836|24461&4&2158.9403256390624|24470&4&482.83062492826|24486&4&2015.165242236077|24495&4&842.0867857482394,2|24397&4&679.4771360396438|24417&4&3079.562330975037|24434&4&3544.0931321943135|24438&4&1017.4034681038955|24449&4&1395.7520012250131|24454&4&1499.9284122586034|24459&4&1089.830333323335|24467&4&1372.838496947373|24472&4&789.3774689520778|24476&4&2990.0852291022434|24483&4&116.20508954753963|24484&4&2703.4861479806873|24488&4&249.99961511526175|24489&4&288.1373101673032
277|4,130,1,1,1,1,1,1,1,1,1,1,1,1,1,1,1,1,1,1,1,1,1,1,1,1,1,1,1,1,1,1,1,1,1,1,1,1,1,1,1,1,1,1,1,1,1,1,1,1,1,1,1,1,1,1,1,1,1,1,1,1,1,1,1,1,1,1,1,1,1,1,1,1,1,1,1,1,1,1,1,1,1,1,1,1,1,1,1,1,1,1,1,1,1,1,1,1,1,1,1,1,0,0,0,0,0,0,0,0,0,0,0,0,0,0,0,0,0,0,0,0,2|24398&4&68.6292421638286|24402&4&1433.4184734565429|24406&4&54.80980190463797|24408&4&284.1355093665378|24414&4&483.0297502867294|24416&4&670.5162372727477|24419&4&25.21928874444515|24420&4&786.721810886173|24423&4&3296.677472584774|24424&4&1324.000449694221|24436&4&1586.1230210470235|24440&4&48.68269600526119|24445&4&1059.9648969597686|24455&4&839.5532125226626|24463&4&238.88703806529483|24465&4&967.6764504405137|24471&4&1883.0064147299408|24483&4&1979.3455307246454|24488&4&566.9238182240447|24489&4&943.0412731468555|24507&4&87.20141894529411|24511&4&5.894110920549079,2|24401&4&807.4188220325284|24402&4&266.66512646783394|24408&4&-5.5067062021407764E-14|24411&4&30.822228195149847|24417&4&209.67498625883522|24426&4&1111.5090489339113|24427&4&1110.1522344126217|24436&4&159.85517480336532|24450&4&1883.1512839947231|24460&4&114.10579979284662|24464&4&265.1681086029818|24473&4&1799.6809830661846|24480&4&1740.3196090120148|24485&4&1385.0108863993303|24489&4&48.36761204486939|24491&4&1220.2724119332315|24511&4&163.63731141640812,2|24403&4&457.71719859311463|24405&4&1030.1610813764282|24414&4&122.03630499343066|24419&4&1451.3058117565972|24424&4&130.2792233210469|24429&4&680.02595159767|24453&4&1341.897396707861|24461&4&205.02517429850562|24462&4&600.4466329594808|24472&4&1360.3568802725144|24483&4&874.8356943550111|24489&4&445.1630712787598|24494&4&948.0258072774644|24498&4&292.76896034024685,2|24406&4&1050.498608210471|24408&4&228.79483997198315|24419&4&759.2659333353631|24422&4&355.05965231087123|24424&4&76.92851820519212|24427&4&17.228350654570725|24434&4&14.427287627475406|24435&4&2215.669321904859|24439&4&-6.039613253960852E-14|24443&4&3218.3139160501587|24445&4&213.62275246603025|24447&4&54.37537059576351|24458&4&2.9041949089135892|24459&4&548.5099137126751|24462&4&627.3377803796883|24466&4&12.757395468688685|24468&4&1417.8959189377117|24470&4&150.48433603655306|24477&4&960.8865886650419|24485&4&522.1604142541446|24495&4&40.59050355900578,2|24399&4&4181.461605477334|24410&4&748.1696470151882|24416&4&107.8754671477621|24427&4&803.6271966650465|24428&4&1752.8935899234089|24429&4&2186.8758869154717|24432&4&1723.283792000252|24433&4&2135.240355646822|24440&4&785.8850339064874|24450&4&362.54112641403105|24456&4&284.42422356475345|24459&4&6.217248937900877E-15|24463&4&115.39076309549372|24467&4&71.13573396385843|24477&4&1749.6726938296395|24485&4&1307.971865188634|24489&4&37.863957956525724|24490&4&659.4274722626645|24492&4&132.47679035792552|24493&4&1691.3731075408377|24514&4&316.8264839207276,2|24404&4&1037.073196577233|24407&4&1140.8475457867414|24410&4&962.6480454527066|24416&4&62.990373347269724|24429&4&26.322581834905243|24430&4&859.5468375050613|24435&4&331.54257576378563|24446&4&1390.1332014034856|24450&4&116.93808559322838|24482&4&2655.925421214245|24511&4&946.2819956137201,2|24431&4&2706.8085330137765|24432&4&54.77794260988342|24434&4&853.8209207289156|24437&4&935.5228413269654|24439&4&1741.807485940029|24440&4&1135.090251291217|24441&4&337.8869008582211|24444&4&443.56671543741334|24451&4&3472.163349962766|24453&4&1716.3392509372336|24457&4&40.761016059762845|24459&4&159.02386410761426|24478&4&2452.465299829243|24479&4&2483.0486657320803|24487&4&3.300871769199448|24492&4&126.46035462498187,2|24409&4&3760.505175156072|24413&4&1393.222913551693|24414&4&151.32882721685237|24415&4&1231.0902579402198|24428&4&8.066503234088628|24430&4&742.2085198048075|24434&4&0.0|24437&4&274.5601512151842|24448&4&501.293223067432|24460&4&1699.512634215911|24475&4&325.1752156352521|24496&4&19.49585954693098,2|24397&4&478.5791387597462|24400&4&3202.883910539217|24404&4&191.12103541399537|24408&4&338.34443399894906|24418&4&1788.0478483317452|24423&4&1982.790134703731|24430&4&357.69701963810076|24432&4&227.4375854120665|24442&4&1045.9322107646778|24446&4&1011.0360669063523|24452&4&2596.849473256904|24455&4&30.737560428785468|24461&4&2501.201134134859|24470&4&434.20256433017033|24484&4&48.10776747946329|24486&4&2076.6579383739518|24495&4&971.7181244589879,2|24397&4&641.600747719108|24417&4&2939.923026280861|24434&4&3779.549128028032|24438&4&928.9643318693143|24449&4&1274.8676042895793|24454&4&1377.7607836701886|24459&4&1015.4942549336668|24467&4&1823.519204877795|24472&4&741.188504249448|24476&4&3049.6921751840955|24483&4&40.74226581329924|24484&4&2398.4348149987936|24488&4&234.37463917055788|24489&4&248.33276019713435
278|4,130,1,1,1,1,1,1,1,1,1,1,1,1,1,1,1,1,1,1,1,1,1,1,1,1,1,1,1,1,1,1,1,1,1,1,1,1,1,1,1,1,1,1,1,1,1,1,1,1,1,1,1,1,1,1,1,1,1,1,1,1,1,1,1,1,1,1,1,1,1,1,1,1,1,1,1,1,1,1,1,1,1,1,1,1,1,1,1,1,1,1,1,1,1,1,1,1,1,1,1,1,0,0,0,0,0,0,0,0,0,0,0,0,0,0,0,0,0,0,0,0,2|24398&4&62.10359590303075|24402&4&1454.614988428831|24406&4&35.30936974904536|24408&4&262.9130639282588|24414&4&431.80168836130173|24416&4&583.1112771358771|24419&4&2.665498549060321|24420&4&843.6018178805789|24423&4&3069.4817979471977|24424&4&1207.92626630076|24436&4&1623.7641702754986|24440&4&16.484636060236063|24445&4&1621.4425858821|24455&4&752.0499482814568|24463&4&219.47241310138395|24465&4&871.7408417066694|24471&4&1734.9354309509777|24483&4&1849.7325240178877|24488&4&525.9122643898545|24489&4&870.3408123152063|24507&4&73.46203129132076|24511&4&3.730349362740526E-14,2|24401&4&940.8578372439512|24402&4&200.03194882767048|24411&4&27.740005375634865|24417&4&141.63470537802516|24426&4&1008.7330169321614|24427&4&973.0132169128465|24436&4&116.55751169319097|24450&4&1673.4340526912001|24460&4&62.15523143117154|24464&4&258.6512586321133|24473&4&1672.9320309046102|24480&4&1584.6575783437659|24485&4&1178.0943711559644|24489&4&26.79998240517756|24491&4&1144.818951576026|24511&4&128.54746602432445,2|24403&4&404.7989177708424|24405&4&1348.967218627742|24414&4&91.52722874507305|24419&4&1318.6222763760793|24424&4&123.13229984133957|24429&4&557.4807525909486|24453&4&2116.889003158609|24461&4&102.58435240782966|24462&4&526.182693031465|24472&4&1261.9570923574224|24483&4&1552.915049250189|24489&4&420.3852360688958|24494&4&877.617399663541|24498&4&341.87396215022557,2|24406&4&975.0309322208477|24408&4&292.52093146803406|24419&4&978.0579767619693|24422&4&327.6910481389282|24424&4&46.53513829338953|24427&4&5.6843418860808015E-14|24434&4&7.460698725481052E-14|24435&4&1933.557534929449|24443&4&3344.890123767907|24445&4&133.0946172584371|24447&4&0.0|24458&4&2.5815065857009687|24459&4&519.6409708856922|24462&4&665.8028676484198|24466&4&12.085953601915596|24468&4&1302.206521931682|24470&4&294.09410530201785|24477&4&804.4144862162857|24485&4&911.9707291823534|24495&4&12.102911208303219,2|24399&4&4097.285889236755|24410&4&990.4239549007339|24416&4&82.75569221878018|24427&4&755.3675781264099|24428&4&1594.0946756908284|24429&4&2062.998271598394|24432&4&1625.7925851933796|24433&4&2075.7204895855875|24440&4&1030.0723717529936|24450&4&341.4070229208457|24456&4&244.23321888968715|24463&4&86.48547506384526|24467&4&32.31798538091631|24477&4&2288.7130208607286|24485&4&1232.5737110074797|24489&4&29.120778088600645|24490&4&626.4560986495313|24492&4&124.23734921114072|24493&4&1700.0756400542853|24514&4&343.151095118639,2|24404&4&1099.935728543635|24407&4&1055.7268363146504|24410&4&795.5938356525292|24416&4&103.62152456088292|24429&4&5.499848202571882|24430&4&810.0341587123796|24435&4&868.3821347852397|24446&4&1419.2713473016163|24450&4&111.09118131356696|24474&4&48.975612199006385|24482&4&2572.1253512173903|24511&4&1088.223628252468,2|24431&4&3265.09564927436|24432&4&25.582942621586835|24434&4&706.1176997370715|24437&4&876.9854039206448|24439&4&1686.3834045453586|24440&4&1024.8867530809753|24441&4&317.14286435508086|24444&4&420.7993420764411|24451&4&3177.060152775448|24453&4&1502.09854809108|24457&4&37.84951491263693|24459&4&112.29252666709198|24478&4&2250.9193877007256|24479&4&3034.1215094577547|24487&4&3.025799121766161|24492&4&112.13894745450179,2|24409&4&3845.1328631021242|24413&4&1271.6637940392466|24414&4&134.26728016964853|24415&4&1101.1649922196893|24428&4&0.0|24430&4&687.1065791738783|24432&4&240.0062816826594|24437&4&237.2751766341811|24448&4&636.0883179023033|24460&4&1919.335351942293|24475&4&307.3862744978801|24496&4&247.37878182749427,2|24397&4&386.99036177775014|24400&4&3067.7140434838266|24404&4&141.6876219043433|24406&4&78.17015007637053|24408&4&296.66567620307967|24418&4&2171.083792343581|24423&4&2220.5402452208536|24430&4&298.13774947869587|24432&4&190.34294592576916|24442&4&0.0|24446&4&882.3856070679359|24452&4&2364.6531381195505|24455&4&23.0531703215891|24461&4&2754.02743827108|24470&4&385.5745037320807|24484&4&542.3603724988368|24486&4&1876.9909549991826|24495&4&1067.5127221113041,2|24397&4&814.7402266954441|24417&4&3410.8989426167377|24434&4&3716.993446060891|24438&4&840.5251956347331|24449&4&1153.9832073541456|24454&4&1601.09118860839|24459&4&941.1581765439985|24467&4&1825.3576032323012|24472&4&692.9995395468181|24476&4&2901.5788263844042|24483&4&3.979039320256561E-13|24484&4&2126.568398802189|24488&4&218.74966322585402|24489&4&208.52821022696548
279|4,130,1,1,1,1,1,1,1,1,1,1,1,1,1,1,1,1,1,1,1,1,1,1,1,1,1,1,1,1,1,1,1,1,1,1,1,1,1,1,1,1,1,1,1,1,1,1,1,1,1,1,1,1,1,1,1,1,1,1,1,1,1,1,1,1,1,1,1,1,1,1,1,1,1,1,1,1,1,1,1,1,1,1,1,1,1,1,1,1,1,1,1,1,1,1,1,1,1,1,1,1,0,0,0,0,0,0,0,0,0,0,0,0,0,0,0,0,0,0,0,0,2|24398&4&55.577949642232916|24402&4&1523.7463212522566|24406&4&15.808937593452747|24408&4&241.69061848997976|24414&4&555.5698887249966|24416&4&495.7063169990064|24419&4&-1.4210854715202004E-14|24420&4&1011.6134646750354|24423&4&2842.2861233096214|24424&4&1091.852082907299|24436&4&1504.5720408486807|24440&4&-1.2079226507921703E-13|24445&4&1918.4380161400486|24455&4&664.5466840402509|24463&4&200.0577881374731|24465&4&876.1309290424031|24471&4&1587.9103430283194|24483&4&1720.11951731113|24488&4&484.9007105556642|24489&4&797.640351483557|24507&4&59.72264363734741,2|24401&4&852.95995689353|24402&4&138.81729929563963|24411&4&170.97801916331096|24417&4&94.28146897470114|24419&4&88.89102480375186|24426&4&905.9569849304114|24427&4&835.8741994130712|24436&4&83.81002582651365|24450&4&1463.7168213876776|24460&4&36.14968024067414|24464&4&638.82598481788|24473&4&1608.4514031111257|24480&4&1428.9955476755165|24485&4&980.5411190968491|24489&4&5.23235276548573|24491&4&1069.3654912188206|24511&4&93.45762063224078,2|24403&4&351.88063694857016|24405&4&1218.0791345908942|24414&4&61.01815249671544|24419&4&1185.9387409955616|24424&4&115.98537636163223|24429&4&434.9355535842272|24453&4&2036.6172680218092|24461&4&45.60538308762062|24462&4&452.3459305215004|24472&4&1163.5573044423302|24483&4&2245.641790649147|24489&4&975.3438181659715|24494&4&829.5959686892362|24498&4&401.94564986320154,2|24406&4&899.5632562312242|24408&4&277.32289779470244|24419&4&926.1941981004848|24422&4&332.07819554908724|24424&4&19.30325993493958|24435&4&1681.69508942556|24443&4&3257.4636922093923|24445&4&85.35881534144076|24458&4&2.258818262488348|24459&4&576.6121515380473|24462&4&627.5044343292222|24466&4&11.414511735142508|24468&4&1358.0867222306356|24470&4&293.7782836938778|24477&4&683.3902357101944|24485&4&1137.7571052699434|24495&4&-8.171241461241152E-14,2|24399&4&3715.063435109947|24410&4&1322.1221451533302|24416&4&57.63591728979826|24427&4&1154.6202447971486|24428&4&1435.2957614582476|24429&4&1939.120656281316|24432&4&1528.3013783865072|24433&4&1906.4002691545595|24440&4&1110.3938593565408|24450&4&320.2729194276604|24456&4&204.04221421462086|24463&4&57.58018703219679|24467&4&7.248343994998837|24477&4&2527.6973660730214|24485&4&1157.1755568263254|24489&4&20.377598220675566|24490&4&593.4847250363981|24492&4&115.9979080643559|24493&4&1913.6471723218895|24514&4&381.85105561789885,2|24404&4&1280.7417972623737|24407&4&970.6061268425594|24410&4&644.1531857011008|24416&4&97.89665425772597|24424&4&201.368662622903|24429&4&183.04763211824567|24430&4&760.5214799196981|24435&4&1295.4842173638983|24446&4&1384.5193915485206|24450&4&105.24427703390555|24474&4&46.526831589056066|24482&4&2357.4769949605998|24511&4&1221.7467751285383,2|24431&4&3190.423944111804|24432&4&14.774518972797209|24434&4&558.4144787452274|24437&4&818.4479665143242|24439&4&1747.5132777151973|24440&4&914.6832548707332|24441&4&378.15974297617976|24444&4&393.61324688627224|24451&4&2969.9234688932147|24453&4&1319.8136286610597|24457&4&34.93801376551101|24459&4&65.5611892265697|24478&4&2065.764411018936|24479&4&3563.550962526256|24487&4&2.7507264743328737|24492&4&97.8175402840217,2|24409&4&3805.451631559182|24413&4&1462.7441890959917|24414&4&117.20573312244468|24415&4&1209.5372156114918|24430&4&632.0046385429494|24432&4&442.6003676278208|24437&4&202.37242490345136|24448&4&583.9530609042565|24460&4&2264.813174992526|24475&4&289.5973333605082|24480&4&36.68935224077586|24496&4&295.53949532255467,2|24397&4&299.10772104591865|24400&4&2809.661829915822|24404&4&93.63361466260706|24406&4&275.29705156600096|24408&4&254.98691840721028|24418&4&1946.8418889952898|24423&4&2117.30947667234|24430&4&238.57847931929098|24432&4&153.24830643947178|24442&4&79.18937875057657|24446&4&764.6026471298162|24452&4&2654.929863182804|24455&4&15.368780214392732|24461&4&3370.4453159038003|24470&4&345.6295966781808|24484&4&1074.5808827661394|24486&4&1771.94029019546|24495&4&1302.823089965999,2|24397&4&1001.9174852088163|24417&4&3347.4128521989555|24434&4&3470.19325151284|24438&4&752.0860594001518|24449&4&1033.098810418712|24454&4&1658.8160949635155|24459&4&866.82209815433|24467&4&1925.5707138861349|24472&4&644.8105748441882|24476&4&3074.517817633203|24484&4&1858.2804452999887|24488&4&203.12468728115016|24489&4&168.72366025679662
280|4,130,1,1,1,1,1,1,1,1,1,1,1,1,1,1,1,1,1,1,1,1,1,1,1,1,1,1,1,1,1,1,1,1,1,1,1,1,1,1,1,1,1,1,1,1,1,1,1,1,1,1,1,1,1,1,1,1,1,1,1,1,1,1,1,1,1,1,1,1,1,1,1,1,1,1,1,1,1,1,1,1,1,1,1,1,1,1,1,1,1,1,1,1,1,1,1,1,1,1,1,1,0,0,0,0,0,0,0,0,0,0,0,0,0,0,0,0,0,0,0,0,2|24398&4&49.05230338143508|24402&4&2069.388131884681|24406&4&0.0|24408&4&220.46817305170072|24414&4&984.8346986754368|24416&4&408.3013568621358|24420&4&966.9162949545951|24423&4&2615.0904486720447|24424&4&975.777899513838|24436&4&1446.2246918660376|24445&4&2111.520925227658|24455&4&694.1266037412203|24463&4&180.64316317356221|24465&4&850.5193597252251|24471&4&1684.7503976033368|24483&4&1590.5065106043721|24488&4&443.88915672147397|24489&4&724.9398906519075|24507&4&45.983255983374065,2|24401&4&765.0620765431088|24402&4&90.54651638112904|24411&4&171.61092567886374|24417&4&46.928232571377244|24419&4&375.2108883256959|24426&4&803.9702083000941|24427&4&700.1980694039597|24436&4&51.062539959836386|24450&4&1258.8240849544688|24460&4&26.79038260479257|24464&4&622.2801330699823|24473&4&1673.1592925294171|24480&4&1273.3335170072676|24485&4&820.8414869441173|24489&4&3.375077994860476E-14|24491&4&993.912030861615|24511&4&63.69154247048798,2|24403&4&649.9098285746309|24405&4&1081.2350839572841|24414&4&30.50907624835783|24419&4&1053.255205615044|24424&4&108.83845288192491|24429&4&312.39035457750583|24453&4&2045.658445811529|24461&4&17.62609434837493|24462&4&378.5091680115358|24472&4&1065.1575165272384|24483&4&2664.527797247777|24489&4&1087.0703326964494|24494&4&953.4854774949579|24498&4&351.4934345509953,2|24406&4&824.0955802416008|24408&4&262.1248641213708|24419&4&874.3304194390003|24422&4&417.724425085862|24424&4&13.10068398048896|24435&4&1471.7023701618593|24443&4&3015.124706089564|24445&4&47.92147943439025|24458&4&1.9361299392757274|24459&4&930.3438779924746|24462&4&671.4570748922573|24466&4&10.74306986836942|24468&4&1454.8426069012462|24470&4&431.162811620211|24477&4&587.3479005498004|24485&4&1240.0816379960659,2|24399&4&3580.920830035867|24410&4&1984.073806755214|24416&4&32.51614236081634|24427&4&1331.5542004319093|24428&4&1310.9983337652905|24429&4&1815.2430409642384|24432&4&1430.8101715796347|24433&4&1738.8179654867035|24440&4&1395.4355076051104|24450&4&299.13881593447513|24456&4&163.85120953955456|24463&4&28.67489900054833|24467&4&5.5067062021407764E-14|24477&4&2802.138089810449|24485&4&1081.7774026451712|24489&4&11.634418352750487|24490&4&560.5133514232649|24492&4&107.7584669175711|24493&4&1936.971025534703|24514&4&359.47795570631763,2|24404&4&1182.095718986693|24407&4&885.4854173704686|24410&4&508.5393876193477|24416&4&182.12879865664615|24417&4&454.0067698687808|24424&4&191.30022949175785|24429&4&745.0710961616222|24430&4&711.0088011270163|24435&4&1945.5538571157806|24446&4&1513.89883375299|24450&4&419.23213356066896|24474&4&0.0|24482&4&2142.8286387038092|24511&4&1350.9555467987336,2|24431&4&3081.616965401582|24432&4&5.844143789026221|24434&4&422.4358609620152|24437&4&759.9105291080036|24439&4&1882.190711226045|24440&4&804.4797566604914|24441&4&353.3276607168276|24444&4&366.42715169610346|24451&4&2891.430968221403|24453&4&1147.3984864611202|24457&4&32.02651261838509|24459&4&27.09644311425669|24478&4&2429.3259514022975|24479&4&3239.0300967234402|24487&4&2.4756538268995865|24492&4&83.4961331135416,2|24409&4&3845.418980260453|24413&4&1415.643322041201|24414&4&100.14418607524084|24415&4&1392.9823591225659|24430&4&576.9026979120201|24432&4&798.2118139694588|24437&4&167.46967317272163|24448&4&670.5008178870152|24460&4&2573.269135103287|24475&4&0.0|24480&4&110.48333976806958|24496&4&277.5624920412415,2|24397&4&232.92944458320528|24400&4&2680.1733044467464|24404&4&69.78176728175806|24406&4&261.33677361251|24408&4&213.30816061134092|24418&4&1734.2598207579529|24423&4&1983.6990362269914|24430&4&179.80101524631536|24432&4&116.1536669531744|24442&4&226.29493183457436|24446&4&653.6683384677824|24452&4&2810.693945756342|24455&4&7.684390107196365|24461&4&3679.994903899561|24463&4&86.09155510774025|24467&4&94.13145814001393|24470&4&312.6881172327393|24484&4&1815.1994585129164|24486&4&1908.458093259046|24495&4&1243.9982179632373,2|24397&4&1481.0259047577542|24417&4&3090.978601298785|24434&4&3223.393056964789|24438&4&663.6469231655706|24449&4&1333.791876106845|24454&4&1750.691576244199|24459&4&792.4860197646616|24467&4&1807.1686665564725|24472&4&596.6216101415582|24476&4&3434.682510703701|24484&4&1612.189931366158|24488&4&187.4997113364463|24489&4&128.91911028662776
281|4,130,1,1,1,1,1,1,1,1,1,1,1,1,1,1,1,1,1,1,1,1,1,1,1,1,1,1,1,1,1,1,1,1,1,1,1,1,1,1,1,1,1,1,1,1,1,1,1,1,1,1,1,1,1,1,1,1,1,1,1,1,1,1,1,1,1,1,1,1,1,1,1,1,1,1,1,1,1,1,1,1,1,1,1,1,1,1,1,1,1,1,1,1,1,1,1,1,1,1,1,1,0,0,0,0,0,0,0,0,0,0,0,0,0,0,0,0,0,0,0,0,2|24398&4&42.52665712063724|24402&4&2206.789439397202|24408&4&199.24572761342165|24414&4&1166.6980512933455|24416&4&320.89639672526505|24420&4&900.4297194518741|24423&4&2387.894774034468|24424&4&859.7037161203768|24436&4&1908.9112005179877|24445&4&2040.074763313603|24455&4&784.6002246812725|24463&4&161.22853820965133|24465&4&876.9680104771909|24471&4&1615.1121394835513|24483&4&1460.8935038976142|24488&4&402.87760288728373|24489&4&652.2394298202582|24507&4&32.24386832940072,2|24401&4&767.5396756268701|24402&4&61.54843744915462|24411&4&400.11012923300035|24417&4&16.134362684166387|24419&4&356.22811634740174|24426&4&703.3106919381025|24427&4&566.8031121639985|24436&4&18.315054093159123|24450&4&1060.0099366448053|24451&4&756.7615358206124|24460&4&22.325318837327163|24464&4&577.1315698029376|24470&4&183.11121242504922|24473&4&1670.7778603957422|24480&4&1131.7184661732715|24485&4&687.2302935196187|24491&4&918.4585705044096|24511&4&39.950139194223254,2|24403&4&731.8023077004054|24405&4&1017.8978053550197|24414&4&2.2026824808563106E-13|24419&4&935.4690941538739|24424&4&101.69152940221758|24429&4&218.21773227755602|24453&4&2363.3106597572278|24461&4&5.6843418860808015E-14|24462&4&306.8359877684917|24472&4&966.7577286121461|24483&4&2489.6309700045404|24489&4&1214.3771663578323|24494&4&1047.2635580023966|24498&4&303.78905902312795,2|24406&4&748.6279042519775|24408&4&246.92683044803914|24419&4&822.4666407775157|24422&4&452.4309113695918|24424&4&6.898108026038404|24435&4&1286.5685868651105|24443&4&3674.554496131445|24445&4&27.743945617684588|24458&4&1.6134416160631067|24459&4&1300.0349970917512|24462&4&995.1779878764803|24466&4&10.07162800159633|24468&4&1551.1857914034877|24470&4&407.3763306603918|24477&4&491.7941287444434|24485&4&1502.0998294801354,2|24399&4&3791.863728335701|24410&4&2303.377233487345|24416&4&7.396367431834424|24427&4&1940.7863433967846|24428&4&1436.0130178668169|24429&4&1691.3654256471605|24432&4&1333.318964772762|24433&4&1660.0117081747676|24440&4&1360.7635013167912|24450&4&278.00471244128977|24456&4&123.66020486448825|24463&4&2.932314111615945|24477&4&2621.105314605576|24485&4&1006.379248464017|24489&4&2.891238484825408|24490&4&527.5419778101317|24492&4&0.0|24493&4&2457.7740803162774|24514&4&337.10485579473635,2|24404&4&1159.8587731116022|24407&4&888.801444321371|24410&4&399.4019493817701|24416&4&171.90607761838538|24417&4&931.8954290803609|24424&4&181.2317963606127|24429&4&1240.6632230824457|24430&4&755.6613940449026|24435&4&2407.987465951015|24446&4&1801.8075436211716|24450&4&714.005573016474|24474&4&6.405572649068918|24482&4&1928.1802824470185|24511&4&1468.7721511431546,2|24431&4&3608.0273495786514|24432&4&3.730349362740526E-14|24434&4&304.3899262128808|24437&4&701.373091701683|24439&4&1738.9255673510156|24440&4&707.6163140498036|24441&4&328.4955784574754|24444&4&339.2410565059346|24451&4&2596.6778411904947|24453&4&985.0260531362073|24457&4&29.115011471259173|24459&4&4.563294874815101|24478&4&2437.1960012692066|24479&4&3072.0909884362263|24487&4&39.30696346335905|24492&4&0.0,2|24409&4&3533.6484312952675|24413&4&1443.893859687509|24414&4&83.082639028037|24415&4&1265.4308709334764|24430&4&521.800757281091|24432&4&963.5384640468445|24437&4&132.5669214419919|24448&4&828.5201952200596|24460&4&2376.536650017681|24475&4&206.9674278642977|24480&4&257.19862938095577|24496&4&259.5854887599284,2|24397&4&182.30486649886623|24400&4&2943.813403771428|24404&4&45.92991990090911|24406&4&399.86148416027754|24408&4&171.6294028154715|24418&4&2024.5386727448351|24423&4&1747.9150947946393|24430&4&121.02355117333983|24432&4&79.05902746687701|24442&4&328.36559486366855|24446&4&562.3940474016529|24452&4&2528.5144969866005|24455&4&-1.7763568394002505E-15|24461&4&4003.7642597346353|24463&4&635.2973216356315|24467&4&89.42488523301324|24470&4&284.38596035069446|24484&4&2383.937343927347|24486&4&1883.2900766253974|24495&4&1155.794660462186,2|24397&4&1974.6891659317034|24417&4&2834.5443503986157|24434&4&2976.592862416739|24438&4&575.2077869309894|24449&4&1194.9334871305368|24454&4&1618.3861952985615|24459&4&718.1499413749932|24467&4&1688.7666192268102|24472&4&548.4326454389284|24476&4&3472.6485291053505|24484&4&1388.7628686366963|24488&4&171.87473539174243|24489&4&89.11456031645889
282|4,130,1,1,1,1,1,1,1,1,1,1,1,1,1,1,1,1,1,1,1,1,1,1,1,1,1,1,1,1,1,1,1,1,1,1,1,1,1,1,1,1,1,1,1,1,1,1,1,1,1,1,1,1,1,1,1,1,1,1,1,1,1,1,1,1,1,1,1,1,1,1,1,1,1,1,1,1,1,1,1,1,1,1,1,1,1,1,1,1,1,1,1,1,1,1,1,1,1,1,1,1,0,0,0,0,0,0,0,0,0,0,0,0,0,0,0,0,0,0,0,0,2|24398&4&36.0010108598394|24402&4&2045.75466451361|24408&4&178.0232821751426|24414&4&1317.626217619086|24416&4&233.49143658839435|24420&4&891.3252688123358|24423&4&2160.699099396891|24424&4&743.629532726916|24436&4&2121.554806711775|24445&4&2192.636976464581|24455&4&796.6214744134587|24463&4&141.81391324574048|24465&4&934.0975468696686|24471&4&1536.621382763811|24483&4&1331.2804971908567|24488&4&361.86604905309343|24489&4&579.5389689886089|24507&4&18.504480675427374,2|24401&4&1226.3584000767605|24402&4&43.64479021899087|24411&4&552.3865039838847|24417&4&-2.8421709430404007E-14|24419&4&337.24534436910756|24421&4&84.4135157177455|24426&4&1088.8664300353596|24427&4&461.8475520312932|24436&4&0.17070121395003665|24450&4&876.6616403249135|24451&4&1392.5491247903146|24460&4&17.860255069861736|24464&4&541.2167987613001|24470&4&173.95565180379677|24473&4&1768.5096919999048|24480&4&1003.6432945710392|24485&4&1059.4321333362752|24491&4&843.005110147204|24511&4&16.208735917958567,2|24403&4&812.6749323118217|24405&4&1342.0444508994788|24419&4&818.8525474863799|24424&4&94.54460592251024|24429&4&148.68932414721485|24453&4&2217.9584335553673|24462&4&245.63467750487453|24472&4&909.5820563776001|24483&4&2314.7341427613037|24489&4&1313.498725807413|24494&4&1008.2351262731576|24498&4&259.41459610095774,2|24406&4&673.1602282623539|24408&4&231.7287967747075|24412&4&56.728604788882905|24419&4&770.6028621160312|24422&4&422.7355843625837|24424&4&0.7748700562687358|24435&4&1115.002584832334|24443&4&3950.6041860604983|24445&4&7.566411800978926|24458&4&1.290753292850486|24459&4&1421.817091527423|24462&4&1311.925810938846|24466&4&9.400186134823242|24468&4&1659.5461778206743|24470&4&383.5898497005725|24477&4&396.24035693908655|24485&4&1416.529136941856,2|24399&4&4605.9044286600565|24410&4&2598.8388120694763|24416&4&5.5067062021407764E-14|24427&4&2244.4097565521242|24428&4&1264.119468505741|24429&4&1567.4878103300828|24432&4&1235.8277579658895|24433&4&1760.8961713582698|24440&4&1607.5010078259734|24450&4&256.8706089481044|24456&4&638.6735995970919|24463&4&0.0|24477&4&2655.4466374522917|24485&4&930.9810942828628|24489&4&0.0|24490&4&494.5706041969985|24493&4&2610.2817855700305|24514&4&314.73175588315513,2|24404&4&1057.3922382158917|24407&4&799.2588980281305|24410&4&308.17985900156384|24415&4&28.154824121754814|24416&4&871.0593890621626|24417&4&1403.9825271082154|24424&4&487.55260398095925|24429&4&1576.201525474849|24430&4&1074.2377243139595|24435&4&2516.9549095279663|24446&4&1760.3053417668875|24450&4&1268.838965848109|24474&4&6.085294016615472|24482&4&1713.5319261902275|24511&4&1590.485897419981,2|24431&4&4048.0901196529026|24434&4&189.3667702172767|24437&4&642.8356542953625|24439&4&1633.019624670154|24440&4&610.7528714391158|24441&4&303.6634961981233|24444&4&312.0549613157658|24451&4&2331.941001055849|24453&4&844.0672236061565|24457&4&41.524161853779084|24459&4&2.281647437407604|24478&4&2229.460358554044|24479&4&3424.668653594787|24487&4&37.17657170173113,2|24409&4&3221.877882330082|24413&4&1413.0219925792912|24414&4&66.02109198083313|24415&4&1137.879382744387|24430&4&466.6988166501619|24432&4&911.5426680306679|24437&4&97.66416971126216|24448&4&774.9663951017822|24460&4&2179.8041649320753|24475&4&238.05803838685154|24480&4&243.96618001285577|24496&4&272.4309476777725,2|24397&4&137.13493354937253|24400&4&2908.09900204344|24404&4&22.964959950454556|24406&4&550.9690488226611|24407&4&311.47881079352265|24408&4&129.95064501960212|24418&4&2684.764042700458|24423&4&1525.1158727138252|24430&4&62.24608710036422|24432&4&41.964387980579644|24442&4&475.09353539675055|24446&4&488.09757972889287|24452&4&2373.4299535951614|24461&4&4048.578909080388|24463&4&812.8124068180352|24467&4&246.53644414759844|24470&4&257.94977521574526|24484&4&2417.387613899078|24486&4&1688.6653874421306|24495&4&1067.5911029611345,2|24397&4&1858.4741482725995|24417&4&2578.110099498445|24434&4&2729.7926678686886|24438&4&621.8511545420893|24449&4&1164.7183397838887|24454&4&1486.0808143529239|24459&4&643.8138629853249|24467&4&1570.3645718971482|24472&4&500.2436807362985|24476&4&3145.978392425599|24484&4&1184.5030395708427|24488&4&156.24975944703857|24489&4&49.31001034629002
283|4,130,1,1,1,1,1,1,1,1,1,1,1,1,1,1,1,1,1,1,1,1,1,1,1,1,1,1,1,1,1,1,1,1,1,1,1,1,1,1,1,1,1,1,1,1,1,1,1,1,1,1,1,1,1,1,1,1,1,1,1,1,1,1,1,1,1,1,1,1,1,1,1,1,1,1,1,1,1,1,1,1,1,1,1,1,1,1,1,1,1,1,1,1,1,1,1,1,1,1,1,1,0,0,0,0,0,0,0,0,0,0,0,0,0,0,0,0,0,0,0,0,2|24398&4&29.47536459904156|24402&4&1884.719889630018|24408&4&156.80083673686357|24414&4&1224.312831760064|24416&4&146.08647645152368|24420&4&860.707704379173|24423&4&1933.5034247593148|24424&4&627.5553493334548|24436&4&1951.8681934828069|24445&4&2098.608602113338|24455&4&869.2084445001713|24463&4&122.3992882818296|24465&4&0.0|24471&4&1407.0251245358784|24483&4&1201.6674904840988|24488&4&320.8544952189032|24489&4&506.83850815695956|24507&4&4.765093021454026,2|24401&4&1136.5987132892583|24402&4&25.741142988827193|24411&4&727.8876985175532|24419&4&318.2625723908134|24421&4&675.2723758866879|24426&4&990.0800246388789|24427&4&380.72556104816806|24436&4&118.85200451967614|24450&4&713.6834195685443|24451&4&1625.033292959789|24460&4&13.39519130239631|24464&4&585.4856803751802|24470&4&164.80009118254432|24473&4&2157.1911505356593|24480&4&875.5681229688068|24485&4&1502.0612735664656|24491&4&767.5516497899987|24511&4&-4.973799150320701E-14,2|24403&4&750.4545432185404|24405&4&1720.5777102490863|24419&4&704.7014788888863|24424&4&87.3976824428029|24429&4&93.0327456135847|24444&4&329.35456900911356|24453&4&2631.3051174556863|24462&4&200.39349221158938|24472&4&809.1210626784807|24483&4&2296.5129213507676|24489&4&1864.9734020414776|24494&4&1170.3702303344103|24498&4&215.04013317878753,2|24406&4&597.6925522727304|24408&4&301.77254374827515|24412&4&132.85078837051543|24419&4&718.7390834545467|24422&4&478.0246296417834|24424&4&5.10702591327572E-15|24435&4&949.0832508801127|24443&4&3741.770481892104|24445&4&4.263256414560601E-14|24458&4&0.9680649696378651|24459&4&1505.0225795652077|24462&4&1353.2222560579917|24466&4&0.0|24468&4&1534.2581123832645|24470&4&359.80336874075317|24477&4&306.50562968093857|24485&4&1330.9584444035768,2|24399&4&4189.214917364041|24410&4&2440.236698803434|24427&4&2294.783718633129|24428&4&1598.8517203272904|24429&4&1443.6101950130048|24432&4&1138.336551159017|24433&4&1918.464499912911|24440&4&1877.0558366145985|24450&4&235.73650545491913|24456&4&677.1618987733223|24477&4&2776.2529254628635|24485&4&855.5829401017086|24490&4&495.1108227464643|24493&4&2862.6788733204576|24514&4&292.35865597157385,2|24404&4&1396.2323027915827|24407&4&717.6929599747875|24410&4&244.9494631881173|24415&4&238.044284193179|24416&4&1122.2736927447777|24417&4&1724.3683368866787|24424&4&494.57196443325427|24429&4&1693.327200271536|24430&4&1495.2374206661952|24435&4&2571.4740835444386|24446&4&1640.3577992178307|24450&4&2056.3299162345543|24474&4&5.765015384162026|24482&4&1812.877593562121|24511&4&1722.8515431233766,2|24431&4&3952.730822103284|24434&4&97.64672224012126|24437&4&800.279093605533|24439&4&1761.5907154904598|24440&4&516.44843652208|24441&4&278.8314139387711|24444&4&284.868866125597|24451&4&2109.966349575952|24453&4&723.945064090311|24457&4&150.26872341429765|24459&4&-7.105427357601002E-15|24478&4&2233.234199889916|24479&4&3404.015194273013|24487&4&35.0461799401032,2|24409&4&2910.107333364896|24413&4&1323.5701721846806|24414&4&48.95954493362929|24415&4&1010.3278945552975|24430&4&411.59687601923275|24432&4&1352.0119827172284|24437&4&62.76141798053242|24448&4&721.4125949835047|24460&4&1983.0716798464687|24475&4&227.32934213052826|24480&4&230.73373064475578|24496&4&255.97302377092296,2|24397&4&99.44064790483597|24400&4&2938.149694945052|24404&4&0.0|24406&4&520.7499168420604|24407&4&404.2337589637014|24408&4&88.27188722373273|24418&4&2682.379329263355|24423&4&1473.4999476695716|24430&4&17.151141198812198|24432&4&10.972492179533843|24442&4&449.7056547185068|24446&4&415.14540195773367|24452&4&2969.0107484132404|24461&4&4220.661935214969|24463&4&770.3575528408866|24467&4&233.73896464951846|24470&4&233.3137873051843|24484&4&2733.580667901586|24486&4&1494.040698258864|24495&4&979.387545460083,2|24397&4&1742.2591306134955|24417&4&2321.6758485982746|24434&4&3220.885618780171|24438&4&526.657893115224|24449&4&1094.2819149631569|24454&4&1353.775433407286|24459&4&569.4777845956564|24467&4&1451.9625245674858|24472&4&452.05471603366857|24476&4&3157.8536710290246|24484&4&988.250744395026|24488&4&140.6247835023347|24489&4&9.505460376121153
284|4,130,1,1,1,1,1,1,1,1,1,1,1,1,1,1,1,1,1,1,1,1,1,1,1,1,1,1,1,1,1,1,1,1,1,1,1,1,1,1,1,1,1,1,1,1,1,1,1,1,1,1,1,1,1,1,1,1,1,1,1,1,1,1,1,1,1,1,1,1,1,1,1,1,1,1,1,1,1,1,1,1,1,1,1,1,1,1,1,1,1,1,1,1,1,1,1,1,1,1,1,1,0,0,0,0,0,0,0,0,0,0,0,0,0,0,0,0,0,0,0,0,2|24398&4&298.49307439806194|24402&4&1804.6947378738867|24408&4&135.5783912985845|24414&4&1171.6755456488713|24416&4&97.25345605193422|24420&4&792.4134707765419|24423&4&1706.307750121738|24424&4&511.48116593999384|24436&4&1782.181580253838|24445&4&1931.0792180512344|24455&4&1062.148388393483|24463&4&102.98466331791874|24465&4&208.0094651139549|24471&4&1277.4288663079458|24483&4&1072.0544837773411|24488&4&279.84294138471296|24489&4&434.13804732531025|24507&4&-2.1316282072803006E-14,2|24401&4&1054.122730961931|24402&4&7.837495758663518|24411&4&711.9004792281648|24415&4&96.22469849002465|24419&4&299.2798004125192|24421&4&641.2977233030591|24426&4&880.4476227265229|24427&4&316.20752067612074|24436&4&433.29005781903334|24450&4&578.1798117330059|24451&4&1697.8725628305585|24460&4&8.930127534930882|24464&4&545.5617267007669|24470&4&155.64453056129187|24473&4&1994.485596124916|24480&4&747.4929513665747|24485&4&1373.590092820485|24491&4&692.0981894327933,2|24403&4&688.2341541252591|24405&4&1579.862835679769|24419&4&590.5504102913927|24424&4&80.25075896309558|24429&4&50.024357856328834|24444&4&568.4732445099174|24453&4&2458.0179457487166|24462&4&166.08659355561917|24472&4&814.4910816161959|24483&4&2369.587991889679|24489&4&1984.2656878751513|24490&4&20.915434730449732|24494&4&1077.8349698305642|24498&4&296.82483583301814,2|24406&4&522.224876283107|24408&4&761.4990592844115|24412&4&126.06642744001745|24419&4&666.8753047930622|24422&4&447.6541332824763|24435&4&806.1250938698614|24443&4&3433.6983759203963|24458&4&0.6453766464252444|24459&4&1514.3994204312148|24462&4&1267.5870389217228|24468&4&1410.0909906043294|24470&4&336.01688778093387|24477&4&238.5145181220482|24485&4&1245.3877518652976,2|24399&4&4239.413481551659|24410&4&2281.634585537392|24427&4&2268.8544929912323|24428&4&1833.406105803361|24429&4&1319.7325796959271|24432&4&1040.8453443521444|24433&4&1903.4537285402848|24440&4&2019.5363871232596|24450&4&214.6024019617338|24456&4&636.0040578357438|24477&4&2644.492289016569|24485&4&780.1847859205543|24490&4&460.4638695252011|24492&4&187.08907753828566|24493&4&2750.5349631331596|24514&4&269.9855560599927,2|24404&4&1475.237760447564|24407&4&641.0424967122643|24410&4&188.37797249138652|24415&4&226.0716829232157|24416&4&1343.3247474889558|24417&4&2057.325542707539|24424&4&716.8292352799947|24429&4&1598.8802419870576|24430&4&1597.651922028393|24435&4&2481.2216643071542|24446&4&1520.4102566687739|24450&4&2411.4797473360195|24474&4&5.44473675170858|24482&4&1931.9381837168476|24511&4&1590.1235834153786,2|24431&4&3900.662610356613|24434&4&36.52647417565755|24437&4&767.9956747078743|24439&4&1717.729326761826|24440&4&444.22551301603244|24441&4&253.999331679419|24444&4&257.6827709354282|24451&4&1895.091929076768|24453&4&608.2444597896141|24457&4&140.9700849264831|24478&4&2227.9949607884723|24479&4&3630.983863494682|24487&4&32.91578817847528,2|24409&4&2728.0765686515606|24413&4&1192.1348438618227|24414&4&32.606401698720276|24415&4&901.0832532713189|24430&4&356.4949353883037|24432&4&1597.7644083017194|24437&4&49.010783698115574|24448&4&667.8587948652273|24460&4&1786.339194760863|24475&4&225.4523502039275|24480&4&491.0331474549921|24496&4&239.5150998640734,2|24397&4&67.63997806392372|24400&4&2799.8813286334835|24406&4&493.8080057816186|24407&4&464.3597918087382|24408&4&51.60453799823375|24418&4&2470.657439437375|24423&4&1308.5354875677187|24430&4&6.23952727893123|24432&4&4.96330300119466|24442&4&424.3177740402631|24446&4&342.1932241865744|24452&4&3174.079293291133|24461&4&4387.111818304183|24463&4&727.9026988637379|24467&4&220.94148515143848|24470&4&208.7973509641533|24484&4&3096.9913835631196|24486&4&1834.8214478042578|24495&4&892.9528099717741,2|24397&4&1697.2852451611634|24417&4&2076.037845780089|24434&4&3692.7343883729327|24438&4&481.07432214261564|24449&4&962.8560659506213|24454&4&1221.4700524616483|24459&4&495.1417062059881|24467&4&1333.5604772378235|24472&4&403.86575133103867|24476&4&3584.631172403987|24484&4&818.9627117133268|24488&4&124.99980755763085|24489&4&-4.263256414560601E-14
285|4,130,1,1,1,1,1,1,1,1,1,1,1,1,1,1,1,1,1,1,1,1,1,1,1,1,1,1,1,1,1,1,1,1,1,1,1,1,1,1,1,1,1,1,1,1,1,1,1,1,1,1,1,1,1,1,1,1,1,1,1,1,1,1,1,1,1,1,1,1,1,1,1,1,1,1,1,1,1,1,1,1,1,1,1,1,1,1,1,1,1,1,1,1,1,1,1,1,1,1,1,1,0,0,0,0,0,0,0,0,0,0,0,0,0,0,0,0,0,0,0,0,2|24398&4&333.6943544565308|24402&4&2114.8957255724113|24408&4&114.35594586030545|24414&4&1280.8296361315186|24416&4&56.19722515689811|24420&4&724.1192371739106|24423&4&1479.1120754841616|24424&4&405.49769342272475|24436&4&1619.1923505870645|24445&4&2041.4591134195462|24455&4&1346.585555188004|24463&4&83.57003835400786|24465&4&197.60899185825716|24471&4&1403.6422401907812|24483&4&942.4414770705836|24488&4&238.8313875505227|24489&4&361.437586493661,2|24401&4&971.6467486346038|24402&4&-5.5067062021407764E-14|24410&4&149.5657062212216|24411&4&745.2961163847683|24415&4&91.41346356552341|24419&4&280.297028434225|24421&4&682.8285403513283|24426&4&770.8152208141668|24427&4&251.68948030407338|24436&4&650.1521041381707|24450&4&455.61863151909927|24451&4&1702.2057089972527|24460&4&4.465063767465456|24464&4&505.63777302635356|24470&4&146.48896994003942|24473&4&1842.4354293642994|24480&4&620.8306892238286|24485&4&1562.5708961842572|24491&4&616.6447290755879,2|24403&4&626.013765031978|24405&4&1752.3632127270766|24419&4&476.3993416938991|24424&4&73.10383548338825|24429&4&20.200090211551455|24444&4&539.2261958618988|24453&4&2284.7307740417477|24462&4&137.8198102279352|24472&4&1438.4313605829361|24483&4&2472.8105731433225|24489&4&1861.106845352587|24490&4&186.32102477568574|24494&4&991.3582022351334|24498&4&277.9856389741765,2|24406&4&447.3944852727783|24408&4&785.0879002997881|24412&4&145.4788688270825|24419&4&615.0115261315777|24422&4&417.2836369231692|24435&4&684.749684409184|24443&4&3494.343885880151|24458&4&0.32268832321262364|24459&4&1417.6300042014523|24462&4&1181.9518217854543|24468&4&1387.202574724024|24470&4&312.23040682111457|24477&4&171.60745571939205|24485&4&1159.8170593270183,2|24399&4&3919.6148346533773|24410&4&2123.0324722713503|24427&4&2458.6141188009187|24428&4&2181.7381433303635|24429&4&1195.8549643788494|24432&4&943.3541375452721|24433&4&2161.9324785513336|24440&4&2026.3083035391355|24450&4&193.46829846854848|24456&4&594.8462168981653|24477&4&2714.0665234578346|24485&4&704.7866317394|24490&4&425.816916303938|24492&4&0.0|24493&4&2534.890330368784|24514&4&247.6124561484114,2|24404&4&1795.3456423172909|24407&4&567.5844786024081|24410&4&131.80648179465567|24415&4&214.09908165325234|24416&4&1607.3845179506015|24417&4&1942.5804298524604|24424&4&920.8972478175195|24429&4&1880.3246296465395|24430&4&1595.1848335630175|24435&4&2566.7559515972453|24446&4&1400.462714119717|24450&4&2518.0430484517346|24474&4&5.1244581192551335|24482&4&1816.2176870128596|24511&4&1457.3956237073808,2|24431&4&3937.310626328249|24434&4&1.7053025658242404E-13|24437&4&696.8065403485048|24439&4&1574.7443974129137|24440&4&380.793509886215|24441&4&229.1672494200668|24444&4&230.49667574525938|24451&4&1685.9209408277698|24453&4&492.5438554889173|24457&4&131.67144643866857|24478&4&2169.32048928084|24479&4&3593.2489664571085|24487&4&30.785396416847355,2|24409&4&2722.0464113241164|24413&4&1145.6851899215023|24414&4&19.99163045904261|24415&4&800.5236223162321|24417&4&518.9891318560376|24430&4&301.3929947573746|24432&4&1646.1593098720912|24437&4&37.0836847223964|24448&4&614.3049947469499|24460&4&1589.6067096752568|24475&4&213.6378626306116|24480&4&618.001448160631|24496&4&223.0571759572238,2|24397&4&38.716759091682704|24400&4&2613.051423935284|24406&4&463.4250127550099|24407&4&439.313585942559|24408&4&26.61815359375248|24418&4&2437.545174578747|24423&4&1615.7817936874894|24430&4&3.119763639465626|24432&4&3.3088686674630834|24442&4&398.92989336201936|24446&4&269.2410464154152|24452&4&2941.7223402972227|24461&4&4110.963067693352|24463&4&685.4478448865892|24467&4&208.1440056533585|24470&4&184.2809146231223|24484&4&3229.7856257077847|24486&4&2513.5154222892274|24495&4&806.5180744834654,2|24397&4&1759.251255987469|24417&4&1843.3793352907624|24434&4&3925.4719643800363|24438&4&785.8793674304893|24449&4&939.0063540765243|24454&4&1089.1646715160105|24459&4&423.1535579115782|24467&4&1215.1584299081615|24472&4&355.67678662840876|24476&4&3987.6295405743695|24484&4&665.4183573555799|24488&4&109.37483161292698
286|4,130,1,1,1,1,1,1,1,1,1,1,1,1,1,1,1,1,1,1,1,1,1,1,1,1,1,1,1,1,1,1,1,1,1,1,1,1,1,1,1,1,1,1,1,1,1,1,1,1,1,1,1,1,1,1,1,1,1,1,1,1,1,1,1,1,1,1,1,1,1,1,1,1,1,1,1,1,1,1,1,1,1,1,1,1,1,1,1,1,1,1,1,1,1,1,1,1,1,1,1,1,0,0,0,0,0,0,0,0,0,0,0,0,0,0,0,0,0,0,0,0,2|24398&4&0.0|24402&4&2572.0080689134097|24408&4&93.1335004220264|24414&4&1219.1629117000891|24416&4&28.69642259892958|24420&4&655.8250035712796|24423&4&1251.916400846585|24424&4&302.49443427356937|24436&4&1469.5824927637227|24445&4&2046.0178785251583|24455&4&1385.386527854508|24463&4&64.15541339009701|24465&4&320.75855159635813|24471&4&1273.4064156700122|24483&4&812.8284703638258|24488&4&201.7592173932113|24489&4&288.73712566201164,2|24401&4&889.1707663072766|24410&4&187.57774011805282|24411&4&802.7697252731966|24415&4&86.60222864102218|24419&4&785.6775798111486|24421&4&645.0786142861047|24426&4&717.6129459065592|24427&4&196.6009295162067|24436&4&616.2492872748504|24450&4&348.09106612589443|24451&4&1718.2824793812752|24460&4&3.019806626980426E-14|24464&4&465.7138193519402|24470&4&137.33340931878698|24473&4&1694.1560065619733|24480&4&511.3040678846008|24485&4&1592.6531571522523|24491&4&541.1912687183824,2|24403&4&563.7933759386967|24405&4&1601.0162323092104|24419&4&362.24827309640546|24424&4&65.95691200368091|24429&4&1.3500311979441904E-13|24444&4&509.9791472138801|24453&4&2111.4436023347785|24462&4&109.55302690025124|24472&4&1339.0220907258663|24483&4&2300.3265339726368|24489&4&1737.9480028300227|24490&4&176.95268495007534|24494&4&913.1467310071557|24498&4&259.1464421153348,2|24406&4&372.56409426244954|24408&4&937.2984887402608|24412&4&466.36622078613016|24419&4&563.1477474700932|24422&4&386.9131405638621|24435&4&574.7167228338826|24443&4&3865.528978528535|24458&4&0.0|24459&4&1320.8605879716893|24462&4&1096.3166046491854|24468&4&1257.9715176501575|24470&4&288.4439258612953|24477&4&104.7003933167359|24485&4&1074.2463667887391,2|24399&4&3520.4023180844624|24410&4&1964.4303590053082|24427&4&2287.161335824031|24428&4&2028.7389988230916|24429&4&1071.9773490617717|24432&4&845.8629307383994|24433&4&2078.1541291479134|24440&4&1883.549851814418|24450&4&172.33419497536318|24456&4&786.3798283586422|24477&4&2733.576739624503|24485&4&629.3884775582458|24490&4&391.1699630826748|24492&4&62.8371952635096|24493&4&2992.920086595531|24514&4&225.23935623683016,2|24404&4&1961.1309882555065|24407&4&497.5434945557337|24410&4&81.38988507512298|24415&4&202.12648038328902|24416&4&1851.7205322997827|24417&4&1827.8353169973811|24424&4&1005.7986483857474|24429&4&2294.7396800025617|24430&4&1714.373029967245|24435&4&2793.316945900804|24446&4&1280.5151715706602|24450&4&2372.757423861581|24474&4&4.804179486801687|24482&4&1931.4595773360447|24511&4&1718.6824553525828,2|24431&4&3842.4786639646536|24437&4&625.6174059891352|24439&4&1431.7594680640013|24440&4&321.9069446283604|24441&4&204.33516716071466|24444&4&203.31058055509064|24451&4&1484.4063635542398|24453&4&376.84325118822045|24457&4&122.37280795085402|24478&4&2357.388157130316|24479&4&3262.913928750979|24487&4&0.0,2|24409&4&2687.9771075047383|24413&4&1132.3929831733944|24414&4&9.398308251393042|24415&4&699.9639913611456|24417&4&1008.4133005278427|24430&4&246.2910541264455|24432&4&1552.255434089741|24437&4&25.156585746677226|24448&4&560.7511946286725|24460&4&1454.61288911218|24475&4&200.54047496047127|24480&4&583.3985383144814|24496&4&206.59925205037422,2|24397&4&18.750004352838385|24400&4&2394.127196012352|24406&4&433.04201972840116|24407&4&649.9982086932109|24408&4&8.446000169150702|24418&4&2604.6236646636926|24423&4&2410.6951598096807|24430&4&2.042810365310288E-14|24432&4&1.6544343337315366|24442&4&373.54201268377574|24446&4&196.28886864425598|24452&4&2668.2717027187323|24461&4&3786.4985246081706|24463&4&642.9929909094406|24467&4&195.34652615527853|24470&4&159.7644782820913|24484&4&3276.1691241177505|24486&4&2818.444629554725|24495&4&720.0833389951565,2|24397&4&1863.131850289039|24417&4&1632.828306046505|24434&4&4307.598786018105|24438&4&1132.7304291394364|24449&4&975.5060437297705|24454&4&1143.4350320496378|24459&4&351.1654096171683|24467&4&1100.6707008240858|24472&4&307.48782192577886|24476&4&4050.3485444819576|24484&4&534.3064293769653|24488&4&93.74985566822312
287|4,130,1,1,1,1,1,1,1,1,1,1,1,1,1,1,1,1,1,1,1,1,1,1,1,1,1,1,1,1,1,1,1,1,1,1,1,1,1,1,1,1,1,1,1,1,1,1,1,1,1,1,1,1,1,1,1,1,1,1,1,1,1,1,1,1,1,1,1,1,1,1,1,1,1,1,1,1,1,1,1,1,1,1,1,1,1,1,1,1,1,1,1,1,1,1,1,1,1,1,1,1,0,0,0,0,0,0,0,0,0,0,0,0,0,0,0,0,0,0,0,0,2|24398&4&90.70760962647775|24402&4&2392.4513064946555|24408&4&71.91105498374736|24414&4&1142.109191239901|24416&4&9.706415347257698|24420&4&587.5307699686484|24423&4&1024.7207262090085|24424&4&218.25805442850455|24436&4&1319.972634940381|24445&4&1864.033192706904|24455&4&1706.3137921802377|24463&4&44.74078842618614|24465&4&607.2946426722366|24471&4&1143.1705911492434|24483&4&683.2154636570681|24488&4&530.8666837508974|24489&4&216.03666483036233,2|24401&4&877.1522590487489|24410&4&177.82493884659712|24411&4&750.3559624024853|24415&4&454.9740106995687|24419&4&1223.393509732496|24421&4&607.3286882208811|24426&4&1233.8160360734178|24427&4&143.15603156452272|24436&4&1000.7942733951749|24450&4&247.665576318655|24451&4&1632.2262371618285|24464&4&425.7898656775268|24470&4&128.17784869753453|24473&4&1549.5171294056684|24480&4&410.63701756098055|24485&4&1453.7036879429852|24491&4&465.9078945725449,2|24403&4&505.92224821089087|24405&4&1454.4234516142096|24419&4&257.0001685450078|24424&4&58.80998852397358|24433&4&273.26367699025286|24444&4&480.7320985658614|24453&4&2040.1618309905293|24462&4&81.28624357256727|24472&4&1263.7386253870582|24483&4&2265.503254872904|24489&4&1614.7891603074584|24490&4&167.58434512446493|24494&4&972.1253669186406|24498&4&240.30724525649316,2|24406&4&300.20496892706507|24408&4&1064.0081543641459|24412&4&442.97340617400863|24419&4&511.28396880860873|24422&4&356.542644204555|24435&4&473.257573212911|24443&4&3829.295608295195|24459&4&1570.2372343623733|24462&4&1010.6813875129167|24468&4&1131.8022677786178|24470&4&264.65744490147597|24477&4&50.48098894056263|24485&4&988.6756742504599,2|24399&4&3193.7995218607343|24410&4&1805.828245739266|24427&4&2115.7085528471434|24428&4&2113.870287465478|24429&4&948.099733744694|24432&4&748.371723931527|24433&4&1905.9445291222146|24440&4&1740.7914000897|24450&4&151.20009148217787|24456&4&735.3670866565279|24477&4&2496.0835698043343|24485&4&553.9903233770915|24490&4&356.52300986141165|24492&4&59.69533550033412|24493&4&3037.2043746351333|24514&4&202.8662563252489,2|24404&4&1819.4950439515592|24407&4&443.042868840694|24410&4&36.097019167320184|24415&4&190.1538791133257|24416&4&2078.4847832509827|24417&4&1713.0902041423024|24424&4&1323.8530651067254|24429&4&2155.115325624001|24430&4&1671.196860102849|24435&4&3361.786197699851|24446&4&1160.5676290216034|24450&4&2227.471799271427|24474&4&4.483900854348241|24482&4&2099.5239600134123|24511&4&1581.8490548116129,2|24431&4&3974.1701159227096|24437&4&554.4282716297658|24439&4&1288.7745387150887|24440&4&263.0203793705058|24441&4&179.5030849013625|24444&4&176.1244853649218|24451&4&1295.2852369647096|24453&4&261.14264688752365|24457&4&113.07416946303947|24478&4&2133.1642555837534|24479&4&3173.322971815345,2|24409&4&2529.4620403054473|24413&4&1281.9307176063896|24414&4&0.0|24415&4&599.404360406059|24417&4&956.6951626718105|24430&4&191.1891134955164|24432&4&1593.97097212348|24437&4&13.229486770958054|24448&4&507.197394510395|24460&4&1254.7934708004477|24475&4&187.443087290331|24480&4&757.9533966733907|24496&4&190.14132814352467,2|24397&4&11.882164558410523|24400&4&2127.9019981504503|24406&4&402.6590267017924|24407&4&900.0778755525847|24408&4&3.552713678800501E-15|24418&4&2381.2194289662143|24423&4&3100.063136725439|24432&4&-1.021405182655144E-14|24442&4&348.154132005532|24446&4&123.33669087309676|24452&4&2394.8210651402424|24461&4&3649.413070063596|24463&4&600.538136932292|24467&4&182.54904665719855|24470&4&135.24804194106028|24484&4&3540.9170708731826|24486&4&2593.1020071714547|24495&4&820.0938722998587,2|24397&4&1722.6303806235192|24400&4&414.75968948362083|24410&4&419.4192075661455|24417&4&1450.7013378956497|24434&4&4317.336852863657|24438&4&1270.4323216226567|24449&4&1217.3550200014279|24452&4&472.6047249012572|24454&4&1014.5390946647805|24459&4&279.17726132275834|24460&4&343.6361774444632|24467&4&991.027010091897|24472&4&259.29885722314896|24476&4&4044.4608286717707|24484&4&416.08874999986006|24488&4&78.12487972351926
288|4,130,1,1,1,1,1,1,1,1,1,1,1,1,1,1,1,1,1,1,1,1,1,1,1,1,1,1,1,1,1,1,1,1,1,1,1,1,1,1,1,1,1,1,1,1,1,1,1,1,1,1,1,1,1,1,1,1,1,1,1,1,1,1,1,1,1,1,1,1,1,1,1,1,1,1,1,1,1,1,1,1,1,1,1,1,1,1,1,1,1,1,1,1,1,1,1,1,1,1,1,1,0,0,0,0,0,0,0,0,0,0,0,0,0,0,0,0,0,0,0,0,2|24398&4&86.17222914515386|24402&4&2198.7844268540275|24408&4&50.68860954546832|24414&4&1511.4614147114703|24416&4&1.7763568394002505E-14|24420&4&519.2365363660172|24423&4&829.5163771313881|24424&4&158.53946512147715|24436&4&1183.9328018544309|24445&4&1685.3378648515445|24455&4&1593.145477941289|24463&4&25.326163462275282|24465&4&626.4025490290094|24471&4&1166.3505686654617|24483&4&553.6024569503104|24488&4&559.7839552031701|24489&4&149.72936265342244,2|24401&4&950.6442359025209|24410&4&168.07213757514143|24411&4&701.0244223512883|24415&4&923.8988906958957|24419&4&1568.8686122441736|24421&4&657.7026974461062|24426&4&1293.3144796619192|24427&4&101.95555163273342|24436&4&1385.5326009563628|24450&4&148.6119453339594|24451&4&1525.8219875534785|24464&4&385.86591200311346|24470&4&119.02228807628207|24473&4&1404.8782522493632|24480&4&319.176138662484|24485&4&1314.7542187337176|24491&4&458.18359613402316,2|24403&4&1035.879500317472|24405&4&1628.3286791807777|24419&4&179.70220424739773|24424&4&51.66306504426625|24430&4&118.16932509597427|24431&4&674.8653032283523|24433&4&259.60049314074024|24444&4&451.48504991784273|24453&4&2404.3461551991704|24462&4&53.019460244883305|24472&4&1180.3095948354262|24483&4&2877.3639231540037|24489&4&1710.54423014422|24490&4&158.2160052988545|24494&4&885.9373016165484|24498&4&221.46804839765156,2|24406&4&229.8055170629932|24408&4&998.1178341769614|24412&4&0.0|24419&4&459.42019014712423|24422&4&326.17214784524793|24435&4&400.94966377608614|24443&4&3514.5383677084465|24447&4&32.310031948401424|24459&4&1456.1605150015882|24462&4&1075.469312567997|24468&4&1005.633017907078|24470&4&240.87096394165673|24476&4&377.4367149354057|24477&4&19.028392084879705|24485&4&903.1049817121807,2|24399&4&3323.041616119828|24410&4&1647.2261324732242|24427&4&2411.8582162634466|24428&4&2111.233698172332|24429&4&824.2221184276164|24432&4&650.8805171246545|24433&4&1736.8463577714194|24440&4&1598.0329483649823|24450&4&130.06598798899256|24456&4&684.3543449544137|24477&4&2858.8106204227865|24485&4&478.59216919593734|24490&4&321.8760566401485|24492&4&0.0|24493&4&3121.3684813234163|24514&4&180.49315641366763,2|24404&4&1677.8590996476123|24407&4&397.0725686327675|24410&4&7.909750074545961|24415&4&178.18127784336235|24416&4&2064.525359300831|24417&4&1598.3450912872236|24424&4&1582.7678023219737|24429&4&2015.49097124544|24430&4&1542.7291157311338|24435&4&3134.7947963343804|24446&4&1040.6200864725463|24450&4&2158.8235709977903|24474&4&4.163622221894795|24482&4&2513.339866948737|24511&4&1445.0156542706432,2|24431&4&3627.6238403634575|24437&4&842.3451949660733|24439&4&1201.2129454581059|24440&4&204.13381411265112|24441&4&154.67100264201034|24444&4&148.93839017475307|24451&4&1112.9463647064701|24453&4&155.61340903521292|24457&4&135.48840391982475|24478&4&2334.485272694096|24479&4&3919.9264400514867,2|24409&4&2256.2073837221506|24413&4&1654.443890457471|24415&4&508.74240074057934|24417&4&904.9770248157782|24430&4&138.15623367354868|24432&4&1486.7919861382436|24437&4&1.302387795238881|24448&4&453.64359439211756|24460&4&1073.8891121701838|24475&4&174.34569962019071|24480&4&904.8530272574754|24496&4&173.68340423667507,2|24397&4&8.911623418807892|24400&4&1861.7456220353279|24406&4&702.1185641994223|24407&4&848.8995075477442|24418&4&2334.228936764557|24423&4&3588.5447462308675|24442&4&322.7662513272883|24446&4&64.18047858783079|24452&4&2138.0585665394374|24461&4&4075.5132514879806|24463&4&699.2881524567192|24467&4&169.75156715911857|24470&4&110.73160560002927|24484&4&3303.751738076462|24486&4&2517.360750801824|24495&4&790.0960953314399,2|24397&4&1582.128910957999|24400&4&394.0217050094398|24410&4&820.9543370899846|24417&4&1268.5743697447945|24434&4&4050.567075948053|24438&4&1263.1791501620228|24449&4&1362.9917208596794|24452&4&862.894478203343|24454&4&1217.8812342786782|24459&4&212.57739252145598|24460&4&714.5714931814607|24467&4&881.3833193597084|24469&4&53.02432586794857|24472&4&211.10989252051908|24476&4&3685.4543557523953|24484&4&310.37051746096915|24488&4&62.499903778815394
289|4,130,1,1,1,1,1,1,1,1,1,1,1,1,1,1,1,1,1,1,1,1,1,1,1,1,1,1,1,1,1,1,1,1,1,1,1,1,1,1,1,1,1,1,1,1,1,1,1,1,1,1,1,1,1,1,1,1,1,1,1,1,1,1,1,1,1,1,1,1,1,1,1,1,1,1,1,1,1,1,1,1,1,1,1,1,1,1,1,1,1,1,1,1,1,1,1,1,1,1,1,1,0,0,0,0,0,0,0,0,0,0,0,0,0,0,0,0,0,0,0,0,2|24398&4&101.46026405749136|24402&4&2071.153967315807|24408&4&29.46616410718927|24414&4&1529.0369964176439|24420&4&709.3830236895426|24423&4&648.5354258029869|24424&4&99.3023709350316|24436&4&1056.8824269633424|24445&4&1529.3814054924344|24455&4&1705.5023778660416|24463&4&8.330013351223945|24465&4&591.5755415964973|24471&4&1029.9680093415714|24483&4&443.6255732010484|24488&4&633.976372855041|24489&4&92.96958294216552,2|24401&4&1125.6029723421598|24410&4&158.3193363036857|24411&4&651.6928823000919|24415&4&875.808741633743|24419&4&1478.7807364916935|24421&4&615.54657461636|24426&4&1180.7392747535403|24427&4&68.54669100563177|24436&4&1466.3162242310611|24450&4&77.34177449060782|24451&4&1419.417737945129|24464&4&345.9419583287|24470&4&109.8667274550296|24473&4&1390.1653076581908|24480&4&230.36488581822633|24485&4&1175.804749524451|24491&4&384.5459263617519,2|24403&4&961.5482196403391|24405&4&1986.469603921732|24412&4&34.04902606663691|24419&4&125.97414115793084|24424&4&44.51614156455892|24430&4&358.52899361599754|24431&4&772.5075366519015|24433&4&245.9373092912276|24437&4&20.111914543960722|24444&4&422.2380012698241|24453&4&3449.8661730879858|24462&4&25.968649899677004|24472&4&1078.8347082758753|24478&4&423.9938027259585|24483&4&3023.6662020318854|24489&4&1899.719548819189|24490&4&148.8476654732441|24494&4&799.7492363144565|24498&4&202.6288515388099,2|24406&4&165.86383259705457|24408&4&969.7500727358946|24419&4&407.5564114856397|24422&4&295.80165148594085|24435&4&328.64175433926124|24443&4&3817.2439685330182|24447&4&30.694530350981353|24459&4&1634.3028408967025|24462&4&1342.2998550419843|24468&4&1034.035650735419|24470&4&217.08448298183743|24476&4&781.0348607832987|24477&4&1.4210854715202004E-13|24485&4&817.5342891739014,2|24399&4&3583.1201495304517|24410&4&1488.624019207182|24427&4&2437.2539135509123|24428&4&1930.6487169884776|24429&4&700.3445031105387|24432&4&553.389310317782|24433&4&1568.3875159991635|24440&4&1455.2744966402647|24450&4&108.93188449580724|24456&4&633.3416032522994|24477&4&3451.6686949546056|24485&4&403.1940150147831|24490&4&287.2291034188853|24493&4&2874.087491751696|24514&4&391.5297200961326,2|24404&4&1538.5063005988968|24407&4&351.10226842484104|24410&4&0.0|24415&4&166.20867657339903|24416&4&1933.8686084781664|24417&4&1483.5999784321448|24424&4&1487.9843626583925|24429&4&2110.5116166259977|24430&4&1414.2613713594183|24435&4&2907.8033949689116|24446&4&1783.6908831526353|24450&4&2727.724180641498|24474&4&3.843343589441349|24482&4&2313.777976027052|24511&4&1312.7914137876005,2|24431&4&3320.082729950145|24437&4&753.2007577219199|24439&4&1278.0424353676194|24440&4&145.24724885479648|24441&4&0.0|24444&4&121.75229498458424|24451&4&932.2454198150697|24453&4&69.08062675120209|24457&4&144.65114960841868|24478&4&2110.1185724789566|24479&4&4217.899325765761,2|24409&4&2350.645381002302|24413&4&1987.7279622822546|24415&4&438.238365600891|24417&4&853.258886959746|24424&4&376.7612858148361|24430&4&85.12335385158099|24432&4&1395.4900369056363|24437&4&-7.105427357601002E-15|24448&4&400.08979427384|24460&4&920.3264615282319|24475&4&161.24831195005038|24480&4&1624.1319622651713|24496&4&157.22548032982553,2|24397&4&5.941082279205261|24400&4&1606.4821976046117|24406&4&1033.4829729496241|24407&4&797.7211395429039|24418&4&2459.066104725866|24423&4&3540.847662323228|24442&4&562.7917775345884|24446&4&16.817422752345166|24452&4&1893.5454103298098|24461&4&4021.98494454475|24463&4&846.050405504227|24467&4&156.95408766103856|24470&4&86.21516925899826|24484&4&3370.62115338941|24486&4&2648.8059266648024|24495&4&710.266483931961,2|24397&4&1441.627441292479|24400&4&1611.062371995913|24410&4&857.3873413818856|24417&4&1086.4474015939388|24434&4&3693.1682208986344|24438&4&1234.3950968846405|24449&4&1626.1260927339845|24452&4&1487.478144733112|24454&4&1418.8544686254481|24459&4&150.9939960766212|24460&4&1247.005703749725|24467&4&771.7396286275196|24469&4&50.373109574551144|24472&4&162.9209278178892|24476&4&3361.196609346359|24484&4&210.20798798936863|24488&4&46.87492783411153
290|4,130,1,1,1,1,1,1,1,1,1,1,1,1,1,1,1,1,1,1,1,1,1,1,1,1,1,1,1,1,1,1,1,1,1,1,1,1,1,1,1,1,1,1,1,1,1,1,1,1,1,1,1,1,1,1,1,1,1,1,1,1,1,1,1,1,1,1,1,1,1,1,1,1,1,1,1,1,1,1,1,1,1,1,1,1,1,1,1,1,1,1,1,1,1,1,1,1,1,1,1,1,0,0,0,0,0,0,0,0,0,0,0,0,0,0,0,0,0,0,0,0,2|24398&4&95.93371280648441|24402&4&2205.317466076893|24408&4&8.24371866891022|24414&4&1692.854869027196|24420&4&750.1465023116264|24423&4&467.5544744745854|24424&4&57.94218787140072|24436&4&936.6762850727001|24445&4&1373.4249461333245|24450&4&286.5643167874222|24455&4&2019.6015489595509|24463&4&-6.039613253960852E-14|24465&4&556.7485341639851|24471&4&901.3829764063121|24483&4&333.6486894517865|24488&4&665.1696874536699|24489&4&39.63746301607803,2|24401&4&1019.120616959458|24410&4&148.56653503223|24411&4&602.3613422488952|24415&4&827.7185925715903|24419&4&1388.692860739213|24421&4&573.390451786614|24426&4&1075.6587224501789|24427&4&35.13783037853012|24436&4&1381.63349013908|24450&4&30.97321837055538|24451&4&1470.8441568625435|24464&4&306.0180046542867|24470&4&100.71116683377714|24473&4&1422.6458182003223|24480&4&171.7769331204626|24485&4&1536.6374479146866|24491&4&340.5145938508859,2|24403&4&892.8839366932687|24405&4&2224.140679187288|24412&4&56.319822210602396|24419&4&94.71944802722018|24424&4&37.369218084851596|24430&4&500.8340505895767|24431&4&1036.8521322069787|24433&4&418.2808572984641|24437&4&251.8477868596277|24444&4&611.3101255345788|24453&4&3768.6457524089747|24462&4&5.304623579744569|24472&4&977.3598217163245|24478&4&1115.729586671117|24483&4&2790.366167198418|24489&4&2108.7013772014743|24490&4&139.4793256476337|24494&4&767.3868229033953|24498&4&183.78965467996827,2|24406&4&117.02535340167528|24408&4&1128.938733083434|24419&4&355.6926328241552|24422&4&265.43115512663377|24435&4&256.33384490243634|24443&4&3649.879339726185|24447&4&29.079028753561282|24459&4&1527.6732042035553|24462&4&1467.6700787691052|24468&4&904.7216618277205|24470&4&193.29800202201812|24476&4&799.6324552417658|24485&4&731.9635966356223,2|24399&4&3840.0375990373223|24410&4&1330.0219059411402|24427&4&2231.4095781251644|24428&4&2063.578039336192|24429&4&576.466887793461|24432&4&455.8981035109094|24433&4&1399.9286742269073|24440&4&1312.516044915547|24450&4&87.79778100262192|24456&4&582.3288615501853|24477&4&3389.580241168953|24485&4&327.79586083362886|24490&4&252.58215019762218|24493&4&2918.705823326577|24514&4&396.76555261078624,2|24404&4&1401.7015276026445|24407&4&305.1319682169146|24415&4&154.2360753034357|24416&4&1803.2118576555015|24417&4&1368.854865577066|24424&4&1393.2009229948112|24429&4&2280.5354414531666|24430&4&1285.7936269877032|24435&4&2680.811993603442|24446&4&1845.382601282693|24450&4&2542.7057810330334|24474&4&3.523064956987903|24482&4&2114.835894088576|24511&4&1330.0714354359716,2|24431&4&3012.541619536833|24437&4&664.0563204777666|24439&4&1368.7272687462369|24440&4&86.36068359694181|24444&4&94.56619979441545|24451&4&760.5219996142827|24453&4&19.219968207897075|24457&4&0.0|24478&4&1897.5208527590285|24479&4&4356.478621304038,2|24397&4&42.4519990920752|24409&4&2224.363370140596|24413&4&1900.7372901295007|24415&4&369.81561936343576|24417&4&1183.7291775056704|24424&4&895.3898317337935|24426&4&522.6615982679493|24430&4&45.32409962719651|24432&4&1349.993051763498|24448&4&698.822494189805|24460&4&793.8697932092707|24475&4&148.15092427991004|24480&4&1973.4648743103287|24496&4&140.76755642297593,2|24397&4&2.9705411396026307|24400&4&1394.0886885165746|24406&4&1195.6831989356388|24407&4&746.5427715380633|24418&4&2743.9069863118916|24423&4&3572.498358269604|24442&4&611.5673350280008|24446&4&8.526512829121202E-14|24452&4&1680.623384702953|24461&4&4163.485926376528|24463&4&786.7214405270129|24467&4&144.15660816295858|24470&4&61.69873291796724|24484&4&3822.9634646242607|24486&4&2830.3425825808854|24495&4&630.4368725324821,2|24397&4&1301.125971626959|24400&4&2205.623179229286|24410&4&811.3646130502052|24417&4&904.3204334430835|24434&4&3391.611653478156|24438&4&1182.292814994166|24449&4&1489.8471279935297|24452&4&1750.5188595145687|24454&4&1497.6084126315864|24459&4&108.40438122289711|24460&4&1883.3273393902737|24467&4&662.0959378953308|24469&4&47.72189328115372|24472&4&114.7319631152593|24476&4&3056.016601447537|24484&4&117.88988440475218|24488&4&31.249951889407672
291|4,130,1,1,1,1,1,1,1,1,1,1,1,1,1,1,1,1,1,1,1,1,1,1,1,1,1,1,1,1,1,1,1,1,1,1,1,1,1,1,1,1,1,1,1,1,1,1,1,1,1,1,1,1,1,1,1,1,1,1,1,1,1,1,1,1,1,1,1,1,1,1,1,1,1,1,1,1,1,1,1,1,1,1,1,1,1,1,1,1,1,1,1,1,1,1,1,1,1,1,1,1,0,0,0,0,0,0,0,0,0,0,0,0,0,0,0,0,0,0,0,0,2|24398&4&90.40716155547744|24402&4&2265.86473667684|24408&4&2.4868995751603507E-14|24414&4&1582.9775162108192|24420&4&791.7586201900317|24423&4&304.08292350670825|24424&4&33.33379614581928|24436&4&824.7181654515305|24445&4&1217.4684867742142|24450&4&391.8516986972682|24455&4&1974.6354233271609|24465&4&521.9215267314729|24471&4&772.7979434710528|24475&4&38.49204761039107|24483&4&223.6718057025246|24488&4&607.4340458439589|24489&4&14.005173104199304,2|24401&4&912.6382615767561|24409&4&337.3005250649362|24410&4&138.8137337607743|24411&4&553.0298021976985|24415&4&779.6284435094376|24419&4&1298.6049849867327|24421&4&531.2343289568679|24426&4&979.7178781063203|24427&4&8.292245868101466|24436&4&1296.9507560470986|24450&4&8.190608199320057|24451&4&1588.0074143127629|24464&4&292.3015215742017|24470&4&323.90035435265304|24473&4&1350.365807218764|24480&4&136.06097459998327|24485&4&1427.8882149965716|24491&4&611.2125847512592|24492&4&65.00025659864903,2|24403&4&824.2196537461982|24405&4&2325.1134723296377|24412&4&114.3759928672651|24419&4&586.6237679220501|24424&4&30.222294605144263|24430&4&873.1087551506895|24431&4&1897.9362284734643|24433&4&395.317336856114|24437&4&563.1586456938944|24444&4&614.0818193153046|24453&4&3904.3535409698134|24462&4&-1.5987211554602254E-14|24472&4&1370.1665202844683|24478&4&1266.5992641169892|24483&4&2557.0661323649497|24489&4&2150.866630043386|24490&4&130.11098582202328|24494&4&678.5074750067517|24498&4&164.95045782112663,2|24406&4&78.07321016604708|24408&4&1084.8586369952186|24415&4&80.51800727380942|24419&4&303.8288541626707|24422&4&235.06065876732671|24434&4&349.44706758323036|24435&4&184.02593546561144|24443&4&3708.253110300604|24447&4&27.46352715614121|24449&4&520.787126135253|24459&4&1691.0370388424362|24462&4&1628.4392242183249|24466&4&61.67192251072671|24468&4&0.0|24470&4&169.51152106219882|24476&4&1145.502569365738|24485&4&646.3929040973429|24494&4&393.79477835427895,2|24399&4&3727.193415321852|24410&4&1171.6449715091399|24427&4&2098.6329026476756|24428&4&2140.4729061156304|24429&4&463.7638587601933|24432&4&358.40689670403685|24433&4&1237.6058166209498|24440&4&1169.7575931908293|24450&4&66.66367750943658|24456&4&533.6725070395246|24477&4&3546.1348851688335|24485&4&252.39770665247465|24490&4&217.935196976359|24493&4&2995.5635497834846|24514&4&360.75799873920585,2|24404&4&1345.4427826067106|24407&4&259.1616680089881|24415&4&142.26347403347236|24416&4&1672.555106832837|24417&4&1254.109752721987|24424&4&1298.41748333123|24429&4&2113.1098156269654|24430&4&1157.3258826159881|24435&4&2569.6165080244555|24446&4&1951.9046420535628|24450&4&2357.687381424569|24474&4&3.2027863245344568|24482&4&2107.6733531227987|24511&4&1421.1924338756526,2|24431&4&2728.158703381388|24437&4&574.9118832336133|24439&4&1218.3245253024197|24440&4&27.474118339087163|24444&4&67.38010460424667|24451&4&600.3622270279363|24453&4&0.0|24457&4&55.7647628075007|24478&4&1715.4905495307314|24479&4&4156.590664228954,2|24397&4&168.74908594716078|24409&4&1940.376059821441|24413&4&1762.2026178157594|24415&4&301.39287312598054|24417&4&1940.7049976152189|24424&4&1034.399474745479|24426&4&496.52851835455186|24430&4&15.683878952853238|24432&4&1238.8964213065933|24448&4&627.6543690698154|24460&4&683.7123486610187|24475&4&135.0535366097697|24480&4&1872.8342820032426|24496&4&124.30963251612637,2|24397&4&0.0|24400&4&1209.4477497681355|24406&4&1118.496736869968|24407&4&695.3644035332229|24418&4&2509.534144103231|24423&4&3702.9017422793636|24442&4&568.5370785796832|24452&4&1489.5223993853062|24461&4&3860.379822979139|24463&4&727.3924755497987|24467&4&131.3591286648786|24470&4&37.182296576936224|24484&4&4352.239067018986|24486&4&2790.8511467459266|24495&4&550.6072611330032,2|24397&4&1160.6245019614394|24400&4&2304.137616485704|24410&4&765.3418847185249|24417&4&722.1934652922281|24434&4&3034.7904731072695|24438&4&1093.1184333040367|24449&4&1375.3211941289555|24452&4&1978.4483736494062|24454&4&1388.1285141664212|24459&4&73.92281074033514|24460&4&2226.389792074148|24467&4&552.4522471631421|24469&4&0.0|24472&4&66.54299841262942|24476&4&2750.836593548715|24484&4&55.82589792120536|24488&4&15.624975944703813
292|4,130,1,1,1,1,1,1,1,1,1,1,1,1,1,1,1,1,1,1,1,1,1,1,1,1,1,1,1,1,1,1,1,1,1,1,1,1,1,1,1,1,1,1,1,1,1,1,1,1,1,1,1,1,1,1,1,1,1,1,1,1,1,1,1,1,1,1,1,1,1,1,1,1,1,1,1,1,1,1,1,1,1,1,1,1,1,1,1,1,1,1,1,1,1,1,1,1,1,1,1,1,0,0,0,0,0,0,0,0,0,0,0,0,0,0,0,0,0,0,0,0,2|24398&4&0.0|24402&4&2363.55568050423|24414&4&1463.9548206562747|24420&4&710.6214922935924|24423&4&163.6002733982399|24424&4&13.043283691566327|24426&4&88.70285304592568|24436&4&712.7600458303607|24445&4&1423.4968956194912|24450&4&374.4938471432213|24455&4&1835.1534112272932|24465&4&487.0945192989608|24471&4&858.6938874112031|24475&4&36.56744522987152|24483&4&113.69492195326272|24488&4&902.1651480834935|24489&4&-6.750155989720952E-14,2|24401&4&1135.322607469196|24409&4&1143.4293748661144|24410&4&129.0609324893186|24411&4&503.698262146502|24415&4&731.5382944472849|24419&4&1208.5171092342525|24421&4&489.0782061271218|24426&4&906.491359935372|24427&4&-6.039613253960852E-14|24436&4&1212.2680219551175|24450&4&0.0|24451&4&1563.1493655250606|24464&4&440.0690579567192|24470&4&548.7927820755531|24473&4&1819.0297159049833|24480&4&105.64322776050855|24485&4&1325.8405209476641|24491&4&914.9045277602949|24492&4&61.75024376871658,2|24403&4&755.5553707991278|24405&4&2161.983064978351|24412&4&109.99858963704588|24419&4&989.2594873602753|24424&4&23.075371125436938|24430&4&1270.910485571532|24431&4&1809.7863630916015|24433&4&372.3538164137639|24437&4&933.1650224548587|24444&4&716.6663543492908|24453&4&3790.266430258874|24472&4&1243.9775544685326|24478&4&1199.3669932123062|24483&4&3238.631238749252|24489&4&1972.1157660043316|24490&4&120.74264599641288|24494&4&595.0697490364116|24498&4&146.11126096228497,2|24406&4&41.31573301155929|24408&4&1224.8650388577935|24415&4&295.62935010228597|24419&4&251.96507550118616|24422&4&204.69016240801963|24434&4&385.23061667475383|24435&4&117.55587681226152|24443&4&3609.1005588137123|24447&4&25.84802555872114|24449&4&794.2051892537555|24459&4&2038.6752264223946|24462&4&1525.20453063463|24466&4&58.58832638519037|24468&4&338.388157945797|24470&4&145.72504010237952|24476&4&2026.5592797815166|24482&4&230.3477741313818|24485&4&560.8222115590637|24494&4&540.020637758702,2|24399&4&3831.137980970586|24410&4&1015.4068071560712|24427&4&2210.0904960830585|24428&4&2597.0457897109163|24429&4&361.0155926518365|24432&4&260.91568989716427|24433&4&1079.220423238924|24440&4&1467.9080775564912|24450&4&45.529574016251274|24456&4&516.3667122967493|24477&4&3452.3479709737285|24485&4&176.9995524713204|24490&4&183.28824375509583|24493&4&2748.3270438506274|24514&4&324.75044486762545,2|24404&4&1621.6844014838944|24407&4&213.19136780106163|24415&4&130.29087276350904|24416&4&1541.8983560101722|24417&4&1139.364639866908|24424&4&1203.6340436676485|24429&4&1982.4659791771112|24430&4&1028.8581382442726|24435&4&2468.258356849618|24446&4&1805.5161244303758|24450&4&2172.668981816105|24474&4&2.8825076920810107|24482&4&1915.0626530756324|24511&4&1287.1218603520354,2|24431&4&2462.9282563941106|24437&4&501.2058400979419|24439&4&1067.921781858603|24440&4&-1.9184653865522705E-13|24441&4&259.8238139762269|24444&4&40.19400941407786|24451&4&457.66336832517186|24457&4&52.976524667125666|24478&4&1534.5730754114788|24479&4&4116.736555298515,2|24397&4&251.33174385266938|24409&4&1670.6848604978268|24413&4&1609.1144878238695|24415&4&232.97012688852533|24417&4&1872.9171556107253|24424&4&1032.4018961913828|24426&4&470.3954384411544|24430&4&-2.4868995751603507E-14|24432&4&1127.799790849689|24448&4&1175.8642567848465|24460&4&592.3671718721633|24475&4&121.9561489396294|24480&4&1756.6011662905357|24496&4&107.85170860927681,2|24400&4&1029.0551834228663|24406&4&1220.4428527084137|24407&4&644.1860355283825|24418&4&2493.8789307603915|24423&4&4749.463902484005|24442&4&525.5068221313657|24452&4&1301.5807283970441|24461&4&3571.127618878002|24463&4&668.0635105725845|24467&4&118.5616491667986|24470&4&12.665860235905214|24472&4&601.630300598314|24484&4&4552.78431738669|24486&4&2581.4533206050605|24489&4&280.8577252105489|24495&4&470.77764973352424,2|24397&4&1020.1230322959192|24400&4&2934.505515120575|24410&4&1038.2030077232919|24417&4&556.630730620272|24434&4&2677.9692927363826|24438&4&1003.9440516139073|24449&4&1274.0884266116607|24452&4&2690.4272222358964|24454&4&1793.7136762247005|24459&4&45.920043128437904|24460&4&2104.1245518967553|24467&4&442.80855643095333|24472&4&18.354033709999523|24476&4&2448.2576342354128|24484&4&32.45452497506068|24488&4&-4.618527782440651E-14
293|4,130,1,1,1,1,1,1,1,1,1,1,1,1,1,1,1,1,1,1,1,1,1,1,1,1,1,1,1,1,1,1,1,1,1,1,1,1,1,1,1,1,1,1,1,1,1,1,1,1,1,1,1,1,1,1,1,1,1,1,1,1,1,1,1,1,1,1,1,1,1,1,1,1,1,1,1,1,1,1,1,1,1,1,1,1,1,1,1,1,1,1,1,1,1,1,1,1,1,1,1,1,0,0,0,0,0,0,0,0,0,0,0,0,0,0,0,0,0,0,0,0,2|24402&4&2143.37076886935|24414&4&1344.9321251017302|24420&4&673.0280952206865|24423&4&85.78487496781938|24424&4&-8.171241461241152E-14|24426&4&140.22388444509073|24436&4&600.8019262091908|24445&4&1637.431232028689|24450&4&354.0372942077501|24455&4&1695.671399127426|24465&4&452.26751186644856|24471&4&747.3772951090549|24475&4&34.642842849351965|24481&4&98.36840843037734|24483&4&30.383702587661272|24488&4&1509.6105972126554,2|24401&4&1043.6783907059278|24409&4&1269.1398025585706|24410&4&119.3081312178629|24411&4&454.36672209530525|24415&4&683.4481453851323|24419&4&1118.429233481772|24421&4&446.92208329737576|24426&4&833.2648417644234|24436&4&1127.5852878631363|24451&4&2374.6237198029708|24464&4&395.44057568957345|24470&4&692.1584546571548|24473&4&2137.5106888742616|24480&4&75.22548092103386|24485&4&1324.6305201105977|24491&4&1311.022172601914|24492&4&151.21835066202053,2|24403&4&686.8910878520574|24405&4&1998.8526576270651|24412&4&116.57449719860846|24419&4&938.3544788465874|24424&4&15.92844764572961|24430&4&1807.194293060707|24431&4&1824.5924711214593|24433&4&727.2453646900343|24437&4&884.3823408129127|24444&4&0.0|24453&4&3460.951378082804|24472&4&1117.7885886525974|24478&4&1132.1347223076232|24483&4&4067.884375442413|24489&4&1793.3649019652767|24490&4&111.37430617080247|24494&4&520.0493157189192|24498&4&127.27206410344334,2|24406&4&16.890136875282607|24408&4&1132.9555143975247|24415&4&504.0432262087972|24419&4&200.10129683970166|24422&4&267.4990848282186|24434&4&916.5286543211005|24435&4&59.30053156340777|24443&4&3369.1321211136947|24447&4&24.23252396130107|24449&4&753.1929619757295|24459&4&1869.6226085843182|24462&4&1386.3382111350475|24466&4&0.0|24468&4&321.46875004850716|24470&4&121.93855914256024|24476&4&2834.2056462584133|24482&4&218.83038542481273|24485&4&475.2515190207845|24494&4&512.0351189248812,2|24399&4&3573.431154263326|24410&4&870.4983414089581|24427&4&2285.8978530719864|24428&4&2671.3605459238997|24429&4&266.25204186144424|24432&4&163.42448309029174|24433&4&920.8350298568986|24437&4&322.9513736215037|24440&4&1712.7492166360234|24450&4&24.395470523065953|24456&4&471.16071373324553|24477&4&3276.1723450388426|24485&4&101.60139829016617|24490&4&148.6412905338327|24493&4&2501.2621142167995|24514&4&288.742890996045,2|24404&4&1602.8105930902666|24407&4&167.22106759313516|24415&4&118.3182714935457|24416&4&1462.2813207914728|24417&4&1024.6195270118292|24424&4&1108.8506040040672|24429&4&1813.2012638820931|24430&4&900.3903938725575|24435&4&3076.8274534177067|24446&4&1628.9124082466913|24450&4&1987.6505822076408|24474&4&2.5622290596275645|24482&4&1725.407259281964|24511&4&1153.051286828418,2|24431&4&2200.5844193081102|24437&4&437.8086464380899|24439&4&1246.6563678766151|24441&4&246.83262327741556|24444&4&0.0|24451&4&323.14480668574885|24457&4&50.18828652675063|24478&4&1353.6556012922267|24479&4&3911.496782211153,2|24397&4&294.4970618970949|24409&4&1436.7516138504366|24413&4&1639.3264347279596|24415&4&186.1241979578113|24417&4&2098.2141695481096|24424&4&1200.4296058285258|24426&4&444.26235852775693|24432&4&1016.7031603927846|24448&4&1091.6454564960945|24460&4&501.02199508330796|24475&4&108.8587612694891|24480&4&1640.3680505778284|24496&4&91.39378470242723,2|24400&4&877.201925761365|24406&4&1253.4384166801344|24407&4&593.0076675235421|24418&4&2607.627439189625|24423&4&5360.597542367309|24432&4&309.2938928978226|24442&4&482.476565683048|24452&4&1139.163667556722|24461&4&3335.9046335893117|24463&4&608.7345455953703|24467&4&105.76416966871861|24470&4&6.33293011795254|24472&4&1193.433916049668|24484&4&4287.415947767622|24486&4&2388.198837442215|24489&4&266.81483895002145|24495&4&477.70309552827325,2|24397&4&883.9216789243372|24400&4&3245.352843764501|24410&4&1083.5222003685292|24417&4&404.3632434094703|24434&4&2322.6084475381003|24438&4&914.7696699237779|24449&4&1178.0344480870453|24452&4&2923.4126760933796|24454&4&1858.9356581779969|24459&4&21.680547806431548|24460&4&1981.8593117193623|24467&4&333.16486569876463|24472&4&-1.3500311979441904E-13|24476&4&2181.123634175592|24484&4&24.34089373129542
294|4,130,1,1,1,1,1,1,1,1,1,1,1,1,1,1,1,1,1,1,1,1,1,1,1,1,1,1,1,1,1,1,1,1,1,1,1,1,1,1,1,1,1,1,1,1,1,1,1,1,1,1,1,1,1,1,1,1,1,1,1,1,1,1,1,1,1,1,1,1,1,1,1,1,1,1,1,1,1,1,1,1,1,1,1,1,1,1,1,1,1,1,1,1,1,1,1,1,1,1,1,1,0,0,0,0,0,0,0,0,0,0,0,0,0,0,0,0,0,0,0,0,2|24402&4&2342.9689275537417|24414&4&1225.9094295471855|24420&4&960.7478288376964|24423&4&52.602000172790575|24426&4&132.9909330902214|24436&4&488.84380658802104|24445&4&1802.929571826729|24450&4&333.5807412722789|24455&4&1564.1473714728204|24465&4&417.44050443393644|24471&4&1082.566361723846|24475&4&32.71824046883241|24481&4&0.0|24483&4&7.105427357601002E-15|24488&4&1424.7746166269214,2|24401&4&952.034173942659|24409&4&1201.9388251151815|24410&4&109.5553299464072|24411&4&405.0351820441086|24415&4&635.3579963229796|24419&4&1028.3413577292918|24421&4&425.76063096758145|24426&4&760.0383235934752|24436&4&1042.902553771155|24451&4&2395.3369539706036|24464&4&352.2380905289492|24470&4&819.6674867720619|24473&4&1961.8196262281645|24480&4&44.807734081559175|24485&4&2084.9792379350565|24491&4&1282.9660713112307|24492&4&197.4787656316339,2|24403&4&625.7729839016946|24405&4&1835.722250275779|24412&4&114.16629862313175|24419&4&887.4494703328996|24424&4&8.781524166022281|24430&4&2048.8370660685805|24431&4&1732.7982850781145|24433&4&1414.80637376227|24437&4&835.5996591709668|24444&4&298.3502285593224|24453&4&3893.6333464245927|24472&4&991.5996228366618|24478&4&1253.325274810391|24483&4&4453.103325177466|24489&4&1614.6140379262217|24490&4&102.00596634519206|24494&4&445.02888240142664|24498&4&108.43286724460171,2|24406&4&-1.7053025658242404E-13|24408&4&1041.0459899372556|24415&4&540.5639200111317|24419&4&148.23751817821716|24422&4&282.2754005205344|24434&4&1463.4762054537662|24435&4&37.93745692999144|24443&4&3285.4573824928575|24447&4&22.617022363881|24449&4&712.1807346977037|24459&4&2016.7359244031927|24462&4&1712.8578259331825|24468&4&304.54934215121733|24470&4&98.15207818274095|24476&4&2678.81072912995|24482&4&222.26524507486863|24485&4&389.68082648250527|24494&4&484.0496000910604,2|24399&4&3897.154384799798|24410&4&739.2486318035203|24427&4&2721.166812451761|24428&4&2692.1981800781155|24429&4&174.36593086023456|24432&4&78.61192688208435|24433&4&773.6812942899304|24437&4&306.8038049404285|24440&4&1604.9032725180773|24450&4&10.638915842851699|24456&4&425.9547151697418|24477&4&2977.3963533007577|24485&4&33.03397110522851|24490&4&113.99433731256951|24493&4&2254.197184582971|24514&4&314.85663049589783,2|24404&4&1550.2744507961506|24407&4&121.25076738520869|24415&4&106.34567022358235|24416&4&1340.341072649298|24417&4&909.8744141567504|24424&4&1014.0671643404858|24429&4&1643.9365485870744|24430&4&788.6435743649856|24435&4&2975.6138652496475|24446&4&1631.5906869693413|24450&4&1802.6321825991765|24474&4&2.2419504271741184|24482&4&1535.7518654882958|24511&4&1025.20127877577,2|24431&4&1938.2405822221099|24437&4&394.3241344261189|24439&4&1537.6901641707864|24441&4&422.78738067165773|24451&4&211.0759596987046|24457&4&47.400048386375595|24478&4&1172.7381271729741|24479&4&3912.257556447177,2|24397&4&462.1951724497158|24409&4&1229.6801689181418|24413&4&2032.8895247400528|24415&4&152.5593629125991|24417&4&2317.875339817908|24424&4&1204.6806447384993|24426&4&418.12927861435946|24432&4&905.6065299358803|24448&4&1007.4266562073424|24460&4&409.6768182944527|24475&4&95.76137359934879|24480&4&1524.134934865121|24496&4&74.93586079557767,2|24400&4&737.390574821961|24406&4&1422.4925564086402|24407&4&541.8292995187015|24418&4&2374.1128864038537|24423&4&4975.493626370447|24432&4&826.9351215658724|24437&4&3.0956772638411962|24442&4&791.8700288222528|24452&4&997.5940410582962|24461&4&3769.528599871446|24463&4&549.405580618156|24464&4&26.96049209530966|24467&4&344.2203925463339|24470&4&3.730349362740526E-14|24472&4&1338.5133814481642|24484&4&4058.4707406982698|24486&4&2177.9938441524478|24489&4&481.69861107973327|24495&4&1011.4227934350815,2|24397&4&749.8723797341936|24400&4&3564.471513667765|24410&4&1016.1909737928395|24417&4&273.7857006453884|24434&4&2012.1145698278988|24438&4&1063.2792086402392|24449&4&1081.98046956243|24452&4&2752.0627491072914|24454&4&1970.3942716081199|24459&4&1.9895196601282805E-13|24460&4&1859.5940715419692|24467&4&223.52117496657593|24476&4&1947.8068887323298|24484&4&16.227262487530275
295|4,130,1,1,1,1,1,1,1,1,1,1,1,1,1,1,1,1,1,1,1,1,1,1,1,1,1,1,1,1,1,1,1,1,1,1,1,1,1,1,1,1,1,1,1,1,1,1,1,1,1,1,1,1,1,1,1,1,1,1,1,1,1,1,1,1,1,1,1,1,1,1,1,1,1,1,1,1,1,1,1,1,1,1,1,1,1,1,1,1,1,1,1,1,1,1,1,1,1,1,1,1,0,0,0,0,0,0,0,0,0,0,0,0,0,0,0,0,0,0,0,0,2|24402&4&2322.4102372432267|24414&4&1106.8867339926408|24420&4&984.6500862582818|24423&4&21.682574330083902|24426&4&280.0830139884927|24436&4&376.99730114131194|24445&4&1675.3629863414556|24450&4&583.9087668173285|24455&4&1432.6233438182148|24465&4&645.7786550443436|24471&4&1619.2986092525582|24475&4&30.79363808831286|24488&4&1339.9386360411872,2|24401&4&1050.4126093335526|24409&4&1536.0848958449858|24410&4&99.8025286749515|24411&4&355.703641992912|24415&4&587.267847260827|24419&4&938.2534819768115|24421&4&410.4581866528338|24426&4&686.8118054225268|24436&4&1491.237366508813|24451&4&2461.1129256649756|24464&4&309.24680403361356|24470&4&769.3210319600944|24473&4&2253.7591044902683|24480&4&14.38998724208448|24485&4&2869.371941870145|24491&4&1366.1426627409612|24492&4&186.88553012625422,2|24403&4&564.6548799513318|24405&4&1672.591842924493|24412&4&107.29609222539862|24419&4&836.5444618192118|24424&4&1.6346006863149531|24430&4&2450.641544454051|24431&4&1660.9139845200273|24433&4&1743.5953013098303|24437&4&786.8169775290207|24444&4&283.43271713135624|24453&4&3568.0028005057393|24472&4&871.5955145275623|24478&4&1814.1634649502412|24483&4&4263.706946134159|24489&4&1440.5420713336962|24490&4&114.73330844417193|24494&4&370.0084490839341|24498&4&89.59367038576006,2|24408&4&949.1364654769868|24415&4&578.2222789883372|24419&4&96.37373951673264|24422&4&286.55963000798863|24434&4&2199.693073993156|24435&4&16.574382296574928|24443&4&2948.1797562107536|24447&4&21.001520766460928|24449&4&671.1685074196778|24459&4&1831.8750098822688|24462&4&1567.082231548788|24468&4&400.71988973038077|24470&4&74.36559722292165|24476&4&2523.4158120014854|24482&4&380.5659228343019|24485&4&304.110133944226|24494&4&973.8975856301834,2|24399&4&4319.84227409634|24410&4&607.9989221980824|24427&4&2917.1433947911887|24428&4&2482.7041047684456|24429&4&87.90564766203327|24432&4&21.894236400910756|24433&4&648.2631672811472|24437&4&290.6562362593533|24440&4&1659.9350237297044|24450&4&0.4737941596136379|24456&4&380.748716606238|24460&4&325.27137099589675|24477&4&3011.7878940228366|24485&4&-1.4210854715202004E-14|24490&4&79.34738409130634|24493&4&2018.1576043133998|24514&4&277.5913219948481,2|24404&4&1401.196288685377|24407&4&75.2804671772822|24415&4&94.37306895361901|24416&4&1208.500502332124|24417&4&795.1293013016716|24424&4&919.2837246769045|24429&4&2391.9651874125175|24430&4&687.4141460453382|24435&4&2684.8387018154194|24446&4&1465.4720559572997|24450&4&1617.613782990712|24474&4&1.9216717947206725|24482&4&1346.0964716946278|24511&4&905.9053691991414,2|24431&4&1677.7242689357338|24437&4&352.5551310795934|24439&4&1976.1439608578075|24441&4&400.3488925681937|24451&4&119.7190593445772|24457&4&44.61181024600056|24478&4&995.8636229338247|24479&4&3640.8146716926985,2|24397&4&879.5607468911658|24409&4&1027.0366948933133|24413&4&2220.287207965106|24415&4&125.14699001789653|24417&4&3111.536600747455|24424&4&1205.7931864240306|24426&4&391.996198700962|24432&4&794.5098994789757|24448&4&1064.9878570367903|24460&4&321.2685670936846|24475&4&82.66398592920847|24480&4&1859.5608524134307|24496&4&58.477936888728095,2|24400&4&608.330572586969|24406&4&1317.3348245293328|24407&4&490.65093151386105|24418&4&2157.832496400538|24423&4&4590.389710373583|24432&4&1308.4646064412173|24437&4&41.593659999626816|24442&4&776.2314833831638|24452&4&856.0244145598701|24461&4&3627.4493332871507|24463&4&490.0766156409419|24464&4&80.03313132385946|24467&4&718.0777689838753|24472&4&1794.9022561145268|24484&4&3692.576966065623|24486&4&1967.7888508626809|24489&4&903.513748086361|24495&4&961.2835016680738,2|24397&4&639.2469562377102|24400&4&3529.2993236371913|24410&4&948.8597472171496|24417&4&163.57502882355647|24434&4&1743.4602285609103|24438&4&980.9402031512266|24449&4&987.1324732509597|24452&4&2604.027520553902|24454&4&1873.853931582692|24460&4&1737.3288313645764|24467&4&135.40257856147772|24476&4&1714.4901432890674|24484&4&8.11363124376513
296|4,130,1,1,1,1,1,1,1,1,1,1,1,1,1,1,1,1,1,1,1,1,1,1,1,1,1,1,1,1,1,1,1,1,1,1,1,1,1,1,1,1,1,1,1,1,1,1,1,1,1,1,1,1,1,1,1,1,1,1,1,1,1,1,1,1,1,1,1,1,1,1,1,1,1,1,1,1,1,1,1,1,1,1,1,1,1,1,1,1,1,1,1,1,1,1,1,1,1,1,1,1,0,0,0,0,0,0,0,0,0,0,0,0,0,0,0,0,0,0,0,0,2|24402&4&2270.739468533657|24414&4&987.8640384380961|24420&4&898.1463902884202|24423&4&1.4921397450962104E-13|24426&4&265.13381102096633|24436&4&289.52191715350256|24445&4&1500.7917567655502|24450&4&861.4849470649541|24455&4&1301.0993161636093|24465&4&597.7933897096855|24471&4&1485.6828203145687|24475&4&49.37289589189922|24488&4&1255.1026554554535,2|24401&4&1019.3265995723956|24409&4&2158.253088739707|24410&4&90.0497274034958|24411&4&306.37210194171536|24415&4&539.1776981986743|24419&4&848.1656062243311|24421&4&365.8571596960903|24423&4&514.4126011699072|24426&4&619.8006960271842|24436&4&1898.9140474067128|24451&4&2660.8429815551267|24464&4&270.39509929356353|24470&4&955.9674126557079|24473&4&2407.537238410937|24480&4&-1.5631940186722204E-13|24485&4&3060.0817174846024|24491&4&1454.748474477675|24492&4&176.29229462087457,2|24403&4&503.5367760009692|24405&4&1509.461435573207|24412&4&100.42588582766544|24419&4&1377.405840210258|24424&4&-1.199040866595169E-14|24430&4&2394.635158414203|24431&4&2344.205751222766|24433&4&1740.1797542469076|24437&4&738.0342958870748|24444&4&268.5152057033901|24453&4&3795.7652171117434|24472&4&774.223643625618|24478&4&2454.007372575872|24483&4&3891.7814662062992|24489&4&1282.7281075567691|24490&4&670.9889169975754|24494&4&307.0902586608822|24498&4&70.75447352691842,2|24408&4&857.2269410167181|24415&4&552.692549579992|24419&4&44.50996085524814|24422&4&0.0|24434&4&2784.9660631310944|24435&4&-1.2079226507921703E-13|24443&4&3159.7407228691814|24447&4&19.386019169040857|24449&4&630.1562801416518|24459&4&1802.6573718290167|24462&4&1583.7192317592044|24466&4&6.581307950372871|24468&4&418.82418891248784|24470&4&50.57911626310235|24476&4&2368.020894873022|24482&4&778.106517508205|24485&4&218.53944140594675|24494&4&1142.2820393949532,2|24399&4&3961.847475399987|24410&4&480.225456928577|24427&4&2670.779877867095|24428&4&2321.8549378349926|24429&4&23.61270539790634|24432&4&4.33452603936038|24433&4&543.8749570654938|24437&4&274.5086675782781|24440&4&1495.736303811698|24450&4&3.4416913763379853E-15|24456&4&335.54271804273435|24460&4&309.0078024461019|24477&4&2737.4812680529953|24490&4&44.700430870043164|24493&4&1906.6779017923936|24514&4&251.9843862818369,2|24404&4&1498.4171674172294|24407&4&29.310166969355734|24415&4&82.40046768365568|24416&4&1076.6599320149494|24417&4&680.3841884465927|24424&4&824.500285013323|24429&4&3241.996000469495|24430&4&600.5343071706153|24435&4&2590.4043258850133|24446&4&2163.445826199482|24450&4&1432.5953833822477|24474&4&1.6013931622672266|24482&4&1174.6515064446362|24511&4&786.6094596225128,2|24431&4&1417.6604003293044|24437&4&313.91314882386666|24439&4&2017.2295269141366|24441&4&381.1897917363802|24451&4&57.36639241852832|24457&4&41.82357210562552|24478&4&852.389834860513|24479&4&3793.8651670038016,2|24397&4&1110.3881945261642|24409&4&847.2619696589786|24413&4&2126.131408345772|24415&4&97.73461712319389|24417&4&3244.8031804812445|24424&4&1138.0364380107949|24426&4&365.86311878756453|24432&4&683.4132690220713|24448&4&978.2145871037355|24460&4&241.4162531548897|24475&4&69.56659825906817|24480&4&2167.0999073006224|24496&4&42.02001298187852,2|24400&4&482.0259084906663|24406&4&1212.1770926500253|24407&4&1145.140467346032|24418&4&2005.5275585607558|24423&4&4205.285794376721|24432&4&1795.0256743430336|24437&4&39.50623780648587|24442&4&713.3293961060398|24452&4&727.4881959236831|24461&4&3381.624490825336|24463&4&430.74765066372765|24464&4&75.96407352742821|24467&4&672.7567273142903|24472&4&2113.73413807503|24484&4&4072.1023653986445|24486&4&2078.529249979808|24489&4&855.6593110969883|24495&4&887.3647959086593,2|24397&4&536.1677840049159|24400&4&3320.113876032027|24410&4&1032.3000554922905|24417&4&99.46165161811595|24434&4&1513.4874350824143|24438&4&898.6011976622137|24449&4&892.2844769394892|24452&4&2459.8068209620687|24454&4&2072.9197313629056|24460&4&1615.0635911871836|24467&4&68.04516067605596|24476&4&1481.1733978458046|24484&4&-1.4210854715202004E-14
297|4,130,1,1,1,1,1,1,1,1,1,1,1,1,1,1,1,1,1,1,1,1,1,1,1,1,1,1,1,1,1,1,1,1,1,1,1,1,1,1,1,1,1,1,1,1,1,1,1,1,1,1,1,1,1,1,1,1,1,1,1,1,1,1,1,1,1,1,1,1,1,1,1,1,1,1,1,1,1,1,1,1,1,1,1,1,1,1,1,1,1,1,1,1,1,1,1,1,1,1,1,1,0,0,0,0,0,0,0,0,0,0,0,0,0,0,0,0,0,0,0,0,2|24402&4&2055.8161277829486|24414&4&868.8413428835514|24420&4&1038.6494598613544|24426&4&250.18460805343994|24436&4&224.61014847582538|24445&4&1615.0650872953365|24450&4&881.5039867260184|24455&4&1169.575288509004|24465&4&549.8081243750273|24471&4&1450.2027799966284|24475&4&533.3067537760317|24488&4&1170.2666748697195,2|24401&4&1037.4666675434742|24409&4&2760.231401317659|24410&4&80.2969261320401|24411&4&257.0405618905187|24415&4&491.0875491365217|24419&4&758.0777304718507|24421&4&321.25613273934675|24423&4&1528.5980692963185|24426&4&552.7895866318415|24436&4&2036.2094552245492|24451&4&2679.6884658210247|24464&4&231.5433945535134|24470&4&893.7713160683616|24473&4&2510.194253220631|24485&4&3266.8488542849655|24491&4&1367.5198926241446|24492&4&165.69905911549495|24496&4&204.32430860477663,2|24403&4&442.4186720506066|24405&4&1346.3310282219204|24412&4&93.5556794299323|24419&4&1717.7184302461371|24430&4&2434.014817672386|24431&4&2547.3737909052325|24433&4&2092.823060276313|24437&4&689.2516142451288|24444&4&253.59769427542398|24453&4&4238.489445200614|24472&4&697.0358275464955|24478&4&2380.0138442925436|24483&4&4249.943885469171|24489&4&1128.7550787275782|24490&4&1228.851598903|24494&4&260.3138901069009|24498&4&51.91527666807678,2|24408&4&992.1266934131733|24415&4&519.7038718025269|24419&4&12.888372480385186|24422&4&247.58744078751894|24434&4&3274.487274569277|24443&4&2911.987963311864|24447&4&0.0|24449&4&589.1440528636258|24459&4&1994.214064912931|24462&4&1663.7260605140618|24466&4&6.252242552854227|24468&4&394.2163729987144|24470&4&32.09876106863025|24476&4&2264.217540063605|24482&4&1444.8497007055328|24485&4&138.79513391114145|24494&4&1077.2917629516232,2|24399&4&3817.7676275137273|24410&4&359.4248260243854|24427&4&2424.4163609430007|24428&4&2120.562322358038|24429&4&-1.4921397450962104E-13|24432&4&0.0|24433&4&456.4159393713886|24437&4&258.3610988972029|24440&4&1595.4366045116267|24456&4&290.3367194792306|24460&4&422.7967873441064|24477&4&2774.7282542307566|24490&4&10.053477648779989|24493&4&2343.0969660845485|24514&4&226.37745056882576,2|24404&4&1355.9904042057838|24407&4&17.687347284598715|24415&4&70.42786641369233|24416&4&1083.810616230454|24417&4&565.6390755915138|24424&4&729.7168453497418|24429&4&3766.1003986776045|24430&4&517.2261547342681|24435&4&2380.2271809030244|24446&4&2177.0472942433053|24450&4&1247.5769837737837|24474&4&1.2811145298137807|24482&4&1020.7792232088035|24511&4&667.3135500458842,2|24431&4&1177.7196651860663|24437&4&275.27116656813985|24439&4&2021.227941343384|24441&4&358.5873342693336|24451&4&41.92521289758288|24457&4&39.03533396525049|24478&4&727.9272954307985|24479&4&3494.4104111979354,2|24397&4&1049.2693026221923|24409&4&706.6505884555914|24413&4&1955.2539616267172|24415&4&70.32224422849123|24417&4&3242.8129028621433|24424&4&1061.3988649461992|24426&4&339.73003887416706|24432&4&572.3166385651667|24448&4&1114.7329922916274|24460&4&166.8156080987015|24475&4&56.469210588927844|24480&4&2033.1982710628345|24496&4&25.562089075028947,2|24400&4&365.1836084335798|24406&4&1107.0193607707176|24407&4&1475.397180998049|24418&4&2362.827383288013|24423&4&3820.181878379859|24432&4&1965.0231311826512|24437&4&204.5064699328724|24442&4&650.4273088289158|24452&4&601.5511854141114|24461&4&3720.34164306487|24463&4&371.4186856865134|24464&4&71.89501573099696|24467&4&1030.305403338894|24472&4&2261.9756555152285|24484&4&3668.937632067714|24486&4&2400.5726555776178|24489&4&807.8048741076155|24495&4&959.7346107526532,2|24397&4&433.54270265993205|24400&4&3263.355583581253|24410&4&1339.8965167331296|24417&4&52.5770705028003|24434&4&1317.3199258955021|24438&4&816.2621921732011|24449&4&797.4364806280187|24452&4&2502.874587175209|24454&4&1906.8306919554675|24460&4&1492.7983510097906|24467&4&26.05050076347117|24476&4&1247.8566524025423
298|4,130,1,1,1,1,1,1,1,1,1,1,1,1,1,1,1,1,1,1,1,1,1,1,1,1,1,1,1,1,1,1,1,1,1,1,1,1,1,1,1,1,1,1,1,1,1,1,1,1,1,1,1,1,1,1,1,1,1,1,1,1,1,1,1,1,1,1,1,1,1,1,1,1,1,1,1,1,1,1,1,1,1,1,1,1,1,1,1,1,1,1,1,1,1,1,1,1,1,1,1,1,0,0,0,0,0,0,0,0,0,0,0,0,0,0,0,0,0,0,0,0,2|24402&4&1845.4204290596813|24414&4&749.8186473290068|24420&4&953.384524179825|24426&4&235.23540508591358|24436&4&166.64741330913688|24445&4&1897.4412199066928|24450&4&828.4499357798692|24455&4&1038.0512608543982|24465&4&501.8228590403691|24471&4&1385.6351088839583|24475&4&506.0127757226139|24488&4&1085.4306942839855,2|24401&4&1075.8050502302117|24409&4&3543.6012440624245|24410&4&70.5441248605844|24411&4&207.70902183932205|24415&4&442.997400074369|24419&4&667.9898547193704|24421&4&276.65510578260336|24423&4&1766.7010235119242|24426&4&485.77847723649904|24436&4&2165.341592947731|24451&4&2498.90883966813|24464&4&192.6916898134633|24470&4&1083.576155535354|24473&4&2542.8016357175047|24485&4&3029.0805999659265|24491&4&1280.291310770614|24492&4&155.1058236101153|24496&4&451.9414145677164,2|24403&4&381.30056810024394|24405&4&1848.6352607634353|24412&4&132.8530048293515|24419&4&1792.0433538260895|24430&4&2617.4967110616267|24431&4&3730.1817536685926|24433&4&1966.5722684074622|24437&4&640.4689326031829|24444&4&238.68018284745784|24453&4&4922.714190238451|24472&4&627.6698720767829|24478&4&2230.4696041715188|24483&4&5045.929288148691|24489&4&974.7820498983874|24490&4&1160.2084262348467|24494&4&215.72705958337264|24498&4&36.72695883371625,2|24408&4&1048.6802229172806|24415&4&486.71519402506163|24419&4&0.0|24420&4&374.6175387727536|24422&4&255.89945692208377|24434&4&3529.0896525162466|24443&4&3500.327397248516|24449&4&548.1318255855999|24459&4&1812.6733879655444|24462&4&1833.7849591086722|24466&4&5.923177155335583|24468&4&369.6085570849408|24470&4&16.101803198905987|24476&4&2355.009006374943|24482&4&1594.5103487440424|24485&4&79.62378133774313|24494&4&1012.3014865082935,2|24399&4&3970.8436560748814|24410&4&245.21208075637983|24427&4&2178.0528440189064|24428&4&2117.9039178407165|24433&4&382.62079991316335|24437&4&242.2135302161277|24440&4&1784.0046129618731|24456&4&245.1307209157269|24460&4&400.0305911219216|24477&4&2485.6245610618157|24490&4&8.377898040649754|24493&4&2358.149061164896|24514&4&204.5482400093793,2|24402&4&241.52435835646384|24404&4&1420.9677487737317|24407&4&13.265510463449004|24415&4&58.455265143728994|24416&4&946.6983136949818|24417&4&450.893962736435|24424&4&634.9334056861604|24429&4&3623.3922742148256|24430&4&438.2710891552345|24435&4&2731.027537936944|24446&4&2078.278225337073|24450&4&1068.4054884449806|24454&4&490.37992686618986|24460&4&737.1841535711471|24474&4&0.9608358973603348|24477&4&655.0688229865508|24482&4&906.5372435490752|24511&4&772.4570675588702,2|24431&4&941.8688544712294|24437&4&244.66416673030704|24439&4&1875.86008425814|24441&4&335.984876802287|24451&4&26.48403337663714|24457&4&36.24709582487545|24478&4&621.2015264382652|24479&4&3899.5642287713367|24495&4&163.89873080366883,2|24397&4&1286.4557704986446|24409&4&598.1454374475431|24413&4&1784.376514907663|24415&4&42.90987133378857|24417&4&3919.903570413485|24424&4&1107.573253852119|24426&4&313.5969589607696|24432&4&461.22000810826216|24448&4&1255.7297355976068|24460&4&97.48263751854351|24475&4&43.37182291878754|24480&4&1870.702838211373|24496&4&9.313907524420577,2|24400&4&288.198501593049|24406&4&1039.312907503264|24407&4&1368.0994939589225|24418&4&2114.509271309583|24423&4&3469.65194602547|24432&4&2228.9328178331493|24437&4&194.06466502375505|24442&4&877.8554134571266|24452&4&475.61417490453965|24461&4&4383.428692396226|24463&4&518.5214008008168|24464&4&84.95734068195969|24467&4&1419.328132515406|24472&4&2129.909555645278|24484&4&3836.3472799515785|24486&4&2177.2314724141715|24489&4&790.8892025764038|24495&4&877.8604487489849,2|24397&4&330.91762131494806|24400&4&3312.161239195518|24410&4&1503.210017207882|24417&4&9.18800764201853|24434&4&1143.6992091925717|24438&4&733.9231866841885|24449&4&702.5884843165481|24452&4&2770.2562228650177|24454&4&1740.7416525480294|24460&4&1370.5331108323978|24467&4&10.410245618261701|24476&4&1033.224687068484
299|4,130,1,1,1,1,1,1,1,1,1,1,1,1,1,1,1,1,1,1,1,1,1,1,1,1,1,1,1,1,1,1,1,1,1,1,1,1,1,1,1,1,1,1,1,1,1,1,1,1,1,1,1,1,1,1,1,1,1,1,1,1,1,1,1,1,1,1,1,1,1,1,1,1,1,1,1,1,1,1,1,1,1,1,1,1,1,1,1,1,1,1,1,1,1,1,1,1,1,1,1,1,0,0,0,0,0,0,0,0,0,0,0,0,0,0,0,0,0,0,0,0,2|24402&4&1641.040547423848|24414&4&910.1361761460948|24420&4&874.377207699814|24426&4&220.2862021183872|24436&4&116.15292950698614|24445&4&1997.84336639522|24450&4&775.3958848337198|24455&4&906.5272331997926|24465&4&453.8375937057109|24471&4&1378.646645938256|24475&4&478.7187976691962|24484&4&357.95736190988737|24488&4&1000.5947136982516,2|24401&4&996.6117660792306|24409&4&3603.617775337232|24410&4&60.79132358912871|24411&4&787.2211199307417|24415&4&394.9072510122164|24419&4&577.90197896689|24421&4&232.0540788258598|24423&4&1673.1941440850162|24426&4&418.76736784115644|24436&4&2000.321228180976|24451&4&2263.6544349796704|24464&4&155.5088902538239|24470&4&1279.02230990249|24473&4&2597.1579298472852|24485&4&3700.6990930414004|24491&4&1193.0627289170836|24492&4&144.51258810473564|24496&4&473.8707461809197,2|24403&4&320.18246414988124|24405&4&1673.9172438188393|24412&4&123.6744218417607|24419&4&1903.108847764782|24430&4&2520.786522900493|24431&4&3991.5598540160636|24433&4&1840.321476538611|24437&4&591.686250961237|24444&4&223.7626714194917|24453&4&4664.647528225552|24472&4&558.30391660707|24478&4&2080.9253640504944|24483&4&5797.43496230492|24489&4&820.8090210691968|24490&4&1091.5652535666932|24494&4&171.14022905984433|24498&4&26.13075448350662,2|24408&4&1019.3921490522566|24415&4&921.4859804807579|24420&4&577.737081469021|24422&4&242.4855154740108|24434&4&3321.655116314999|24443&4&3225.996844289999|24449&4&507.119598307574|24459&4&1690.0818586720352|24462&4&1675.1268724075344|24466&4&5.59411175781694|24468&4&361.7198400934163|24470&4&7.67480994695968|24476&4&2933.5111904797805|24482&4&1506.0380473153295|24485&4&41.26291150899941|24494&4&947.3112100649636,2|24399&4&3660.9325776269775|24410&4&145.33151928255344|24427&4&2362.0842017013174|24428&4&1910.2753126120183|24433&4&314.8503689394026|24437&4&226.0659615350525|24440&4&1941.9845429030088|24456&4&199.92472235222317|24460&4&377.26439489973677|24477&4&2228.8740056294546|24490&4&6.702318432519803|24493&4&2756.1584489919574|24514&4&184.8994804088636,2|24402&4&563.5776477924396|24404&4&1757.5387605465685|24407&4&8.843673642299336|24415&4&46.48266387376565|24416&4&811.7934407555467|24417&4&336.14884988135617|24424&4&540.1499660225791|24429&4&3798.163480293838|24430&4&359.3160235762009|24435&4&2939.2915485431545|24446&4&2238.1058560989486|24450&4&889.2339931161778|24454&4&584.9925706667468|24460&4&1141.510644464732|24474&4&0.6405572649068889|24477&4&938.2018220349768|24482&4&798.7133340217691|24511&4&877.7338548677776,2|24422&4&29.313558340756884|24431&4&748.64483109348|24437&4&214.0571668924743|24439&4&2029.8347961167467|24441&4&403.4312368569782|24451&4&11.042853855691398|24457&4&33.458857684500416|24478&4&514.4757574457319|24479&4&3809.6853405959173|24495&4&375.6047626856471,2|24397&4&1391.1072189915865|24409&4&508.65928861585274|24413&4&1613.4990681886086|24415&4&15.497498439085922|24417&4&3911.732399751606|24424&4&1432.125130091528|24426&4&287.46387904737213|24432&4&362.1236917354908|24448&4&1159.7207701092088|24460&4&45.66512521128347|24475&4&30.274435248647226|24480&4&1744.6851726680175|24496&4&4.623369329873568,2|24400&4&217.9552899735333|24406&4&961.7362582690622|24407&4&1260.801806919796|24418&4&1895.7472126741395|24423&4&3144.7125620360675|24432&4&2571.9608145283655|24437&4&183.62286011463775|24442&4&800.4368165847357|24452&4&351.2534974799938|24461&4&4109.893538034534|24463&4&735.2476805806314|24464&4&609.4549339429163|24467&4&1962.1034384416812|24472&4&1997.843455775328|24484&4&3432.0123850222467|24486&4&2087.3248231873895|24489&4&1466.7859539245135|24495&4&803.9510659570864,2|24397&4&238.84333333480782|24400&4&3065.7649804461503|24410&4&1909.6777865392025|24417&4&4.263256414560601E-14|24434&4&978.8520407077804|24438&4&651.5841811951759|24449&4&607.7404880050776|24452&4&3015.0454218461055|24454&4&1591.9275148169222|24460&4&1248.267870655005|24467&4&-5.6843418860808015E-14|24476&4&827.1427008955145
300|4,130,1,1,1,1,1,1,1,1,1,1,1,1,1,1,1,1,1,1,1,1,1,1,1,1,1,1,1,1,1,1,1,1,1,1,1,1,1,1,1,1,1,1,1,1,1,1,1,1,1,1,1,1,1,1,1,1,1,1,1,1,1,1,1,1,1,1,1,1,1,1,1,1,1,1,1,1,1,1,1,1,1,1,1,1,1,1,1,1,1,1,1,1,1,1,1,1,1,1,1,1,0,0,0,0,0,0,0,0,0,0,0,0,0,0,0,0,0,0,0,0,2|24402&4&1445.3740146223777|24414&4&1168.1652134355302|24420&4&806.8357605110245|24426&4&205.3369991508608|24436&4&65.65844570483539|24445&4&2580.4689083888675|24450&4&722.3418338875705|24455&4&1041.6052098461062|24465&4&405.85232837105275|24471&4&1491.6664226241742|24475&4&0.0|24484&4&1003.6031981175335|24488&4&915.7587331125176,2|24401&4&897.3507829390497|24409&4&3513.7595180705166|24410&4&51.038522317673014|24411&4&713.7634098027737|24415&4&346.8171019500637|24419&4&492.25865445459726|24421&4&0.0|24423&4&1579.6872646581082|24426&4&351.75625844581384|24436&4&1977.959422438017|24451&4&2028.4000302912116|24464&4&139.41301994144754|24470&4&1190.7140516245668|24473&4&2875.5644765963443|24485&4&3933.502642011639|24491&4&1105.8341470635532|24492&4&133.91935259935596|24496&4&448.51100402536684,2|24403&4&723.5550036304268|24405&4&1499.4828443312322|24412&4&114.49583885416992|24419&4&2312.0058892580028|24430&4&2345.0786485510907|24431&4&4185.773847168712|24433&4&1714.07068466976|24437&4&542.903569319291|24444&4&208.84515999152558|24453&4&4553.653525001448|24472&4&488.9379611373573|24478&4&2272.490627134286|24483&4&5712.684081610535|24489&4&695.8228131053531|24490&4&1022.9220808985397|24494&4&127.672747368297|24498&4&20.904603586805262,2|24408&4&920.6129021542937|24415&4&1135.7992981581383|24420&4&547.9136835486381|24422&4&229.07157402593782|24434&4&3114.2205801137507|24443&4&2900.509373195801|24449&4&570.1032688041169|24459&4&1980.7244902311013|24462&4&1516.4687857063968|24466&4&5.265046360298296|24468&4&479.1922491908276|24470&4&4.085620730620576E-14|24476&4&3684.6376384229598|24482&4&1456.9095860148761|24485&4&16.551851620111908|24494&4&909.8344817079419,2|24399&4&3371.745506542985|24410&4&64.97194491096761|24427&4&2656.268956161636|24428&4&1899.0001438371078|24432&4&432.9664814432182|24433&4&247.0799379656418|24437&4&209.9183928539773|24440&4&2150.42066210385|24456&4&158.329637560085|24460&4&354.49819867755195|24477&4&1991.0914457295598|24490&4&5.026738824389852|24493&4&2849.712761997154|24514&4&168.15896178029277,2|24402&4&1061.0916303739089|24404&4&1600.990706279818|24407&4&4.421836821149668|24415&4&34.51006260380232|24416&4&698.0717451695921|24417&4&221.40373702627733|24424&4&455.43495949014294|24429&4&4242.17201812856|24430&4&280.36095799716725|24435&4&3082.320140318596|24446&4&2449.518078601888|24450&4&710.0624977873749|24454&4&747.4208182955148|24460&4&1082.5921518575674|24462&4&104.89870640936226|24474&4&0.320278632453443|24477&4&1055.599710349728|24482&4&690.8894244944631|24511&4&991.8248344314197,2|24422&4&142.01978723204687|24431&4&568.3852446749482|24437&4&183.45016705464158|24439&4&2123.54138399215|24441&4&376.3263385138448|24451&4&-6.750155989720952E-14|24457&4&30.67061954412538|24460&4&281.6483731803403|24478&4&407.7499884531985|24479&4&3456.46635719871|24495&4&515.2144889611781,2|24397&4&1615.7305291062673|24409&4&431.3321823424405|24413&4&1636.3259332589741|24415&4&-3.552713678800501E-15|24417&4&4290.979097788757|24424&4&1328.98045655828|24426&4&261.33079913397466|24432&4&273.75709536418407|24448&4&1163.1325634674204|24460&4&18.52159935675871|24475&4&0.0|24480&4&1822.9192960981154|24496&4&3.0822462199157243,2|24400&4&147.9736784030267|24406&4&893.7384888479135|24407&4&1153.5041198806698|24418&4&1676.9851540386965|24423&4&2828.5262156522804|24432&4&2420.3982109192557|24437&4&173.1810552055204|24442&4&726.9776886498739|24452&4&253.74200644789778|24461&4&3953.0967135318874|24463&4&1096.7942917824475|24464&4&616.0177089584384|24467&4&2073.0506881265474|24472&4&1935.8143227892392|24484&4&3055.6504300084634|24486&4&2368.715641387154|24489&4&1551.7199656447096|24495&4&745.3804898476651,2|24397&4&158.549267364605|24400&4&3012.5189620679703|24410&4&2408.0473380039202|24434&4&814.0048722229888|24438&4&569.2451757061632|24449&4&512.8924916936071|24452&4&3048.5434080111418|24454&4&1452.467495404168|24460&4&1126.002630477612|24476&4&645.7219555879886
301|4,130,1,1,1,1,1,1,1,1,1,1,1,1,1,1,1,1,1,1,1,1,1,1,1,1,1,1,1,1,1,1,1,1,1,1,1,1,1,1,1,1,1,1,1,1,1,1,1,1,1,1,1,1,1,1,1,1,1,1,1,1,1,1,1,1,1,1,1,1,1,1,1,1,1,1,1,1,1,1,1,1,1,1,1,1,1,1,1,1,1,1,1,1,1,1,1,1,1,1,1,1,0,0,0,0,0,0,0,0,0,0,0,0,0,0,0,0,0,0,0,0,2|24402&4&1282.6820219874387|24414&4&1702.7431334612925|24420&4&740.3319040737724|24426&4&190.38779618333444|24436&4&18.20620092489338|24445&4&2512.624129677276|24450&4&714.526815918737|24455&4&1340.6451045277106|24465&4&357.8670630363946|24471&4&1434.4834356585288|24475&4&198.38642939346744|24476&4&694.6704588871276|24484&4&1781.0466495935839|24488&4&830.9227525267836,2|24401&4&913.6272469594743|24409&4&3287.883616524642|24410&4&41.285721046217326|24411&4&938.9750011773151|24415&4&298.7269528879111|24419&4&421.1535506804112|24423&4&1486.1803852312003|24426&4&284.74514905047124|24431&4&1221.4380750505252|24436&4&2244.8111397199054|24451&4&2503.586771243771|24464&4&124.67918351093527|24470&4&1102.4057933466433|24473&4&2732.3485336539616|24485&4&4077.755408814249|24491&4&1045.3680549776132|24492&4&168.29144696406073|24496&4&423.15126186981405,2|24403&4&982.0791266410686|24405&4&1522.5864577561274|24412&4&105.31725586657917|24419&4&2164.0950761413796|24430&4&2169.3707742016886|24431&4&3902.7908869764938|24433&4&1587.8198928009092|24437&4&494.12088767734497|24444&4&193.92764856355944|24453&4&4170.183253635509|24472&4&419.57200566764465|24478&4&2199.702535744649|24483&4&5297.017277543666|24489&4&579.1111636717937|24490&4&954.2789082303863|24494&4&93.97612893933089|24498&4&15.678452690103938,2|24408&4&821.8336552563306|24415&4&1065.8881487356898|24420&4&518.0902856282552|24422&4&215.65763257786483|24434&4&2906.7860439125034|24443&4&3202.6613136076608|24449&4&805.087921728372|24459&4&2199.6460671688883|24462&4&1361.9232526993706|24466&4&4.935980962779652|24468&4&446.60266933307685|24476&4&3428.8298467225673|24482&4&1366.4700925797504|24485&4&0.0|24494&4&1007.4312387507862,2|24399&4&3374.8057336363136|24410&4&21.622080564198615|24427&4&3242.5886382315475|24428&4&2293.9863077631717|24432&4&500.7961147880088|24433&4&179.309506991881|24437&4&193.7708241729021|24440&4&1969.6789503031962|24456&4&316.84372946965595|24460&4&331.7320024553672|24470&4&43.750248053578275|24477&4&1774.9981000650137|24487&4&37.09349884685167|24490&4&3.3511592162599015|24493&4&3141.168206981546|24514&4&151.41844315172193,2|24402&4&1313.7008684156986|24404&4&1444.4426520130676|24407&4&0.0|24415&4&22.53746133383898|24416&4&566.6055640975866|24417&4&129.35896266463766|24424&4&370.71995295770677|24429&4&4707.311425222238|24430&4&201.40589241813365|24435&4&3533.5197813561776|24446&4&2529.68644167552|24450&4&546.8827404988934|24454&4&707.3000486460485|24460&4&1023.673659250403|24462&4&622.8469027724191|24474&4&0.0|24477&4&998.7546646168146|24482&4&583.065514967157|24511&4&1083.8091592309008,2|24417&4&495.37084694166424|24422&4&134.84551397459262|24431&4&399.6356329965979|24437&4&152.84316721680887|24439&4&1966.2508661323955|24441&4&349.2214401707114|24457&4&27.882381403750344|24460&4&267.56595452132325|24478&4&328.46004531392265|24479&4&3600.559306145817|24495&4&488.0845184380454,2|24397&4&2297.0013599579293|24409&4&370.7544997674311|24413&4&1675.9124741538221|24417&4&3976.842268953562|24424&4&1225.835783025032|24426&4&235.1977192205772|24432&4&204.30757301423904|24448&4&1516.648615941424|24460&4&15.434666130632344|24480&4&1925.0434218883092|24496&4&1.5411231099578622,2|24400&4&84.50312952233355|24406&4&1022.2017392435919|24407&4&1046.2064328415433|24418&4&1710.2632975337733|24423&4&2518.916733990958|24432&4&2268.835607310145|24437&4&162.73925029640307|24442&4&700.1449903898736|24452&4&177.19628938343774|24461&4&3930.618451996329|24463&4&1178.4846722004547|24464&4&582.7229428669466|24467&4&1946.4859433322802|24472&4&1800.2463745750958|24484&4&2719.079965179978|24486&4&2315.4683020201614|24489&4&1725.54282810999|24495&4&688.2088987619717,2|24397&4&105.22099255661522|24400&4&3011.397652426436|24410&4&2839.393608397585|24433&4&85.89102000212324|24434&4&649.1577037381974|24438&4&486.90617021715053|24449&4&439.123368513315|24452&4&3146.148013497932|24454&4&1324.4573890142703|24460&4&1003.7373903002192|24476&4&498.55606279079933
302|4,130,1,1,1,1,1,1,1,1,1,1,1,1,1,1,1,1,1,1,1,1,1,1,1,1,1,1,1,1,1,1,1,1,1,1,1,1,1,1,1,1,1,1,1,1,1,1,1,1,1,1,1,1,1,1,1,1,1,1,1,1,1,1,1,1,1,1,1,1,1,1,1,1,1,1,1,1,1,1,1,1,1,1,1,1,1,1,1,1,1,1,1,1,1,1,1,1,1,1,1,1,0,0,0,0,0,0,0,0,0,0,0,0,0,0,0,0,0,0,0,0,2|24402&4&1134.2012713713618|24414&4&1783.0965895764189|24420&4&673.8280476365201|24426&4&243.1160158086518|24436&4&5.6843418860808015E-14|24445&4&2360.7477928901576|24450&4&1306.30373866844|24455&4&1409.2146660475087|24465&4&339.8128435343299|24471&4&1505.1210238947856|24475&4&255.91700931769583|24476&4&659.9369359427711|24484&4&2366.5966445064805|24488&4&746.0867719410496|24489&4&441.7897310476908,2|24401&4&1607.8116470822702|24409&4&3062.007714978767|24410&4&31.53291977476163|24411&4&1090.5563097968184|24415&4&250.63680382575848|24419&4&350.0484469062251|24421&4&0.0|24423&4&1888.143602869427|24426&4&217.7340396551286|24431&4&1160.366171297999|24436&4&2637.966799741298|24451&4&2641.599333704681|24464&4&109.94534708042303|24470&4&1023.253095689972|24473&4&2826.7671320672835|24485&4&4172.9609641940415|24491&4&956.8013486357032|24492&4&155.44994496517688|24496&4&397.79151971426126,2|24403&4&1151.3061819416243|24405&4&1823.3028962142057|24412&4&258.8361570768659|24419&4&2016.1842630247565|24430&4&2525.086221921157|24431&4&3619.807926784275|24433&4&1461.5691009320587|24437&4&445.338206035399|24444&4&179.0101371355933|24453&4&4027.440156150583|24472&4&350.2060501979319|24478&4&2028.4122392688025|24483&4&4881.350473476797|24489&4&471.8668166515784|24490&4&885.6357355622329|24494&4&69.03334552116098|24498&4&10.452301793402615,2|24408&4&723.0544083583678|24415&4&995.9769993132413|24420&4&488.26688770787223|24422&4&202.24369112979187|24434&4&2699.351507711255|24443&4&3412.807854853822|24449&4&817.2797114352726|24459&4&2262.1726259173224|24462&4&1225.6843146922213|24466&4&4.6069155652610085|24468&4&414.013089475326|24476&4&3173.0220550221748|24482&4&1496.04580727021|24494&4&932.8671493586164,2|24399&4&3803.5775638567775|24410&4&4.973799150320701E-14|24427&4&3519.5783113446514|24428&4&2062.006670339296|24432&4&474.67389284500035|24433&4&115.97787833591623|24437&4&177.6232554918269|24440&4&1791.4310025469913|24456&4&877.5278551832482|24460&4&308.96580623318243|24470&4&54.1476498580538|24477&4&1558.9047544004668|24487&4&35.23882390450909|24490&4&1.6755796081299508|24493&4&3248.263293233587|24514&4&134.6779245231511,2|24402&4&1243.2180030808036|24404&4&1291.7150543663467|24415&4&10.564860063875644|24416&4&1063.8023352061523|24417&4&62.34363818824899|24424&4&286.00494642527053|24429&4&4633.738553139056|24430&4&127.15909042462846|24435&4&3965.2185595972664|24446&4&2340.924009686606|24450&4&399.53358729920126|24454&4&667.1792789965821|24460&4&964.7551666432386|24462&4&613.964800378042|24477&4&1336.8479854048|24482&4&475.241605439851|24496&4&35.95659602911833|24511&4&1154.9725057762726,2|24417&4&885.733343794484|24422&4&127.6712407171384|24431&4&274.4727004027509|24437&4&122.23616737897613|24439&4&2043.0410003930533|24441&4&322.1165418275779|24457&4&25.094143263375308|24460&4&253.48353586230624|24478&4&259.4683538517505|24479&4&3957.9705087809566|24495&4&460.9545479149127,2|24397&4&2284.860467141285|24409&4&310.1768171924217|24413&4&1514.411867970564|24417&4&3662.7054401183655|24424&4&1712.2421446416581|24426&4&209.06463930717973|24432&4&145.2067385735113|24448&4&1410.8769476111381|24460&4&12.347732904505872|24480&4&1887.9732897845474|24496&4&0.0,2|24400&4&46.63859074719629|24406&4&922.9548385654525|24407&4&1116.9084876961874|24418&4&1846.5105912933175|24423&4&2209.307252329635|24432&4&2117.273003701035|24437&4&152.29744538728576|24442&4&637.9646237807837|24452&4&100.65057231897757|24461&4&3930.054758355592|24463&4&1529.8548752343363|24464&4&549.4281767754546|24467&4&1819.9211985380125|24472&4&1664.6784263609527|24484&4&2415.696530529438|24486&4&2079.388649141316|24489&4&1617.9455739153534|24495&4&631.0373076762784,2|24397&4&80.93454055019939|24400&4&2742.597258602188|24410&4&3189.4412481792297|24433&4&254.38098074509068|24434&4&484.310535253406|24438&4&646.0933965787046|24449&4&365.35424533302273|24452&4&3097.2141791127774|24454&4&1196.4472826243725|24460&4&881.4721501228264|24476&4&370.1343317234605
303|4,130,1,1,1,1,1,1,1,1,1,1,1,1,1,1,1,1,1,1,1,1,1,1,1,1,1,1,1,1,1,1,1,1,1,1,1,1,1,1,1,1,1,1,1,1,1,1,1,1,1,1,1,1,1,1,1,1,1,1,1,1,1,1,1,1,1,1,1,1,1,1,1,1,1,1,1,1,1,1,1,1,1,1,1,1,1,1,1,1,1,1,1,1,1,1,1,1,1,1,1,1,0,0,0,0,0,0,0,0,0,0,0,0,0,0,0,0,0,0,0,0,2|24402&4&985.7205207552855|24414&4&1644.7438809248847|24420&4&610.1932974424268|24426&4&457.3658697493913|24445&4&2180.7739432256953|24450&4&1978.3463456102781|24455&4&1372.0317431057124|24465&4&846.497297625972|24471&4&1398.6663145029802|24475&4&242.62519277832737|24476&4&743.0944606943801|24484&4&3131.1411372201246|24488&4&661.2507913553156|24489&4&961.732577722818,2|24401&4&1494.9786025334029|24409&4&2836.1318134328926|24410&4&21.780118503305935|24411&4&1124.8957241234202|24415&4&202.54665476360583|24419&4&278.9433431320389|24421&4&0.0|24423&4&2348.2929080700037|24426&4&174.87393334537416|24431&4&1297.79642919778|24436&4&2638.5706418826867|24451&4&2975.2548943288593|24464&4&0.0|24470&4&944.1003980333011|24473&4&2595.456934091574|24485&4&4421.180645583383|24491&4&868.2346422937932|24492&4&142.60844296629298|24496&4&372.4317775587084,2|24403&4&1069.7081952130231|24405&4&2248.143689228388|24412&4&323.28023232129294|24419&4&1868.2734499081328|24430&4&3134.2480200417|24431&4&3336.8249665920566|24433&4&1335.3183090632078|24437&4&396.555524393453|24444&4&320.04878767364096|24453&4&4000.069882573461|24472&4&282.90130051224645|24478&4&2017.8835779283147|24483&4&4465.683669409926|24489&4&373.15387345478405|24490&4&1014.7718518543847|24494&4&46.641763252493234|24498&4&5.226150896701291,2|24408&4&748.105155394563|24415&4&1073.1312313795793|24420&4&458.44348978748934|24422&4&188.8297496817189|24434&4&3193.7476531502543|24443&4&3143.8432348422634|24449&4&870.0166389785328|24459&4&2312.3435363226445|24462&4&1108.3186469388495|24466&4&4.277850167742365|24468&4&381.4235096175752|24476&4&2917.2142633217823|24482&4&1394.6055534288048|24494&4&858.3030599664467,2|24399&4&3473.424752582572|24427&4&3370.0517092233604|24428&4&2477.4585845468628|24432&4&448.5516709019919|24433&4&65.70429357314727|24437&4&161.4756868107517|24440&4&1951.799078320228|24456&4&818.8932140047904|24460&4&286.1996100109976|24470&4&51.33089174501717|24477&4&1353.5801136384994|24487&4&33.384148962166506|24490&4&0.0|24493&4&3630.8758233424696|24514&4&117.93740589458025,2|24402&4&1307.3569006188397|24404&4&1799.6270290147481|24415&4&5.6843418860808015E-14|24416&4&1313.7030735543906|24417&4&21.31915803218757|24424&4&217.10940193040898|24429&4&4284.043797709637|24430&4&71.55215206348667|24435&4&3783.236529896606|24446&4&2155.8970701117287|24450&4&281.8095660615294|24454&4&627.0585093471158|24460&4&905.8366740360741|24462&4&792.7653493508394|24477&4&1583.6211449583952|24482&4&367.417695912545|24496&4&34.15876622766241|24511&4&1266.6513497182507,2|24417&4&1177.82321274279|24422&4&237.34834173118497|24431&4&189.21574877194365|24437&4&91.6291675411434|24439&4&2038.1830228261806|24441&4&295.01164348444445|24457&4&0.0|24460&4&239.40111720328923|24478&4&190.4766623895783|24479&4&3782.7347095277346|24495&4&433.82457739178005,2|24397&4&2216.311829667484|24409&4&249.5991346174123|24413&4&1469.377187129513|24417&4&3348.568611283169|24424&4&1579.6199193509165|24426&4&182.93155939378227|24432&4&86.10590413278359|24448&4&1305.1052792808523|24460&4&9.2607996783794|24480&4&1704.2225006159827,2|24400&4&19.915217926863935|24406&4&832.3425424893603|24407&4&1155.4253520745574|24418&4&1919.5806267082735|24423&4&1899.6977706683128|24432&4&1965.7104000919246|24437&4&141.85564047816845|24442&4&583.9802486579474|24452&4&30.061980617681193|24461&4&4407.325429497606|24463&4&1436.2172064574322|24464&4&0.0|24467&4&1701.4473603348242|24472&4&1529.110478146809|24484&4&2120.3950967936066|24486&4&1843.3089962624704|24489&4&1510.3483197207165|24495&4&573.865716590585,2|24397&4&56.64808854378337|24400&4&2867.6088071196177|24410&4&3075.378402184234|24432&4&483.7980482707425|24433&4&539.8091937301003|24434&4&319.4633667686145|24437&4&116.86083292742508|24438&4&823.9746615094061|24449&4&296.8154195771879|24452&4&3350.7058550686697|24454&4&1068.437176234475|24456&4&131.69986189337888|24460&4&759.2069099454336|24476&4&241.71260065612148
304|4,130,1,1,1,1,1,1,1,1,1,1,1,1,1,1,1,1,1,1,1,1,1,1,1,1,1,1,1,1,1,1,1,1,1,1,1,1,1,1,1,1,1,1,1,1,1,1,1,1,1,1,1,1,1,1,1,1,1,1,1,1,1,1,1,1,1,1,1,1,1,1,1,1,1,1,1,1,1,1,1,1,1,1,1,1,1,1,1,1,1,1,1,1,1,1,1,1,1,1,1,1,0,0,0,0,0,0,0,0,0,0,0,0,0,0,0,0,0,0,0,0,2|24398&4&285.23110468934124|24402&4&837.2397701392088|24414&4&1506.39117227335|24420&4&548.3726066355784|24426&4&501.8958220315818|24445&4&2004.300141642702|24450&4&2302.325558715319|24455&4&1667.5194812224668|24465&4&769.2071664137877|24471&4&1277.4639607433464|24475&4&229.33337623895892|24476&4&1338.9166258028572|24484&4&3260.68649897708|24488&4&576.4148107695817|24489&4&980.7264609922074,2|24401&4&1382.1455579845356|24409&4&2884.314717043633|24410&4&12.02731723185024|24411&4&1051.2704995607621|24415&4&154.45650570145318|24419&4&207.83823935785276|24423&4&2350.740987100028|24426&4&132.54120881670525|24431&4&1805.2575049892293|24436&4&2632.512633184443|24451&4&3041.4786516423446|24470&4&864.9477003766301|24473&4&2391.6449498395777|24485&4&4359.609829566016|24491&4&779.6679359518832|24492&4&0.0|24496&4&347.0720354031556,2|24403&4&988.1102084844218|24405&4&2060.7088049211543|24412&4&303.95325006952635|24419&4&1720.3626367915097|24430&4&3121.091925768128|24431&4&3053.8420063998374|24433&4&1209.0675171943567|24437&4&347.772842751507|24444&4&0.0|24453&4&3638.3991133021827|24472&4&215.596550826561|24478&4&1891.413427698861|24483&4&4498.867968601725|24489&4&306.0165601118062|24490&4&936.2397147382161|24494&4&36.987118980327324|24498&4&-3.375077994860476E-14,2|24408&4&1032.571372459835|24415&4&1276.0715232630687|24420&4&428.62009186710645|24422&4&175.41580823364592|24434&4&3474.4714452193775|24443&4&2845.2082944678104|24449&4&835.703295638483|24459&4&2193.068351062595|24462&4&996.9973440547828|24466&4&3.948784770223721|24468&4&348.8339297598244|24476&4&2661.406471621389|24482&4&1293.1652995873999|24494&4&868.4173899705274,2|24399&4&3703.777994382175|24427&4&3099.2797289812897|24428&4&3033.1446706385404|24432&4&422.42944895898336|24433&4&31.40337189754005|24437&4&145.3281181296765|24440&4&1839.5761224851576|24456&4&764.7411976652295|24460&4&263.4334137888128|24470&4&48.514133631980535|24477&4&1163.8858612824338|24487&4&31.529474019823923|24493&4&3407.456361931045|24514&4&101.19688726600943,2|24402&4&1738.0083219911617|24404&4&1953.5368476520757|24416&4&1589.3547902649987|24417&4&-1.3500311979441904E-13|24424&4&149.85922021659812|24429&4&3944.423929569797|24430&4&40.63823882048514|24435&4&3707.248747194208|24446&4&1970.8701305368522|24450&4&206.82481126171908|24454&4&586.9377396976495|24460&4&846.9181814289096|24462&4&750.3501756315325|24477&4&1583.7634314585166|24482&4&274.39893108808405|24496&4&32.36093642620649|24511&4&1338.0945636562312,2|24417&4&1735.9944187711812|24422&4&224.33149976015568|24431&4&117.603255971444|24437&4&71.82121153913528|24439&4&1872.6591793928515|24441&4&267.90674514131103|24448&4&153.95086780943927|24460&4&225.31869854427222|24478&4&132.06044512995777|24479&4&3948.1047748961796|24495&4&406.6946068686474,2|24397&4&2112.4099657979455|24409&4&189.02145204240287|24413&4&1342.45570780269|24417&4&3034.4317824479735|24424&4&1693.5406072933329|24426&4&156.7984794803848|24432&4&51.62832522719287|24448&4&1199.3336109505667|24460&4&6.173866452252926|24480&4&1682.5572322373232,2|24400&4&8.178324090556815|24406&4&741.730246413268|24407&4&1136.4651530179121|24418&4&1738.184915852292|24423&4&1597.0998308796202|24432&4&1814.1477964828143|24437&4&131.41383556905114|24442&4&529.9958735351112|24452&4&2.7756181938003066|24461&4&4945.429065935148|24463&4&1341.4507248734617|24464&4&97.28258243921783|24467&4&1582.9735221316364|24472&4&1409.0095101147485|24484&4&1847.7169032197573|24486&4&2314.159886579684|24489&4&1402.7510655260796|24495&4&516.6941255048916,2|24397&4&32.361636537367374|24400&4&2780.3812371739778|24410&4&2848.995155726528|24432&4&927.6445311669739|24433&4&935.4701201228642|24434&4&191.51085555679987|24437&4&375.76266731478427|24438&4&790.3235093226288|24449&4&231.21096227677265|24452&4&3788.235207402754|24454&4&940.427069844577|24456&4&125.11486879870994|24460&4&636.9416697680406|24476&4&129.94390991640373
305|4,130,1,1,1,1,1,1,1,1,1,1,1,1,1,1,1,1,1,1,1,1,1,1,1,1,1,1,1,1,1,1,1,1,1,1,1,1,1,1,1,1,1,1,1,1,1,1,1,1,1,1,1,1,1,1,1,1,1,1,1,1,1,1,1,1,1,1,1,1,1,1,1,1,1,1,1,1,1,1,1,1,1,1,1,1,1,1,1,1,1,1,1,1,1,1,1,1,1,1,1,1,0,0,0,0,0,0,0,0,0,0,0,0,0,0,0,0,0,0,0,0,2|24398&4&0.0|24402&4&692.8095006795053|24414&4&1370.0722686092072|24420&4&486.5519158287303|24426&4&468.20899289345516|24445&4&2013.6198897508566|24450&4&2493.018216348053|24455&4&1727.2247798294002|24465&4&702.3175084573011|24471&4&1353.3615400855138|24475&4&219.8646390935413|24476&4&1733.4579371224308|24484&4&3463.742901700978|24488&4&491.57883018384774|24489&4&928.1261084542898,2|24401&4&1269.3125134356685|24409&4&3059.9498465818115|24410&4&2.274515960394545|24411&4&978.8368724569794|24415&4&111.17759156380178|24419&4&136.7331355836666|24423&4&2800.910686059372|24426&4&90.20848428803636|24431&4&2250.514451128788|24436&4&2514.448638596693|24451&4&2808.2354824396975|24470&4&785.7950027199591|24473&4&2606.737281979722|24485&4&4018.382338419312|24491&4&691.1012296099733|24492&4&148.59766186396138|24496&4&321.7122932476028,2|24403&4&906.5122217558206|24405&4&1968.736073364701|24412&4&300.4002278411698|24419&4&1572.4518236748863|24430&4&2909.9440620459227|24431&4&2770.8590462076195|24433&4&1082.816725325506|24437&4&298.9901611095611|24453&4&3276.728344030906|24472&4&153.27503541983725|24478&4&1709.442138066088|24483&4&4675.273504768924|24489&4&250.4245385953156|24490&4&927.6591380174009|24494&4&27.332474708161417,2|24408&4&993.8616557935707|24415&4&1307.4834133531585|24420&4&398.7966939467235|24422&4&162.00186678557293|24434&4&3716.8044521518586|24443&4&2711.712576428039|24449&4&1051.7827660899031|24459&4&2035.6124786007022|24462&4&885.6760411707164|24466&4&3.6197193727050774|24468&4&316.2443499020736|24476&4&2405.598679920996|24482&4&1191.7250457459945|24494&4&1136.2367166317258,2|24399&4&3730.4050639335387|24427&4&3167.723258730749|24428&4&3278.654621868541|24432&4&396.3072270159749|24433&4&4.815235593896952|24437&4&129.1805494486013|24440&4&1779.405525852854|24456&4&710.5891813256686|24460&4&240.66721756662804|24470&4&45.6973755189439|24477&4&977.9751705297207|24487&4&0.0|24493&4&3122.0466791444396|24514&4&84.45636863743859,2|24402&4&2147.058510533443|24404&4&2274.2022272996956|24416&4&1451.627208905219|24424&4&95.09856494261271|24429&4&4305.820564612818|24430&4&19.722742202029256|24435&4&3803.3737249943115|24446&4&1785.8431909619749|24450&4&155.09923025741517|24454&4&546.8169700481831|24460&4&787.9996888217452|24462&4&707.218790687302|24477&4&1660.7631537279626|24482&4&196.9996490886232|24496&4&30.563106624750578|24511&4&1230.3289233160822,2|24417&4&2434.2651051971557|24422&4&211.31465778912641|24431&4&61.22483350400597|24437&4&53.86590865435143|24439&4&1711.8555045604878|24441&4&240.8018467981776|24448&4&146.2533244189673|24460&4&211.23627988525521|24478&4&83.39418278201421|24479&4&4015.031205121597|24495&4&379.5646363455147,2|24397&4&2176.8289377685464|24409&4&133.03225952651422|24413&4&1405.2567705591791|24417&4&2720.294953612777|24424&4&1621.2067269113747|24426&4&130.66539956698733|24432&4&33.269320178392206|24448&4&1093.561942620281|24460&4&3.086933226126453|24480&4&1588.5739434302327,2|24400&4&2.252427139950978|24406&4&662.7953942190078|24407&4&1068.3636162092525|24411&4&340.5927448183943|24418&4&1796.4985929331228|24423&4&1294.5018910909273|24432&4&1662.5851928737038|24437&4&120.97203065993382|24442&4&510.3874074603475|24452&4&-1.865174681370263E-14|24461&4&4630.035818613752|24463&4&1246.6842432894907|24464&4&92.41845331725695|24467&4&1464.4996839284481|24472&4&1977.8354568272002|24482&4&305.368839190588|24484&4&1601.1539948989407|24486&4&2828.841242402286|24489&4&1295.1538113314432|24495&4&459.5225344191982,2|24397&4&11.637241141289927|24400&4&2955.6713066599114|24410&4&2818.450142474012|24432&4&1022.9508506301552|24433&4&1336.1401017958951|24434&4&101.33552541567438|24437&4&356.6823818667265|24438&4&1003.987872356633|24449&4&165.60650497635743|24452&4&3747.147058872777|24454&4&812.4169634546791|24456&4&118.52987570404099|24460&4&514.6764295906478|24476&4&55.41411011216432|24485&4&345.0439742917258
306|4,130,1,1,1,1,1,1,1,1,1,1,1,1,1,1,1,1,1,1,1,1,1,1,1,1,1,1,1,1,1,1,1,1,1,1,1,1,1,1,1,1,1,1,1,1,1,1,1,1,1,1,1,1,1,1,1,1,1,1,1,1,1,1,1,1,1,1,1,1,1,1,1,1,1,1,1,1,1,1,1,1,1,1,1,1,1,1,1,1,1,1,1,1,1,1,1,1,1,1,1,1,0,0,0,0,0,0,0,0,0,0,0,0,0,0,0,0,0,0,0,0,2|24402&4&572.1435434067262|24414&4&1411.597480874033|24420&4&424.731225021882|24426&4&533.668383185549|24445&4&1875.190980218992|24450&4&2426.718852020332|24455&4&1618.0624963298778|24465&4&635.4278505008145|24471&4&1235.0946712763284|24475&4&206.38166858447528|24476&4&2185.5152835686704|24484&4&3308.4062351400507|24488&4&406.74284959811376|24489&4&875.5257559163722,2|24401&4&1156.4794688868014|24409&4&3078.112601588806|24410&4&-1.509903313490213E-14|24411&4&910.2402295455197|24415&4&67.89867742615036|24419&4&65.62803180948043|24423&4&3368.3995597428616|24426&4&47.875759759367455|24431&4&2340.844000765931|24436&4&2297.259071029831|24451&4&2646.611470134315|24470&4&706.6423050632881|24473&4&2438.806419817118|24485&4&3692.4786800737998|24491&4&602.5345232680635|24492&4&141.1677787707633|24496&4&296.35255109205,2|24403&4&824.9142350272193|24405&4&1792.1888440007594|24412&4&0.0|24419&4&1779.2265642884427|24430&4&2784.840257560909|24431&4&2487.8760860154007|24433&4&956.5659334566551|24437&4&250.20747946761506|24453&4&3439.561612328779|24472&4&126.49533946097196|24478&4&2114.7658548210093|24483&4&4325.853275823334|24489&4&194.83251707882494|24490&4&896.7902384243878|24494&4&17.677830435995507,2|24408&4&1311.2734986551927|24415&4&1210.0744321319519|24420&4&368.97329602634056|24422&4&148.58792533749997|24434&4&3858.4018873931523|24443&4&3361.978946734959|24449&4&1163.895647223568|24459&4&1846.1790858430202|24462&4&774.35473828665|24466&4&3.2906539751864337|24468&4&283.6547700443228|24476&4&2149.7908882206034|24482&4&1090.2847919045892|24494&4&1040.1078394185847,2|24399&4&3549.668082360085|24427&4&3036.498475249028|24428&4&3020.679275412136|24432&4&370.1850050729664|24433&4&-2.1316282072803006E-14|24437&4&113.03298076752613|24440&4&1634.0444544941165|24456&4&0.0|24460&4&217.90102134444325|24470&4&42.880617405907266|24477&4&806.1039630049063|24493&4&3410.7926014003433|24514&4&67.71585000886775,2|24402&4&2445.563448630028|24404&4&2392.181045344758|24416&4&1330.8334264393118|24424&4&52.54244951498352|24429&4&4499.037290894559|24430&4&4.061503547967645|24435&4&3652.2825544423144|24446&4&1600.816251387098|24450&4&115.36645523910484|24454&4&839.4985403257577|24460&4&729.0811962145807|24462&4&664.0874057430716|24477&4&1732.8398088967713|24482&4&124.2617697124766|24496&4&28.765276823294663|24511&4&1123.0520378847539,2|24417&4&2886.121517970624|24422&4&198.29781581809715|24431&4&24.147411202346806|24437&4&35.91060576956758|24439&4&1551.0518297281244|24441&4&213.69694845504415|24448&4&138.55578102849535|24460&4&197.1538612262382|24478&4&42.1787962256514|24479&4&3657.8551052808857|24495&4&497.86558661793197,2|24397&4&2355.9547584581474|24409&4&90.01009051688567|24413&4&1506.4848751572974|24417&4&2432.107581370383|24424&4&1943.1948484172171|24426&4&104.53231965358987|24432&4&21.96694147851538|24448&4&987.7902742899952|24460&4&-2.042810365310288E-14|24480&4&1617.0298930269328,2|24400&4&7.105427357601002E-15|24406&4&711.1096770796671|24407&4&1253.5928386362748|24411&4&432.0783078205478|24416&4&745.7715386068319|24418&4&2123.3814475098443|24423&4&1015.3734892823329|24432&4&1511.0225892645935|24437&4&110.53022575081651|24442&4&454.6842368851076|24461&4&4235.8220282255215|24463&4&1151.91776170552|24464&4&87.55432419529606|24467&4&1346.0258457252598|24472&4&1806.2357974071679|24482&4&957.9080041608279|24484&4&1370.4813124179655|24486&4&3048.1765742149832|24487&4&17.902008210638556|24488&4&67.00058045671608|24489&4&1187.5565571368063|24495&4&402.3509433335048,2|24397&4&-8.171241461241152E-14|24400&4&2651.8208960028137|24410&4&2812.877440183367|24432&4&968.2142268940192|24433&4&1264.627710713998|24434&4&38.870675719490094|24437&4&337.6020964186687|24438&4&1471.4235830645698|24449&4&105.38085453286405|24452&4&3402.0780063084994|24454&4&684.4068570647812|24456&4&0.0|24460&4&392.41118941325493|24476&4&17.47802450372717|24485&4&403.10382364785113
307|4,130,1,1,1,1,1,1,1,1,1,1,1,1,1,1,1,1,1,1,1,1,1,1,1,1,1,1,1,1,1,1,1,1,1,1,1,1,1,1,1,1,1,1,1,1,1,1,1,1,1,1,1,1,1,1,1,1,1,1,1,1,1,1,1,1,1,1,1,1,1,1,1,1,1,1,1,1,1,1,1,1,1,1,1,1,1,1,1,1,1,1,1,1,1,1,1,1,1,1,1,1,0,0,0,0,0,0,0,0,0,0,0,0,0,0,0,0,0,0,0,0,2|24402&4&483.77568171234145|24414&4&1401.8218369514475|24420&4&362.9105342150337|24426&4&1200.0361236018703|24428&4&90.66058125791938|24445&4&1710.7353846690412|24450&4&2256.70021381191|24455&4&2053.075860794079|24465&4&935.0981323607444|24471&4&1116.8278024671436|24475&4&192.8986980754093|24476&4&2797.978717915422|24484&4&3186.240454320814|24488&4&322.1038381962237|24489&4&822.9254033784546,2|24401&4&1069.3709861133711|24409&4&2930.3249837760804|24411&4&846.8763186225906|24415&4&24.619763288498945|24419&4&20.741094203055326|24423&4&4031.4351183145595|24426&4&8.364541580935994|24431&4&3284.2959546379807|24436&4&2397.0062165124914|24451&4&2416.609219165022|24470&4&627.489607406617|24473&4&2211.2079028500643|24485&4&3374.6241517367293|24491&4&541.4326615442807|24492&4&158.39187693869516|24496&4&270.99280893649717,2|24403&4&743.3162482986182|24405&4&1615.6416146368176|24412&4&29.26928152817748|24419&4&2183.006053073897|24430&4&2521.7754560855046|24431&4&2204.8931258231823|24433&4&830.3151415878043|24437&4&201.4247978256691|24453&4&3902.37187080606|24472&4&99.71564350210657|24478&4&2237.449517470485|24483&4&3931.206986005327|24489&4&139.2404955623343|24490&4&822.0941423443636|24494&4&8.07384778365459,2|24408&4&1462.2418122780841|24415&4&1429.362002652891|24420&4&339.1498981059576|24422&4&135.17398388942698|24434&4&3892.9522322676853|24443&4&3552.309819795464|24449&4&1510.3354816522724|24459&4&1929.153248995337|24462&4&663.0334354025833|24466&4&2.96158857766779|24468&4&251.06519018657198|24476&4&1893.9830965202104|24482&4&988.844538063184|24494&4&979.7275154452615,2|24399&4&3873.8334847381725|24427&4&3062.376037899518|24428&4&2763.35893227587|24432&4&344.0627831299579|24437&4&96.88541208645094|24440&4&1538.9367777111488|24460&4&195.13482512225846|24470&4&40.06385929287063|24477&4&646.4710119556555|24493&4&3402.652752078279|24514&4&50.975331380296915,2|24402&4&2296.0386043279827|24404&4&2221.3568545668977|24416&4&1226.8339450063472|24424&4&16.842770327563212|24429&4&4142.089351075481|24430&4&-7.105427357601002E-15|24435&4&3677.449119374097|24446&4&1530.9059319602643|24450&4&75.63368022079459|24454&4&986.6983641266872|24460&4&670.1627036074162|24462&4&620.9560207988413|24477&4&2114.1285268869233|24482&4&67.19254486638309|24496&4&26.967447021838748|24511&4&1034.962699366824,2|24417&4&2723.8577351731146|24422&4&185.28097384706786|24431&4&-1.6342482922482304E-13|24437&4&17.95530288478373|24439&4&1390.2481548957608|24441&4&186.59205011191074|24448&4&130.85823763802338|24460&4&1065.1807980088288|24478&4&21.089398112825712|24479&4&3655.306262036166|24495&4&716.6406569217474,2|24397&4&2175.824264743006|24409&4&58.789657873573546|24413&4&1661.6527932233423|24417&4&2169.6888903912195|24424&4&2437.7136263356797|24426&4&78.3992397401924|24432&4&10.959081577372405|24448&4&882.0186059597094|24480&4&1914.5261457442812,2|24406&4&614.2106794680651|24407&4&1333.5959741340089|24411&4&409.62291056747443|24416&4&766.1778466634362|24418&4&1965.5524235765506|24423&4&783.860674019666|24432&4&1359.4599856554833|24437&4&100.08842084169919|24442&4&398.9810663098678|24461&4&3955.95468980591|24463&4&1140.2897325009208|24464&4&82.69019507333518|24467&4&1227.5520075220716|24472&4&1634.6361379871355|24482&4&1217.8646511332804|24484&4&1152.172829882088|24486&4&2812.3850866521016|24487&4&17.006907800106628|24488&4&321.2145423156356|24489&4&1079.9593029421696|24495&4&345.17935224781155,2|24400&4&2554.0535254574866|24410&4&2999.6275876815853|24432&4&1052.007864077107|24433&4&1193.115319632101|24434&4&12.971292772042034|24437&4&318.5218109706109|24438&4&1767.8633956636352|24449&4&53.494758030738815|24452&4&4106.399403013405|24454&4&565.7255377488467|24460&4&270.145949235862|24476&4&0.0|24485&4&382.08602252972923
308|4,130,1,1,1,1,1,1,1,1,1,1,1,1,1,1,1,1,1,1,1,1,1,1,1,1,1,1,1,1,1,1,1,1,1,1,1,1,1,1,1,1,1,1,1,1,1,1,1,1,1,1,1,1,1,1,1,1,1,1,1,1,1,1,1,1,1,1,1,1,1,1,1,1,1,1,1,1,1,1,1,1,1,1,1,1,1,1,1,1,1,1,1,1,1,1,1,1,1,1,1,1,0,0,0,0,0,0,0,0,0,0,0,0,0,0,0,0,0,0,0,0,2|24402&4&396.5502080287674|24414&4&1638.56903066736|24420&4&301.0898434081854|24426&4&1136.186822029531|24428&4&294.20084552767923|24445&4&1546.2797891190899|24450&4&2364.439195181009|24455&4&1898.2522105264661|24465&4&1043.4151077923875|24471&4&998.560933657958|24475&4&179.4157275663433|24476&4&3260.042204176034|24484&4&2974.0202649912003|24488&4&255.9806262631198|24489&4&770.325050840537,2|24401&4&1213.0206438714667|24409&4&2649.736476770043|24411&4&783.5124076996615|24415&4&0.0|24419&4&8.526512829121202E-14|24421&4&111.36755915100395|24423&4&4992.048350284346|24426&4&-2.4868995751603507E-14|24431&4&4263.673224699862|24436&4&2498.2015435423273|24451&4&2187.5759209285334|24469&4&49.32544061012498|24470&4&548.336909749946|24473&4&1983.6093858830106|24485&4&3056.769623399658|24491&4&697.5533244502781|24492&4&249.9039787363818|24496&4&245.63306678094438,2|24403&4&1179.6237794669676|24405&4&1562.4245059480688|24412&4&67.84985076667334|24419&4&2483.148280644071|24430&4&2308.4588997993174|24431&4&1921.9101656309638|24433&4&717.727533568466|24437&4&152.6421161837231|24453&4&4099.59490122725|24472&4&74.1422377691543|24478&4&2504.494735752017|24483&4&3991.59132917812|24489&4&83.64847404584366|24490&4&747.3980462643394|24494&4&5.382565189103098,2|24408&4&1352.333540889177|24415&4&1939.5374280951619|24420&4&309.3265001855747|24422&4&121.76004244135399|24434&4&3911.09082454482|24443&4&3963.552168043959|24447&4&35.00622743691387|24449&4&1771.4802459117273|24459&4&2000.2576390561023|24462&4&551.7121325185169|24466&4&2.632523180149146|24468&4&218.47561032882118|24476&4&1638.1753048198177|24482&4&887.4042842217789|24494&4&881.8112105701291,2|24399&4&4038.7851300327566|24427&4&3408.8716033394066|24428&4&2518.564235984902|24432&4&317.9405611869494|24437&4&80.73784340537576|24440&4&1579.6867795539476|24460&4&172.36862890007365|24470&4&98.43602974804182|24477&4&486.83806090640473|24493&4&3467.1679482954996|24514&4&34.23481275172608,2|24402&4&2146.5137600259386|24404&4&2179.343583462353|24416&4&1139.5898914880736|24424&4&7.105427357601002E-15|24429&4&3785.1414112564044|24435&4&3383.2157933916665|24446&4&1784.6687430349357|24450&4&35.90090520248433|24454&4&936.3492537168783|24460&4&611.2442110002518|24462&4&1085.0048447529903|24477&4&2808.612024064926|24482&4&27.70553911189927|24496&4&25.169617220382833|24511&4&1807.277293529985,2|24417&4&2561.593952375605|24422&4&172.2641318760386|24437&4&-1.2079226507921703E-13|24439&4&1229.4444800633971|24441&4&357.34138090127544|24448&4&123.16069424755142|24460&4&1286.0943383910344|24478&4&-1.1368683772161603E-13|24479&4&4129.609411375337|24495&4&797.4794406600724,2|24397&4&1995.6937710278642|24409&4&33.14971701910703|24413&4&1483.9610730156041|24417&4&1907.2701994120553|24424&4&2618.839287875636|24426&4&52.26615982679493|24432&4&7.0414371057044125|24448&4&776.2469376294237|24480&4&2000.187330223714,2|24406&4&762.5205419354991|24407&4&1231.9580609479797|24411&4&387.16751331440105|24416&4&819.1932912736793|24418&4&2197.500165663682|24423&4&594.495812639497|24432&4&1207.897382046373|24437&4&89.64661593258188|24442&4&581.2800463943363|24445&4&110.43123949794051|24461&4&4366.881396755492|24463&4&1358.3615767584306|24464&4&77.82606595137429|24467&4&1109.0781693188835|24472&4&1533.8915408243906|24482&4&1538.311881733625|24484&4&957.7649797058368|24486&4&2737.3618099416562|24487&4&16.1118073895747|24488&4&432.450042336092|24489&4&1163.2645603444753|24495&4&297.0267292287661,2|24400&4&2485.274084809247|24410&4&3010.4173024555093|24432&4&1025.8382420665682|24433&4&1121.6029285502043|24434&4&5.584228762893986|24437&4&747.6111622819186|24438&4&1809.6472779505991|24449&4&19.835426968352277|24452&4&4256.527808759507|24454&4&447.0442184329121|24460&4&165.06251793069228|24485&4&465.1517111388055
309|4,130,1,1,1,1,1,1,1,1,1,1,1,1,1,1,1,1,1,1,1,1,1,1,1,1,1,1,1,1,1,1,1,1,1,1,1,1,1,1,1,1,1,1,1,1,1,1,1,1,1,1,1,1,1,1,1,1,1,1,1,1,1,1,1,1,1,1,1,1,1,1,1,1,1,1,1,1,1,1,1,1,1,1,1,1,1,1,1,1,1,1,1,1,1,1,1,1,1,1,1,1,0,0,0,0,0,0,0,0,0,0,0,0,0,0,0,0,0,0,0,0,2|24398&4&23.01521411756611|24402&4&309.3247343451934|24414&4&2219.7071217733182|24420&4&239.2691526013371|24426&4&1061.7898162654158|24428&4&341.1077853893904|24445&4&1381.8241935691385|24450&4&2502.9892955529863|24455&4&1943.527747668219|24465&4&990.3467302995377|24471&4&887.9648549506222|24475&4&165.93275705727726|24476&4&3741.6733974906074|24484&4&2929.183012563852|24488&4&193.74392610164122|24489&4&717.7246983026193,2|24401&4&1164.437841507368|24409&4&2480.396642778458|24411&4&720.1484967767323|24421&4&105.79918119345375|24423&4&4734.5753885254|24431&4&4012.9684059204|24436&4&2437.4212844461817|24451&4&2036.343188595292|24469&4&46.85916857961873|24470&4&469.18421209327505|24473&4&1756.0108689159576|24485&4&2738.915095062588|24491&4&619.6727062051737|24492&4&236.23266238243016|24496&4&220.27332462539155,2|24403&4&1154.3837694117044|24405&4&1931.083545233842|24412&4&64.38418502451924|24419&4&2264.3190334938727|24430&4&2489.1537066292044|24431&4&1672.6704706001633|24433&4&605.1399255491278|24437&4&103.85943454177712|24453&4&4690.639148420406|24472&4&49.428158512769585|24478&4&2525.7730901345085|24483&4&3785.7773723866603|24489&4&39.002148147319275|24490&4&672.7019501843153|24494&4&2.6912825945515575,2|24408&4&1242.4252695002697|24415&4&1848.4800310379057|24420&4&570.5773953147835|24422&4&108.346100993281|24434&4&3645.488331791357|24443&4&4349.880297068501|24447&4&33.25591606506818|24449&4&2142.2748940533197|24459&4&2241.214950969582|24462&4&447.9119867440178|24466&4&2.3034577826305025|24468&4&212.7236904495478|24476&4&1401.2393488661949|24482&4&785.9640303803736|24494&4&825.8597013606471,2|24399&4&4036.9050054215495|24413&4&0.0|24427&4&3134.958914274849|24428&4&2282.243272641111|24432&4&291.81833924394095|24437&4&64.59027472430057|24440&4&1422.381851319905|24460&4&149.60243267788883|24470&4&92.55982520659478|24477&4&357.2161208790849|24493&4&3229.8702912833683|24514&4&17.49429412315525,2|24402&4&2324.824768991137|24404&4&2114.963171370574|24416&4&1057.9028535351576|24429&4&3428.1934714373283|24435&4&3088.982467409236|24446&4&2049.5963729961513|24450&4&-4.263256414560601E-14|24454&4&1313.696197009181|24460&4&552.3257183930873|24462&4&1472.5463621078256|24477&4&3467.5277839823107|24482&4&18.470359407932847|24496&4&23.371787418926917|24511&4&2300.833266390451,2|24417&4&2399.3301695780956|24422&4&159.24728990500932|24439&4&1291.0024985867599|24441&4&441.238074862256|24448&4&115.46315085707946|24460&4&1668.5582712571436|24479&4&4092.2817364381017|24495&4&744.0241382715975,2|24397&4&1815.5632773127222|24409&4&7.5097761646404715|24413&4&0.0|24417&4&1644.8515084328913|24424&4&2984.8623120812|24426&4&26.133079913397466|24432&4&3.1237926340364686|24448&4&670.4752692991378|24480&4&2279.8485629211045,2|24406&4&1216.8590038257835|24407&4&1130.3201477619507|24411&4&364.71211606132766|24412&4&14.923733539678189|24416&4&774.3605318044938|24418&4&2244.6336913629766|24423&4&439.34198446543434|24432&4&1056.3347784372627|24437&4&79.20481102346457|24442&4&880.5526022691055|24445&4&113.12957122172205|24461&4&4058.91060273631|24463&4&1540.596500230092|24464&4&72.9619368294134|24467&4&1008.4847468484486|24472&4&1459.3156875461366|24482&4&1650.2500288138417|24484&4&763.3571295295858|24486&4&2925.234157367825|24487&4&15.216706979042772|24488&4&589.4135516081385|24489&4&1232.009552592327|24495&4&251.44309106244242,2|24400&4&2800.3648550383623|24410&4&2770.123174662949|24432&4&962.4004295458933|24433&4&1050.0905374683073|24434&4&2.792114381446993|24437&4&842.5649800506815|24438&4&1702.794050734641|24449&4&8.526512829121202E-14|24452&4&4612.288588860918|24454&4&344.9748029669154|24460&4&79.38494285598375|24485&4&445.2254748846394
310|4,130,1,1,1,1,1,1,1,1,1,1,1,1,1,1,1,1,1,1,1,1,1,1,1,1,1,1,1,1,1,1,1,1,1,1,1,1,1,1,1,1,1,1,1,1,1,1,1,1,1,1,1,1,1,1,1,1,1,1,1,1,1,1,1,1,1,1,1,1,1,1,1,1,1,1,1,1,1,1,1,1,1,1,1,1,1,1,1,1,1,1,1,1,1,1,1,1,1,1,1,1,0,0,0,0,0,0,0,0,0,0,0,0,0,0,0,0,0,0,0,0,2|24398&4&21.864453411687805|24402&4&225.4010816667398|24414&4&2059.9928861102976|24420&4&190.3704978407966|24426&4&1391.3004335445926|24428&4&683.9596784749745|24445&4&1217.3685980191879|24450&4&2739.2242673322107|24455&4&1966.9924003691503|24465&4&920.5245573085165|24471&4&787.690713236693|24475&4&152.44978654821122|24476&4&3522.853865177577|24484&4&3569.876691230106|24488&4&137.6673385746252|24489&4&665.1243457647017,2|24401&4&1059.2127202608633|24409&4&2194.2457021216974|24411&4&656.7845858538032|24421&4&100.23080323590355|24423&4&4700.561221674157|24431&4&3762.263587140938|24436&4&2232.2482792379888|24446&4&351.48788085938907|24451&4&2237.354092806816|24469&4&44.392896549112486|24470&4&390.03151443660397|24473&4&1534.9086485771609|24485&4&2421.0605667255177|24491&4&564.8281123326898|24492&4&222.56134602847854|24496&4&194.91358246983873,2|24403&4&1074.1183401666956|24405&4&2313.6331970485553|24412&4&60.91851928236512|24419&4&2267.3874016715436|24430&4&2370.8753024471293|24431&4&1430.0000504986106|24433&4&492.5523175297896|24437&4&56.08234862702916|24444&4&0.0|24453&4&4272.84210566491|24472&4&24.714079256384867|24478&4&3000.9075670890124|24483&4&3528.5755174147153|24489&4&10.519815089570011|24490&4&598.0058541042911|24494&4&1.687538997430238E-14,2|24408&4&1175.9945670832894|24415&4&1701.3973918438837|24420&4&554.1222650376278|24422&4&94.93215954520801|24434&4&3513.1031667004536|24443&4&4314.587888300743|24447&4&31.505604693222484|24449&4&1980.0553473840187|24459&4&2163.658240687756|24462&4&362.1111868055098|24466&4&1.974392385111859|24468&4&178.7922275928731|24476&4&1185.4268919923054|24482&4&684.5237765389684|24494&4&1134.271543077773,2|24399&4&4191.696402772584|24413&4&43.61229754004239|24427&4&2899.8071687575407|24428&4&2045.9223092973198|24432&4&265.6961173009325|24437&4&48.442706043225385|24440&4&1265.076923085863|24449&4&388.94883035061764|24460&4&126.83623645570404|24470&4&157.9079395955966|24477&4&270.6122936204612|24489&4&257.6863239312869|24493&4&2947.756519570453|24514&4&12.424258674286648,2|24402&4&2570.9876582804636|24404&4&1932.0542183755601|24416&4&976.2158155822417|24429&4&3082.9777816062074|24435&4&2794.749141426805|24446&4&1855.8403563111647|24454&4&1360.4664625796063|24460&4&493.40722578592283|24462&4&1381.2543710814768|24477&4&3445.3971954632552|24482&4&9.235179703966423|24496&4&21.573957617471002|24511&4&2138.4904558378444,2|24417&4&2237.066386780586|24422&4&146.23044793398006|24439&4&1687.3554293735774|24441&4&424.5002100615326|24448&4&704.0808751134214|24460&4&2291.2030322934006|24479&4&4099.9081037488895|24495&4&690.5688358831223,2|24397&4&1820.61864787333|24409&4&1.2434497875801753E-14|24417&4&1382.4328174537277|24424&4&3100.5880156516123|24426&4&0.0|24432&4&-1.865174681370263E-14|24448&4&564.7036009688521|24480&4&2699.4747152678638,2|24406&4&1307.9415150747059|24407&4&1095.6345427740255|24411&4&342.2567188082543|24412&4&37.662401659160466|24416&4&729.5277723353082|24418&4&2267.5971227024634|24423&4&293.30080648712953|24432&4&904.7721748281524|24437&4&68.76300611434726|24442&4&1071.6044573327545|24445&4&133.16203531627372|24461&4&4049.4743907919274|24463&4&1428.2000522730689|24464&4&68.09780770745252|24467&4&889.1168878586229|24472&4&1279.1449470505079|24482&4&1557.1708625169524|24484&4&584.1510167588183|24486&4&3332.6780594211923|24487&4&14.321606568510845|24488&4&582.5714297560278|24489&4&1105.5728042167264|24495&4&205.85945289611877,2|24400&4&3277.4411573351686|24410&4&2533.7555103286536|24432&4&898.9626170252183|24433&4&978.5781463864103|24434&4&0.0|24437&4&794.254083511916|24438&4&1678.171410906609|24452&4&4437.28702837965|24453&4&791.7546896833992|24454&4&260.2294412799969|24460&4&22.15846156482263|24485&4&1425.0147084179564
311|4,130,1,1,1,1,1,1,1,1,1,1,1,1,1,1,1,1,1,1,1,1,1,1,1,1,1,1,1,1,1,1,1,1,1,1,1,1,1,1,1,1,1,1,1,1,1,1,1,1,1,1,1,1,1,1,1,1,1,1,1,1,1,1,1,1,1,1,1,1,1,1,1,1,1,1,1,1,1,1,1,1,1,1,1,1,1,1,1,1,1,1,1,1,1,1,1,1,1,1,1,1,0,0,0,0,0,0,0,0,0,0,0,0,0,0,0,0,0,0,0,0,2|24398&4&20.7136927058095|24402&4&157.96269266126177|24414&4&1913.9150367921482|24420&4&147.39275751302466|24426&4&0.0|24428&4&779.4997092585204|24445&4&1052.9130024692367|24450&4&2531.709916909096|24455&4&2104.9819204091364|24465&4&850.7023843174951|24471&4&917.1641964367853|24475&4&154.52908480565742|24476&4&3623.244571388115|24484&4&4286.451624063988|24488&4&85.90377998559615|24489&4&612.5239932267841,2|24401&4&1338.0983621823784|24409&4&2535.2762280174265|24411&4&593.420674930874|24421&4&94.66242527835335|24423&4&4748.750419791734|24431&4&4451.267088383214|24436&4&2027.0752740297958|24446&4&721.0662558644285|24451&4&2173.4903717629986|24469&4&0.0|24470&4&310.878816779933|24473&4&1531.0539285713244|24485&4&2127.8931278622713|24491&4&1097.83733495139|24492&4&0.0|24496&4&169.55384031428594,2|24403&4&993.8529109216865|24405&4&2294.3941685323116|24412&4&57.452853540211|24419&4&2594.9609725436735|24430&4&2429.7996014894215|24431&4&1202.5624871793452|24433&4&389.2650461032888|24437&4&19.942336114424386|24453&4&3884.387433496331|24472&4&1.4921397450962104E-13|24478&4&2847.8205506565814|24483&4&3110.2344440708544|24489&4&6.750155989720952E-14|24490&4&523.309758024267,2|24408&4&1208.098531909129|24415&4&1554.314752649861|24420&4&508.3490533499799|24422&4&81.51821809713502|24434&4&3151.052544124708|24443&4&3958.325861858041|24447&4&0.0|24449&4&1817.8358007147185|24459&4&2079.453979284444|24462&4&288.13668405744943|24466&4&1.6453269875932155|24468&4&704.5856169652833|24476&4&972.5440815826646|24482&4&583.0835226975631|24494&4&1223.36220558197,2|24399&4&4224.650315372527|24413&4&41.43168266304027|24415&4&81.24797384997544|24427&4&2675.008549515219|24428&4&1825.2770611301066|24432&4&239.573895357924|24437&4&32.2951373621502|24440&4&1307.1900716815308|24443&4&244.28735509817488|24449&4&715.9516035644945|24460&4&104.07004023351922|24470&4&412.84097490547873|24477&4&196.4301583530945|24489&4&453.2943980906532|24493&4&2979.8666456304713|24514&4&9.318194005714986,2|24402&4&2656.893016281359|24404&4&1749.1452653805463|24416&4&894.5287776293258|24429&4&2907.47724987484|24435&4&2713.8126502157656|24446&4&1673.3238485082068|24454&4&1498.3377803950257|24460&4&434.48873317875837|24462&4&1378.6601194720427|24477&4&3539.1835472588264|24482&4&0.0|24496&4&19.776127816015087|24511&4&2187.9438226475518,2|24417&4&2748.662486174579|24422&4&172.24054402681114|24439&4&1513.6066162601526|24441&4&380.1426620643837|24448&4&818.3962344837261|24460&4&2486.804526275345|24479&4&3941.3726954219146|24495&4&637.1135334946475,2|24397&4&1740.0630074534179|24404&4&222.06107887013127|24417&4&1139.1235478946617|24420&4&230.50226885489252|24424&4&2874.431873674607|24448&4&476.5462576402786|24480&4&2502.635345040833,2|24406&4&1207.298470729236|24407&4&994.6267205837763|24411&4&319.8013215551809|24412&4&79.94001743766634|24416&4&684.6950128661227|24418&4&2080.416320325118|24423&4&160.79530020707148|24432&4&753.2095712190421|24437&4&559.6290765647739|24442&4&990.1133505691162|24445&4&187.23610205319454|24461&4&3902.8535400162823|24463&4&1315.8036043160455|24464&4&63.233678585491624|24467&4&769.7490288687969|24472&4&1792.515787140124|24482&4&1532.1888519325064|24484&4&440.1803730599037|24486&4&3495.910151474475|24487&4&13.426506157978917|24488&4&549.7548915784382|24489&4&979.1360558411259|24495&4&160.2758147297951,2|24400&4&3264.699650694206|24410&4&2297.387845994358|24432&4&835.5248045045432|24433&4&907.0657553045133|24437&4&745.9431869731504|24438&4&1561.5586523043771|24452&4&4269.477001576475|24453&4&1567.748706256764|24454&4&186.72552422793717|24460&4&1.4921397450962104E-13|24485&4&1687.5220859791098
312|4,130,1,1,1,1,1,1,1,1,1,1,1,1,1,1,1,1,1,1,1,1,1,1,1,1,1,1,1,1,1,1,1,1,1,1,1,1,1,1,1,1,1,1,1,1,1,1,1,1,1,1,1,1,1,1,1,1,1,1,1,1,1,1,1,1,1,1,1,1,1,1,1,1,1,1,1,1,1,1,1,1,1,1,1,1,1,1,1,1,1,1,1,1,1,1,1,1,1,1,1,1,0,0,0,0,0,0,0,0,0,0,0,0,0,0,0,0,0,0,0,0,2|24398&4&19.562931999931195|24402&4&103.6048977710654|24414&4&1768.3679935238547|24420&4&110.67440930247577|24426&4&184.59907062929074|24428&4&1224.2399890235017|24445&4&888.4574069192859|24450&4&2330.176346373443|24455&4&1955.092337154868|24465&4&780.8802113264738|24471&4&794.0227379419243|24475&4&140.2680008582658|24476&4&4341.286020402198|24484&4&4695.766938407971|24488&4&34.1402213965671|24489&4&559.9236406888665,2|24401&4&1568.584375326182|24409&4&3075.5469439386043|24411&4&530.0567640079448|24421&4&89.09404732080316|24423&4&5070.210576126727|24431&4&4153.576853602666|24436&4&1821.9022688216028|24446&4&699.2907711934242|24451&4&1991.183255179243|24470&4&243.3433565302684|24473&4&2130.371785358456|24485&4&1834.7256889990251|24491&4&1281.7679014144637|24492&4&3.768403034295531|24496&4&144.1940981587331,2|24403&4&913.5874816766775|24405&4&2123.7241307195723|24412&4&53.98718779805689|24419&4&2924.9980615692643|24430&4&2549.8695143166633|24431&4&1020.9563985170522|24433&4&285.97777467678804|24437&4&0.0|24444&4&75.04851279207853|24453&4&3517.5886609060053|24478&4&2607.907609722087|24483&4&2691.893370726993|24490&4&448.61366194424266,2|24408&4&1104.5423559571132|24415&4&1411.2580138195294|24420&4&462.57584166233204|24422&4&68.10427664906203|24434&4&3054.541636548302|24443&4&3621.727195915375|24449&4&1681.6556103521807|24459&4&2189.876829466203|24462&4&228.34973944546374|24466&4&1.316261590074572|24468&4&971.8559275759442|24476&4&779.1010259437599|24482&4&481.64326885615793|24494&4&1112.1397541984227,2|24399&4&4359.105725479541|24413&4&39.25106778603815|24415&4&258.8903119746521|24427&4&2769.5388660986678|24428&4&1618.244547978276|24432&4&213.4516734149155|24437&4&0.0|24440&4&1581.6024464800767|24443&4&232.07298734326613|24449&4&679.1816513103931|24460&4&81.3038440113344|24470&4&581.8287178334879|24477&4&145.37541304710302|24489&4&710.3292828422731|24493&4&2837.8887169010086|24514&4&6.212129337143324,2|24402&4&2604.9017757733136|24404&4&1570.1907092514443|24416&4&812.8417396764098|24429&4&3174.970697629071|24435&4&2975.7323630998217|24446&4&1504.8503411634197|24454&4&2218.5289115622013|24460&4&375.5702405715939|24462&4&1282.9332414748483|24477&4&3292.1216623411538|24496&4&17.978298014559172|24511&4&2244.0389142085096,2|24417&4&2711.3162382063747|24422&4&185.24104106293436|24431&4&317.7199921838935|24439&4&1339.8578031467282|24441&4&569.920451328194|24448&4&1266.4674879304553|24460&4&2339.7377858320633|24471&4&602.1293995400077|24479&4&3695.410713654708|24483&4&1496.2257023128996|24494&4&135.36613424019077|24495&4&721.0141365903936,2|24397&4&1619.9786821763207|24404&4&257.67417845945397|24417&4&937.2044473048793|24420&4&248.39852845795008|24424&4&2657.511783588247|24448&4&388.388914311705|24480&4&2306.5389521188326,2|24406&4&1373.3938651619815|24407&4&889.4423066675579|24411&4&297.3459243021075|24412&4&75.80968576109348|24416&4&639.8622533969374|24418&4&2318.711457429872|24423&4&47.43988361334138|24432&4&601.6469676099318|24437&4&0.0|24442&4&908.6222438054776|24445&4&617.419840477131|24461&4&3521.9570519462854|24463&4&1203.407156359022|24464&4&58.36954946353073|24467&4&650.3811698789711|24472&4&2231.9738518890763|24482&4&1435.704827849995|24484&4&337.0536364444281|24486&4&3232.901964076765|24487&4&12.531405747446989|24488&4&1011.4835486254474|24489&4&852.6993074655253|24495&4&114.69217656347142,2|24400&4&3347.08118954041|24410&4&2061.020181660063|24432&4&772.0869919838682|24433&4&835.5533642226163|24437&4&0.0|24438&4&1444.9458937021457|24452&4&4491.557796016785|24453&4&1822.628755977212|24454&4&114.90933896290056|24485&4&2034.3568020247208
313|4,130,1,1,1,1,1,1,1,1,1,1,1,1,1,1,1,1,1,1,1,1,1,1,1,1,1,1,1,1,1,1,1,1,1,1,1,1,1,1,1,1,1,1,1,1,1,1,1,1,1,1,1,1,1,1,1,1,1,1,1,1,1,1,1,1,1,1,1,1,1,1,1,1,1,1,1,1,1,1,1,1,1,1,1,1,1,1,1,1,1,1,1,1,1,1,1,1,1,1,1,1,0,0,0,0,0,0,0,0,0,0,0,0,0,0,0,0,0,0,0,0,2|24398&4&18.41217129405289|24402&4&64.83891036328706|24414&4&1622.820950255561|24420&4&73.95606109192687|24426&4&175.3691170978262|24428&4&1355.5156920869504|24445&4&742.1010547795543|24450&4&2291.498154282115|24455&4&1805.2027539006|24465&4&711.0580383354524|24471&4&681.3373407547547|24475&4&126.00691691087417|24476&4&4907.800080529518|24481&4&98.86620058498046|24484&4&4706.644246919759|24488&4&2.8421709430404007E-13|24489&4&507.32328815094894,2|24401&4&1512.5267158132333|24409&4&3181.147659263768|24411&4&466.69285308501566|24421&4&83.52566936325296|24423&4&5983.588315603602|24431&4&3855.8866188221173|24436&4&1616.7292636134098|24446&4&661.6009113068361|24451&4&2478.6466294057104|24470&4&188.09115756816163|24473&4&1903.2558524148105|24485&4&1541.5582501357792|24491&4&1586.2237577942992|24492&4&86.82937413874414|24496&4&118.83435600318032,2|24403&4&833.3220524316685|24405&4&1953.0540929068325|24412&4&50.52152205590278|24419&4&2690.156723945155|24430&4&3145.592394104185|24431&4&840.0116601621618|24433&4&182.6905032502873|24444&4&385.13943188183134|24453&4&3161.0388379092565|24478&4&2367.994668787593|24483&4&2319.29555444402|24490&4&373.91756586421855,2|24408&4&1012.0297955442808|24415&4&1279.158137148806|24420&4&416.8026299746842|24422&4&0.0|24434&4&3736.973496540123|24443&4&3297.215001949485|24449&4&1560.4482909609058|24459&4&2134.367839541932|24462&4&170.25953892471074|24466&4&0.9871961925559285|24468&4&910.3982292011656|24476&4&632.8290426287182|24482&4&391.72040372132176|24494&4&1009.2130827309823,2|24399&4&3973.4799708731784|24413&4&294.0362579838329|24415&4&666.9561084370481|24427&4&3014.758961470101|24428&4&1443.36182690594|24432&4&187.32945147190702|24440&4&1841.6829869568255|24443&4&221.495673614449|24449&4&642.4116990562918|24460&4&58.5376477891496|24470&4&908.7104156282433|24477&4&104.50436025001981|24489&4&673.0031561046131|24493&4&2565.0327897320662|24514&4&3.106064668571662,2|24402&4&2397.3523303645156|24404&4&1411.8667942207921|24416&4&731.1547017234939|24429&4&2809.7646907465646|24435&4&3342.8685269853477|24446&4&1337.882680590322|24454&4&2068.463132278689|24460&4&316.65174796442943|24462&4&1187.2063634776541|24477&4&3041.9341586431983|24496&4&16.180468213103257|24511&4&2292.011218873896,2|24417&4&3022.946289163683|24422&4&0.0|24431&4&681.3303277385528|24439&4&1529.0614355448847|24441&4&526.8473271668086|24448&4&1196.7039481741517|24460&4&2192.6710453887817|24471&4&799.9280980137054|24479&4&3352.1668662975676|24483&4&2836.054653231352|24494&4&128.59782752818123|24495&4&825.1544909756203,2|24397&4&1835.568871373538|24404&4&363.44019648965036|24417&4&737.5068410271432|24420&4&235.40234636291535|24424&4&2443.239186908776|24448&4&331.1380992488885|24480&4&2110.4425591968316,2|24406&4&1481.5841198964592|24407&4&784.2578927513396|24411&4&274.8905270490341|24412&4&71.6793540845206|24416&4&595.0294939277518|24418&4&2536.6682149133803|24423&4&2.984279490192421E-13|24432&4&450.08436400082144|24437&4&204.1511207917701|24442&4&827.1311370418392|24445&4&1020.0353432159612|24461&4&3144.930087571885|24463&4&1091.0107084019987|24464&4&53.50542034156984|24467&4&762.4295897059583|24472&4&2409.1647847412055|24482&4&1541.689093154442|24484&4&260.3764846652125|24486&4&2969.893776679056|24487&4&11.636305336915061|24488&4&1153.6287720273035|24489&4&740.3054453504521|24495&4&69.10853839714775,2|24400&4&3437.8954521117257|24410&4&1840.59670989259|24432&4&928.0851447898362|24433&4&1356.84111783785|24438&4&1328.3331350999138|24452&4&4579.574221343933|24453&4&1864.9875614817286|24454&4&70.61852510041032|24485&4&2138.3922379843057
314|4,130,1,1,1,1,1,1,1,1,1,1,1,1,1,1,1,1,1,1,1,1,1,1,1,1,1,1,1,1,1,1,1,1,1,1,1,1,1,1,1,1,1,1,1,1,1,1,1,1,1,1,1,1,1,1,1,1,1,1,1,1,1,1,1,1,1,1,1,1,1,1,1,1,1,1,1,1,1,1,1,1,1,1,1,1,1,1,1,1,1,1,1,1,1,1,1,1,1,1,1,1,0,0,0,0,0,0,0,0,0,0,0,0,0,0,0,0,0,0,0,0,2|24398&4&17.261410588174584|24402&4&26.072922955508727|24414&4&1477.2739069872675|24420&4&39.30844118334543|24426&4&166.13916356636167|24428&4&1385.867893212579|24445&4&615.0199955909819|24450&4&2081.9767498933165|24455&4&1655.3131706463323|24465&4&641.2358653444311|24471&4&568.6519435675852|24475&4&111.74583296348256|24476&4&4577.266997826536|24481&4&0.0|24484&4&4339.898266526611|24489&4&454.7229356130313,2|24401&4&1382.5344916693252|24409&4&3240.9600542831995|24411&4&403.3289421620865|24421&4&77.95729140570276|24423&4&5742.144946959641|24431&4&3558.1963840415688|24436&4&1411.5562584052168|24446&4&623.9110514202479|24451&4&2688.698966649419|24470&4&141.66004520092594|24473&4&1701.3633384266157|24485&4&1253.4326959331252|24491&4&1638.416400264252|24492&4&119.85394881713748|24496&4&93.47461384762751,2|24403&4&753.0566231866595|24405&4&1782.3840550940927|24412&4&47.05585631374866|24419&4&2455.315386321046|24430&4&2870.5088608581527|24431&4&664.9091383006307|24433&4&98.29598525971741|24444&4&484.59263044864156|24453&4&2804.489014912508|24478&4&2171.357122104556|24483&4&2002.1125595904232|24490&4&299.22146978419437,2|24408&4&927.3992941636179|24415&4&1158.228092409573|24420&4&371.02941828703626|24434&4&3976.4034413122754|24443&4&2978.352809248553|24449&4&1439.2409715696313|24459&4&1933.4083078040542|24462&4&112.16933840395771|24466&4&0.0|24468&4&848.940530826387|24476&4&532.4161680567893|24482&4&301.7975385864856|24494&4&906.2864112635419,2|24399&4&3988.514760536135|24413&4&531.2011726581384|24415&4&896.7162018232497|24427&4&3478.801430720768|24428&4&1282.2203286697336|24432&4&161.20722952889855|24440&4&1673.4806764179787|24443&4&453.97106732230895|24449&4&712.4426770953153|24460&4&35.7714515669648|24470&4&858.5162967709421|24477&4&69.74085671717457|24489&4&682.1267852798146|24493&4&2483.6164790120724|24514&4&0.0,2|24402&4&2613.674353659477|24404&4&1260.380944045277|24416&4&652.0196495507762|24429&4&2444.5586838640584|24435&4&3209.4500123201096|24446&4&1170.9150200172246|24454&4&1918.3973529951768|24460&4&257.73325535726497|24462&4&1507.86838449962|24477&4&2791.746654945243|24496&4&14.38263841164734|24511&4&2116.6328071941102,2|24417&4&3445.6687158541326|24422&4&141.75401261472769|24431&4&1129.9563169170356|24439&4&1906.0794567253038|24441&4&0.0|24446&4&282.04784559091706|24448&4&1126.9404084178484|24460&4&2045.6043049455002|24465&4&63.72700278788204|24470&4&282.0620038229268|24471&4&1002.1647686312696|24479&4&3015.31608971135|24483&4&3836.5581227351886|24494&4&121.8295208161717|24495&4&1042.0073299038813,2|24397&4&2256.98803634687|24404&4&461.93064979202495|24417&4&554.7960465741495|24420&4&508.4402799574297|24424&4&2240.2477227161|24448&4&273.8872841860721|24459&4&252.05828309306924|24480&4&1914.3461662748307,2|24406&4&1402.3505728786372|24407&4&679.073478835121|24411&4&252.43512979596073|24412&4&67.54902240794772|24416&4&550.1967344585663|24418&4&2335.9122755705685|24432&4&313.98645503660225|24437&4&193.9435647521816|24442&4&1162.2646518397626|24445&4&965.968525122014|24461&4&3677.3174225211073|24463&4&978.6142604449755|24464&4&101.68665921499021|24467&4&1019.1220051892566|24472&4&2257.290187479327|24482&4&1514.0924087451676|24484&4&188.17571596473113|24486&4&2707.6927564302473|24487&4&0.0|24488&4&1140.0664990113864|24489&4&627.911583235379|24495&4&27.678470871408035,2|24400&4&3678.2884216492266|24410&4&1625.5375438023043|24430&4&714.9942187756544|24432&4&1206.4720876919007|24433&4&2116.981960076752|24438&4&1231.5664280573174|24452&4&4212.8216041231535|24453&4&2680.217486539419|24454&4&464.9183340471541|24485&4&3071.4471392978758
315|4,130,1,1,1,1,1,1,1,1,1,1,1,1,1,1,1,1,1,1,1,1,1,1,1,1,1,1,1,1,1,1,1,1,1,1,1,1,1,1,1,1,1,1,1,1,1,1,1,1,1,1,1,1,1,1,1,1,1,1,1,1,1,1,1,1,1,1,1,1,1,1,1,1,1,1,1,1,1,1,1,1,1,1,1,1,1,1,1,1,1,1,1,1,1,1,1,1,1,1,1,1,0,0,0,0,0,0,0,0,0,0,0,0,0,0,0,0,0,0,0,0,2|24398&4&16.11064988229628|24402&4&8.207712314760068|24414&4&1331.726863718974|24420&4&22.700676554279575|24426&4&156.90921003489714|24428&4&1303.5651721959066|24445&4&504.4760328054222|24450&4&2120.322656500385|24455&4&1505.4235873920643|24465&4&571.4136923534098|24471&4&477.993404716917|24475&4&97.48474901609094|24476&4&4245.160267931508|24484&4&3973.1522861334615|24489&4&402.12258307511377,2|24401&4&1431.068836716559|24409&4&3500.117903673434|24411&4&339.9650312391573|24421&4&0.0|24423&4&5630.56003527646|24431&4&3260.5061492610207|24436&4&1835.838269214302|24446&4&586.2211915336595|24451&4&3126.2806390394367|24470&4&103.69824173496993|24473&4&2364.4596416105205|24485&4&1008.6790565571685|24491&4&1616.4365816895422|24492&4&0.0|24496&4&0.0,2|24403&4&672.7911939416504|24405&4&1611.714017281353|24412&4&43.59019057159455|24419&4&2220.4740486969367|24430&4&2612.437767232505|24431&4&490.61092905346686|24433&4&50.372331416673674|24444&4&459.2031480004257|24453&4&2486.039042941653|24478&4&2308.633744672812|24483&4&1720.9134178897657|24490&4&284.6432270892043|24511&4&127.12038714319624,2|24408&4&834.4926307991767|24415&4&1040.431712083196|24420&4&325.2562065993884|24434&4&4293.466136051146|24443&4&2672.4120069117475|24449&4&1318.0336521783565|24459&4&1748.2570727490238|24462&4&77.34843459809042|24468&4&809.0025295693772|24476&4&432.00329348486036|24482&4&212.62228586948075|24494&4&803.3597397961014,2|24399&4&4108.064055488165|24413&4&641.9309435580933|24415&4&849.3094746641372|24427&4&3495.9358835478793|24428&4&1132.4792861285325|24432&4&135.08500758589005|24440&4&1508.1516999583255|24443&4&588.830374948261|24448&4&118.55359491877317|24449&4&670.3326783265578|24460&4&13.005255344779991|24470&4&808.3221779136409|24477&4&34.97735318432928|24489&4&1079.085607735624|24493&4&2352.924638797461,2|24402&4&2501.829195038197|24404&4&1113.832104598865|24416&4&573.3560412911536|24429&4&2924.537493199329|24435&4&2896.939949224377|24446&4&1012.9114591894437|24454&4&1768.3315737116648|24460&4&198.8147627501005|24462&4&1648.7610026389239|24477&4&2541.559151247288|24496&4&0.0|24511&4&1941.254395514325,2|24417&4&3951.2030193522087|24422&4&134.6663119839913|24431&4&1070.9211602723544|24439&4&1725.1616233702875|24446&4&267.94545331137124|24448&4&1057.176868661545|24460&4&1898.5375645022186|24465&4&312.17934199698857|24470&4&267.95890363178046|24471&4&1379.4360829805569|24479&4&2695.373162200327|24480&4&247.44323990579244|24483&4&3878.662113982224|24494&4&703.2733131564587|24495&4&1289.5232796364546,2|24397&4&2237.612132621431|24404&4&640.6347348268478|24417&4&389.63961235375564|24420&4&571.3003303296815|24424&4&2040.9126140982007|24448&4&216.6364691232557|24459&4&256.21528194498785|24480&4&1718.2497733528298,2|24406&4&1304.1565199401648|24407&4&706.1744371858039|24411&4&229.97973254288735|24412&4&63.41869073137485|24416&4&505.3639749893808|24418&4&2135.1563362277566|24432&4&204.54384223802998|24437&4&183.7360087125931|24442&4&1092.7047271498895|24445&4&911.9017070280664|24461&4&3637.212711565351|24463&4&866.2178124879522|24464&4&94.17026169326026|24467&4&1077.0061264917872|24472&4&2584.379442093892|24482&4&1656.930081704453|24484&4&122.49630762440655|24486&4&2560.8488165265044|24488&4&1069.8399512060366|24489&4&526.9640540398179|24495&4&16.622713469063765,2|24400&4&3638.99642334916|24410&4&1478.9667943109425|24430&4&1102.461549382716|24432&4&1976.8556358373294|24433&4&2399.213547785531|24438&4&1128.5098931862185|24452&4&3846.0689869023736|24453&4&2753.3456007449254|24454&4&550.2520570552406|24485&4&3929.4684587699157
316|4,130,1,1,1,1,1,1,1,1,1,1,1,1,1,1,1,1,1,1,1,1,1,1,1,1,1,1,1,1,1,1,1,1,1,1,1,1,1,1,1,1,1,1,1,1,1,1,1,1,1,1,1,1,1,1,1,1,1,1,1,1,1,1,1,1,1,1,1,1,1,1,1,1,1,1,1,1,1,1,1,1,1,1,1,1,1,1,1,1,1,1,1,1,1,1,1,1,1,1,1,1,0,0,0,0,0,0,0,0,0,0,0,0,0,0,0,0,0,0,0,0,2|24398&4&14.959889176417974|24402&4&6.039613253960852E-14|24414&4&1186.1798204506804|24420&4&11.350338277139748|24426&4&147.6792565034326|24428&4&1597.4316330019756|24445&4&396.17038640513067|24450&4&1911.9471154858197|24455&4&1355.5340041377963|24465&4&514.7497772645346|24471&4&420.1607794544459|24475&4&83.22366506869935|24476&4&3913.05353803648|24484&4&4092.1997600513037|24489&4&349.5222305371962,2|24401&4&1301.651416720802|24409&4&4064.3005977988823|24411&4&276.60112031622816|24423&4&5888.954874533205|24431&4&2962.8159144804727|24436&4&1795.715038882936|24446&4&548.5313316470714|24451&4&3502.84289284117|24470&4&65.73643826901395|24473&4&2410.2521481718095|24485&4&810.668127054777|24491&4&1754.040940612992,2|24403&4&592.5257646966413|24405&4&1441.0439794686133|24412&4&40.12452482944044|24419&4&2486.4014236081275|24430&4&2380.237820477138|24431&4&318.1527423256514|24433&4&22.804480852298|24444&4&433.8136655522099|24453&4&2167.9095382522837|24460&4&104.80496024825595|24470&4&154.15558152379612|24478&4&3121.329250865655|24483&4&1448.7665555607762|24490&4&1083.5032470413628|24511&4&120.76436778603643,2|24408&4&741.5859674347356|24415&4&925.9825626490618|24420&4&279.4829949117406|24434&4&4441.408700452872|24443&4&2366.471204574943|24449&4&1196.8263327870818|24459&4&1563.1058376939934|24462&4&42.52753079222328|24468&4&1001.9184303142201|24476&4&331.5904189129314|24482&4&131.97531709666762|24494&4&726.3247435473085,2|24399&4&3754.8497818774044|24413&4&644.7989375745258|24415&4&801.9027475050245|24427&4&3195.354779361|24428&4&982.7382435873311|24432&4&108.96278564288158|24440&4&1353.2622697429408|24443&4&960.7869467710782|24448&4&112.62591517283451|24449&4&628.2226795578002|24460&4&6.502627672390016|24470&4&758.1280590563397|24477&4&16.87222627449227|24489&4&1158.9810242108615|24493&4&2365.1227327299257,2|24402&4&2267.2412831830757|24404&4&967.2832651524532|24416&4&494.69243303153115|24429&4&3350.144311761963|24435&4&2804.272677648435|24446&4&854.9078983616628|24454&4&1618.2657944281523|24460&4&139.89627014293603|24462&4&2041.0496786068773|24477&4&2367.033424646417|24511&4&1765.8759838345397,2|24417&4&3947.110242707102|24422&4&244.6485150928683|24431&4&1853.0333664819068|24439&4&1573.5689558173508|24441&4&33.48695371409468|24446&4&705.1372285380718|24448&4&987.4133289052415|24460&4&1751.470824058937|24465&4&296.41105739016945|24470&4&253.85580344063413|24471&4&1304.1994364951827|24479&4&2970.2957474245063|24480&4&874.7034178539672|24483&4&3663.568997419543|24494&4&1052.7318779793045|24495&4&1279.3997786742586,2|24397&4&2025.3562031939175|24404&4&1241.5477080973644|24417&4&271.615260910579|24420&4&584.1460782359353|24424&4&1845.2597539725946|24448&4&166.3949053853263|24459&4&545.1106989745635|24480&4&1544.7363320938798,2|24406&4&1205.9624670016929|24407&4&1613.2779134272557|24411&4&207.52433528981396|24412&4&59.28835905480198|24416&4&460.53121552019525|24418&4&1934.4003968849454|24432&4&121.28370322375224|24437&4&173.5284526730046|24442&4&1009.4971587783559|24445&4&857.8348889341191|24461&4&3654.0343145141933|24463&4&753.8213645309288|24464&4&86.6538641715303|24467&4&1664.6252892056484|24472&4&2721.498077656197|24482&4&2266.7538333957505|24484&4&56.81689928408201|24486&4&2472.269411587835|24488&4&999.6134034006866|24489&4&448.3817426535898|24495&4&7.782893059171713,2|24400&4&3439.648630931665|24410&4&1589.5216313939075|24430&4&1176.5537879772658|24432&4&2834.2862037564655|24433&4&2584.96555565594|24438&4&1021.7198329008231|24450&4&48.74589591863764|24452&4&3774.0407427608543|24453&4&3361.2109092397022|24454&4&547.7070920029302|24485&4&3713.7735848613474
317|4,130,1,1,1,1,1,1,1,1,1,1,1,1,1,1,1,1,1,1,1,1,1,1,1,1,1,1,1,1,1,1,1,1,1,1,1,1,1,1,1,1,1,1,1,1,1,1,1,1,1,1,1,1,1,1,1,1,1,1,1,1,1,1,1,1,1,1,1,1,1,1,1,1,1,1,1,1,1,1,1,1,1,1,1,1,1,1,1,1,1,1,1,1,1,1,1,1,1,1,1,1,0,0,0,0,0,0,0,0,0,0,0,0,0,0,0,0,0,0,0,0,2|24398&4&13.809128470539669|24414&4&1040.632777182387|24420&4&-4.618527782440651E-14|24426&4&138.44930297196808|24428&4&1496.3204528941658|24445&4&287.86474000483906|24450&4&1719.1501725766097|24455&4&1205.6444208835285|24465&4&458.08586217565926|24471&4&362.32815419197505|24475&4&555.3184765837359|24476&4&4284.832273167543|24484&4&3759.6219364945423|24489&4&296.92187799927865,2|24401&4&1175.5235112573541|24409&4&3713.7279374036016|24411&4&213.23720939329908|24421&4&0.0|24423&4&6232.356826344241|24431&4&2665.1256796999232|24436&4&1882.1093505301353|24446&4&510.8414717604832|24451&4&3359.6809124220845|24470&4&39.62427657843689|24473&4&2485.707784996561|24485&4&632.0528965035962|24491&4&1679.7261464864964,2|24403&4&512.2603354516324|24405&4&1270.373941655874|24412&4&36.65885908728633|24419&4&2815.152393554902|24430&4&2152.312034714302|24431&4&185.38538260619322|24433&4&9.237055564881302E-14|24444&4&0.0|24453&4&1877.786172334719|24460&4&396.2361031126388|24470&4&146.4478024476063|24478&4&3128.2432308446732|24483&4&1176.6196932317869|24490&4&1336.706583715142|24511&4&114.40834842887662,2|24408&4&0.0|24415&4&811.8886012325047|24420&4&233.70978322409275|24434&4&4373.288432248481|24443&4&2087.895537076696|24447&4&56.32904741365648|24449&4&1075.6190133958073|24459&4&1385.7367664623466|24462&4&15.82725671609663|24468&4&970.0363057518691|24476&4&231.1775443410025|24482&4&72.24504231097904|24494&4&660.4028296893771,2|24399&4&3715.6152556123616|24413&4&608.3706726780603|24415&4&754.496020345912|24427&4&3042.861930112017|24428&4&835.319362255882|24432&4&82.8405636998731|24440&4&1198.372839527556|24443&4&1574.3844306735243|24448&4&451.66636470766184|24449&4&586.1126807890428|24460&4&4.796163466380676E-14|24470&4&707.9339401990385|24477&4&2.8421709430404007E-14|24489&4&1090.4333176852033|24493&4&2678.8128451038883,2|24402&4&2032.6533713279543|24404&4&832.823322306036|24416&4&416.0288247719086|24429&4&4318.4169386330905|24435&4&2490.5875143519042|24446&4&740.0054335863676|24454&4&1468.20001514464|24460&4&80.97777753577155|24462&4&1895.8732266222887|24477&4&2877.152830668222|24496&4&203.63076122820877|24511&4&1590.4975721547544,2|24417&4&3736.134595349828|24422&4&440.3015598048308|24431&4&1867.4631020537377|24439&4&1431.687290081194|24441&4&31.812606028389947|24446&4&1185.069647217601|24448&4&917.6497891489381|24460&4&1604.4040836156555|24465&4&280.64277278335027|24470&4&239.7527032494878|24471&4&1327.5345181556559|24479&4&3150.187402637829|24480&4&1011.9891741732437|24483&4&4249.226143926764|24494&4&997.2710924903065|24495&4&1289.0886609393192,2|24397&4&1883.291274428219|24404&4&1174.2339191079318|24417&4&170.05986232369304|24420&4&691.2239205780878|24424&4&1650.0297902589582|24448&4&116.1533416473969|24459&4&885.7959056584791|24480&4&1393.5406469480774,2|24406&4&1136.2818789563346|24407&4&1631.3653371618393|24411&4&379.8155666096367|24412&4&55.15802737822911|24416&4&415.69845605100977|24418&4&1736.8432301503105|24432&4&65.76674083430657|24437&4&163.3208966334161|24439&4&6.323698586250771|24442&4&926.2895904068225|24445&4&937.4554304669028|24461&4&4109.190766601775|24463&4&641.4249165739055|24464&4&79.13746664980034|24467&4&2082.0079399618235|24472&4&2868.4672480704244|24482&4&2754.2518741932413|24484&4&28.40844964204109|24486&4&2621.3156634649667|24488&4&929.3868555953367|24489&4&369.799431267362|24495&4&-1.7763568394002505E-15,2|24400&4&3632.702157771734|24410&4&1493.281047600463|24430&4&1361.7953427232483|24432&4&2917.908185192239|24433&4&2867.6110289394387|24438&4&914.9297726154273|24440&4&477.3956288808039|24450&4&251.08171985402848|24452&4&3549.644979881056|24453&4&3974.4777066289466|24454&4&517.8669762039709|24485&4&3967.8095792879285
318|4,130,1,1,1,1,1,1,1,1,1,1,1,1,1,1,1,1,1,1,1,1,1,1,1,1,1,1,1,1,1,1,1,1,1,1,1,1,1,1,1,1,1,1,1,1,1,1,1,1,1,1,1,1,1,1,1,1,1,1,1,1,1,1,1,1,1,1,1,1,1,1,1,1,1,1,1,1,1,1,1,1,1,1,1,1,1,1,1,1,1,1,1,1,1,1,1,1,1,1,1,1,0,0,0,0,0,0,0,0,0,0,0,0,0,0,0,0,0,0,0,0,2|24398&4&12.658367764661364|24414&4&895.0857339140933|24426&4&129.21934944050355|24428&4&1395.2092727863565|24445&4&194.00132160983196|24450&4&1529.8329006486958|24455&4&1055.7548376292605|24465&4&401.4219470867839|24471&4&308.4792246405947|24475&4&516.7395978632229|24476&4&4238.317775360061|24484&4&4184.507100679799|24489&4&244.321525461361,2|24401&4&1461.3512682530345|24409&4&4249.183530869575|24411&4&149.87329847036992|24423&4&5733.764580748351|24431&4&2367.435444919375|24436&4&1982.6086881036185|24446&4&473.15161187389504|24451&4&3087.6234582098746|24470&4&13.512114887859967|24473&4&2309.289163999407|24485&4&474.60601791048214|24491&4&1567.6121281018754,2|24403&4&431.9949062066232|24405&4&1099.703903843134|24412&4&33.193193345132215|24419&4&3107.043113467437|24430&4&1933.6434202585247|24431&4&70.28720489449603|24453&4&1627.3579173737492|24460&4&956.9102713190815|24470&4&491.36094720964945|24478&4&2886.3646425929146|24483&4&940.9772258623337|24490&4&1310.6258747205989|24511&4&108.05232907171681,2|24405&4&521.5129066418847|24415&4&697.7946398159476|24420&4&187.9365715364449|24423&4&464.7918804756109|24434&4&4357.746135946984|24443&4&1813.3928435116322|24447&4&53.51259504297366|24449&4&954.4116940045326|24459&4&1226.1342366607612|24462&4&-7.460698725481052E-14|24468&4&900.9286309795056|24476&4&133.34424788502594|24482&4&47.93742563794313|24494&4&594.4809158314457,2|24399&4&3988.542860008968|24413&4&571.9424077815947|24415&4&707.0892931867994|24427&4&2786.027196415032|24428&4&687.9004809244328|24432&4&56.71834175686462|24440&4&1056.6783603430679|24443&4&2371.5064912280786|24448&4&764.778303151311|24449&4&544.0026820202853|24470&4&657.7398213417373|24489&4&1067.9875051967695|24493&4&2863.607895880742,2|24402&4&1879.3019364736756|24404&4&698.3633794596188|24416&4&344.31477923892004|24429&4&4446.9130173743615|24435&4&2840.910565227072|24446&4&634.3209798678254|24454&4&1318.134235861128|24460&4&22.059284928607088|24462&4&1814.3973094091793|24477&4&3113.348287323579|24496&4&0.0|24511&4&1415.1191604749692,2|24417&4&4486.863845331065|24422&4&416.9306519606298|24431&4&2644.3404573054027|24439&4&1297.9467328241672|24441&4&30.138258342685212|24446&4&1444.163452055042|24448&4&847.8862493926347|24460&4&1457.3373431723737|24465&4&264.87448817653114|24470&4&225.64960305834148|24471&4&1247.3692852629895|24479&4&3653.779427085273|24480&4&958.5534184151938|24483&4&4968.498716817345|24494&4&941.8103070013086|24495&4&1424.407334314913,2|24397&4&2164.865457330089|24404&4&1169.5173639403893|24417&4&79.03402136826753|24420&4&1132.6710746190006|24424&4&1559.3742595944677|24448&4&77.0763616655149|24459&4&838.7760328702379|24480&4&1243.7065711648308,2|24406&4&1036.6621527732068|24407&4&1517.4634747774687|24411&4&1307.2417663926267|24412&4&51.02769570165623|24416&4&387.92759376443706|24418&4&1568.1250127826133|24432&4&23.551933347825194|24437&4&153.11334059382762|24439&4&6.007513656938232|24442&4&943.8501316225788|24445&4&1745.9351524456133|24461&4&3752.3712368164443|24463&4&616.0124144224538|24464&4&71.62106912807039|24467&4&2465.237168152281|24472&4&2670.401666600744|24482&4&2847.7885118664817|24484&4&0.0|24486&4&2476.7341441117337|24488&4&859.1603077899867|24489&4&291.2171198811342,2|24400&4&3635.4601122157173|24410&4&1853.7349147017615|24430&4&1353.961443856914|24432&4&3095.6392705598687|24433&4&2661.2194841082774|24438&4&808.1397123300318|24440&4&775.5434448213622|24450&4&238.40576912153045|24452&4&3554.4729148710626|24453&4&4408.292136951601|24454&4&635.3293006366456|24485&4&3881.2813967339425
319|4,130,1,1,1,1,1,1,1,1,1,1,1,1,1,1,1,1,1,1,1,1,1,1,1,1,1,1,1,1,1,1,1,1,1,1,1,1,1,1,1,1,1,1,1,1,1,1,1,1,1,1,1,1,1,1,1,1,1,1,1,1,1,1,1,1,1,1,1,1,1,1,1,1,1,1,1,1,1,1,1,1,1,1,1,1,1,1,1,1,1,1,1,1,1,1,1,1,1,1,1,1,0,0,0,0,0,0,0,0,0,0,0,0,0,0,0,0,0,0,0,0,2|24398&4&11.507607058783059|24414&4&1080.1227154040535|24426&4&119.98939590903902|24428&4&1447.4090637019042|24445&4&123.4649012421432|24450&4&1340.5156287207815|24455&4&905.8652543749926|24465&4&344.7580319979086|24471&4&256.77138932745|24475&4&478.1607191427098|24476&4&4417.695685289242|24484&4&4251.996342077904|24489&4&191.72117292344342,2|24401&4&1327.8471060776785|24409&4&3964.7079996033126|24411&4&0.0|24423&4&5250.96327961163|24431&4&2069.7452101388267|24436&4&1789.1976214340912|24446&4&435.46175198730685|24451&4&2818.1600410707856|24470&4&-8.171241461241152E-14|24473&4&2236.4011213954936|24485&4&317.159139317368|24491&4&1455.498109717255,2|24403&4&426.4830238744381|24405&4&962.3055980250346|24412&4&29.727527602978107|24419&4&2975.226279277057|24430&4&1731.8999473817116|24431&4&22.723664444993382|24453&4&1429.2697033296972|24460&4&1340.368021034661|24470&4&612.1779287282451|24478&4&2644.4860543411546|24483&4&764.671573208933|24490&4&1228.4949514649836|24511&4&682.7516709472409,2|24405&4&495.4372613097905|24415&4&583.7006783993905|24420&4&160.8942367874347|24423&4&555.1515960018502|24434&4&4040.80419494563|24441&4&66.76266336720698|24443&4&1583.720123503983|24447&4&0.0|24449&4&833.2043746132579|24459&4&1066.5317068591764|24468&4&831.820956207142|24476&4&47.949249506837155|24482&4&34.96947322525093|24494&4&528.5590019735143,2|24397&4&475.71663896233144|24399&4&3624.2931116842383|24413&4&535.5141428851292|24415&4&1193.5432722992673|24427&4&3107.2026752213833|24428&4&550.2420853411445|24432&4&30.596119813856127|24440&4&1194.7159463436128|24443&4&2323.181327768548|24448&4&724.7878157086527|24449&4&501.8926832515277|24470&4&607.5457024844362|24489&4&1581.9695974772471|24493&4&3345.2666812709635,2|24402&4&2206.4081990698596|24404&4&574.2736420021715|24416&4&272.6007337059315|24429&4&4169.824894650472|24435&4&3156.260391595799|24446&4&532.3383157695206|24454&4&1192.5874529209252|24460&4&1.4921397450962104E-13|24462&4&1704.950931854313|24477&4&3015.382365027545|24511&4&1250.2320417971182,2|24417&4&4681.646303441759|24422&4&422.71357256339763|24431&4&3067.8948120024015|24433&4&0.818170638374113|24439&4&1164.897346788504|24441&4&28.463910656980477|24446&4&1477.1145603253563|24448&4&778.1227096363314|24460&4&1310.2706027290924|24465&4&249.106203569712|24470&4&211.54650286719516|24471&4&1214.6102589009454|24479&4&3711.784333338156|24480&4&905.1176626571441|24483&4&5809.920306487272|24494&4&886.3495215123107|24495&4&1697.3818693438325,2|24397&4&1954.4754455661775|24404&4&1486.1094879967013|24417&4&33.01826318439784|24420&4&1121.273356635747|24424&4&1837.8726015801703|24448&4&49.72722846289976|24459&4&923.5337062052997|24480&4&1093.872495381584,2|24406&4&1018.2332596290383|24407&4&1403.561612393098|24411&4&0.0|24412&4&46.897364025083355|24416&4&342.2417394361209|24418&4&1399.406795414916|24432&4&1.4921397450962104E-13|24437&4&142.90578455423912|24439&4&5.691328727625693|24442&4&870.1206673669475|24445&4&2194.4174868440773|24452&4&657.267012834239|24461&4&4031.5305161172473|24463&4&816.4632445347825|24464&4&513.8033615946579|24467&4&2667.5108947131657|24472&4&2472.3360851310645|24482&4&2641.249964340842|24486&4&2574.7014202558153|24488&4&788.9337599846368|24489&4&214.1817467678144,2|24400&4&3329.965896937378|24410&4&2035.341492014832|24430&4&1371.6329440043107|24432&4&3080.171665546311|24433&4&2454.827939277115|24438&4&701.3496520446362|24440&4&735.572783508092|24450&4&225.7298183890324|24452&4&3182.3305997858524|24453&4&4371.4505676448225|24454&4&598.1240628261047|24485&4&4821.070102157077
320|4,130,1,1,1,1,1,1,1,1,1,1,1,1,1,1,1,1,1,1,1,1,1,1,1,1,1,1,1,1,1,1,1,1,1,1,1,1,1,1,1,1,1,1,1,1,1,1,1,1,1,1,1,1,1,1,1,1,1,1,1,1,1,1,1,1,1,1,1,1,1,1,1,1,1,1,1,1,1,1,1,1,1,1,1,1,1,1,1,1,1,1,1,1,1,1,1,1,1,1,1,1,0,0,0,0,0,0,0,0,0,0,0,0,0,0,0,0,0,0,0,0,2|24398&4&10.356846352904753|24414&4&1600.7728537060837|24426&4&110.75944237757449|24428&4&1686.1161592852095|24445&4&66.72709134449683|24450&4&1151.1983567928673|24455&4&1054.035169649903|24465&4&288.09411690903323|24471&4&210.1906633728011|24475&4&0.0|24476&4&5084.661657818835|24484&4&4664.175190469317|24489&4&139.1208203855258,2|24401&4&1195.2985486160942|24409&4&3911.228956816173|24423&4&4768.16197847491|24431&4&1772.0549753582782|24436&4&1773.5449622448664|24446&4&397.77189210071873|24451&4&2618.804830112288|24473&4&2598.119378662695|24485&4&205.18159809398003|24491&4&1343.384091332634,2|24403&4&932.640981192982|24405&4&824.907292206935|24412&4&26.261861860824|24419&4&3085.503174596646|24430&4&1533.9182690852922|24431&4&-1.3500311979441904E-13|24453&4&1236.904331512466|24460&4&1497.8511105946734|24470&4&609.5220085289825|24478&4&2875.3494244594244|24483&4&646.4921035077216|24490&4&1146.3640282093688|24511&4&647.3428835284469,2|24405&4&469.36161597769626|24415&4&492.99469019449134|24420&4&144.94442302016975|24423&4&526.2320365005686|24434&4&3690.400711860156|24441&4&63.42453019884663|24443&4&1356.9615423352107|24447&4&14.87363949416736|24449&4&856.2976066662305|24459&4&909.8766344402852|24468&4&763.5492363808908|24476&4&2.1316282072803006E-13|24482&4&22.001520812558653|24494&4&462.63708811558297,2|24397&4&739.5730888073763|24399&4&3396.6784421206485|24413&4&499.0858779886637|24415&4&1385.515449017877|24427&4&3211.559521914723|24428&4&412.58368975785606|24432&4&4.473897870847639|24440&4&1506.827906862654|24443&4&2188.8853742092183|24448&4&695.4859854082742|24449&4&459.78268448277026|24470&4&557.3515836271351|24489&4&1777.7391610892123|24493&4&3566.7547360690023,2|24402&4&2863.0751217728657|24404&4&474.29944317017925|24410&4&510.8959591940595|24416&4&200.8866881729429|24429&4&4479.968668836804|24435&4&3813.64582145805|24446&4&446.9036074882104|24454&4&1072.9972519879157|24462&4&2040.7027228937245|24477&4&2735.942795423724|24511&4&1095.8473528783,2|24417&4&4543.958233057064|24422&4&0.0|24431&4&3768.4904862325484|24433&4&0.7772621064554073|24439&4&1047.3472100383262|24441&4&26.789562971275743|24446&4&1812.1267036880593|24448&4&708.3591698800278|24460&4&1163.2038622858108|24465&4&233.33791896289284|24470&4&197.44340267604883|24471&4&1482.6461352405556|24479&4&3455.360508864942|24480&4&1219.0577776639552|24483&4&6182.84521913748|24494&4&888.4371059039366|24495&4&1623.8756210826903,2|24397&4&1753.119714221563|24404&4&1396.3140485793317|24417&4&2.4158453015843406E-13|24420&4&1053.3609427416986|24424&4&1640.280195220065|24448&4&22.378095260284688|24459&4&1402.990078062512|24480&4&945.8623079637428,2|24406&4&917.7974408746788|24407&4&1289.6597500087273|24411&4&265.7170842175134|24412&4&42.76703234851048|24416&4&296.5558851078047|24418&4&1438.007625284146|24437&4&132.69822851465062|24439&4&427.4280478586809|24442&4&796.3912031113163|24445&4&2545.60839115388|24452&4&1123.9844902171376|24461&4&3932.3576447539563|24463&4&1260.9011716406599|24464&4&483.8020295735121|24467&4&2682.415664201696|24472&4&2363.427120021781|24482&4&2434.711416815202|24486&4&2500.4453650405794|24488&4&718.7072121792869|24489&4&173.41127998501443,2|24400&4&3024.471681659039|24410&4&1809.6605856855351|24430&4&1287.4855115598423|24432&4&3206.8508651283696|24433&4&2248.4363944459537|24438&4&594.5595917592407|24440&4&695.602122194822|24450&4&267.5392744226302|24452&4&2832.7971654777757|24453&4&4551.823375609871|24454&4&560.9188250155639|24485&4&5291.213034779434
321|4,130,1,1,1,1,1,1,1,1,1,1,1,1,1,1,1,1,1,1,1,1,1,1,1,1,1,1,1,1,1,1,1,1,1,1,1,1,1,1,1,1,1,1,1,1,1,1,1,1,1,1,1,1,1,1,1,1,1,1,1,1,1,1,1,1,1,1,1,1,1,1,1,1,1,1,1,1,1,1,1,1,1,1,1,1,1,1,1,1,1,1,1,1,1,1,1,1,1,1,1,1,0,0,0,0,0,0,0,0,0,0,0,0,0,0,0,0,0,0,0,0,2|24398&4&9.206085647026448|24414&4&1798.4940763874315|24426&4&101.52948884610996|24428&4&1799.586898518739|24445&4&47.57435780218667|24450&4&961.8810848649534|24455&4&1125.361965236066|24465&4&231.4302018201579|24471&4&174.99381422615392|24475&4&215.22949059959862|24476&4&5358.5530813338655|24484&4&5096.795814685909|24489&4&86.52046784760819,2|24401&4&1336.7701025129345|24409&4&3607.8314393720793|24423&4&4285.360677338189|24431&4&1474.36474057773|24436&4&1789.2118461703622|24446&4&360.0820322141305|24451&4&3118.4208296109355|24473&4&2773.620044509681|24485&4&119.00611390354162|24491&4&1231.2700729480132,2|24403&4&1144.2823250149772|24405&4&687.5089863888353|24412&4&22.79619611866989|24419&4&2844.0587361332027|24430&4&1335.9365907888728|24453&4&1057.81412342423|24460&4&1415.7003076856677|24470&4&765.9121049450409|24478&4&2840.3776568589174|24483&4&545.4445193203443|24490&4&1064.2331049537536|24511&4&1024.6175172156243,2|24405&4&443.28597064560205|24415&4&415.8232004229175|24420&4&128.99460925290484|24423&4&497.31247699928707|24434&4&3339.9972287746823|24441&4&60.08639703048628|24443&4&1130.2029611664382|24447&4&14.129957519458992|24449&4&903.1113047898239|24459&4&776.763500007153|24468&4&702.4233255525046|24482&4&11.000760406279364|24494&4&398.09085166196695,2|24397&4&1138.9166282911985|24399&4&3605.971517860007|24413&4&462.65761309219823|24415&4&1298.1120895856207|24427&4&3422.8253033085657|24428&4&284.7429659972572|24432&4&-3.019806626980426E-14|24440&4&1383.8900591207516|24443&4&3071.6993342711703|24448&4&1106.4101935384833|24449&4&417.67268571401274|24470&4&507.1574647698339|24489&4&1837.232083745609|24493&4&4071.874745975824,2|24402&4&2983.836841805989|24404&4&374.3252443381871|24410&4&991.7376524930461|24416&4&130.23180150762835|24429&4&4781.877431045358|24435&4&4144.988902335873|24446&4&381.30101147488256|24454&4&963.0522423538698|24462&4&2229.154090739148|24477&4&2563.3397812997755|24511&4&952.4058750816743,2|24417&4&4394.840562857771|24422&4&73.05058145012069|24431&4&4277.4594371730855|24433&4&94.03497258445876|24439&4&942.5632045609901|24441&4&25.115215285571008|24446&4&1954.7278583373427|24448&4&638.5956301237244|24460&4&1030.2195405015461|24465&4&217.56963435607372|24470&4&183.3403024849025|24471&4&1602.4536223851474|24479&4&3670.8641004019605|24480&4&1147.2532283676624|24483&4&5785.028844241516|24494&4&1093.55331740455|24495&4&1507.5578215742535,2|24397&4&1567.2485703982966|24404&4&1306.5186091619626|24420&4&985.4485288476504|24424&4&1442.6877888599602|24448&4&1.3500311979441904E-13|24459&4&1782.9793005789927|24480&4&809.8880693976477,2|24406&4&957.3902561412092|24407&4&1274.1608214500266|24411&4&498.66532696337663|24412&4&38.636700671937604|24416&4&305.93544683588334|24418&4&1952.1190112175318|24437&4&122.49067247506211|24439&4&406.00921772634996|24442&4&722.6617388556849|24445&4&2396.8830281105406|24452&4&1252.7432630833337|24461&4&3838.4652780859024|24463&4&1766.0684686649188|24464&4&453.8006975523662|24467&4&2520.259822461244|24472&4&2164.4055560782745|24482&4&2228.1728692895613|24486&4&2622.1130273300682|24487&4&30.562797496588768|24488&4&648.4806643739369|24489&4&141.17082786786403,2|24400&4&3056.1350086370485|24410&4&1615.5243948411571|24430&4&1320.9750390583079|24432&4&3225.537427401491|24433&4&2042.0448496147917|24438&4&487.769531473845|24440&4&655.6314608815519|24450&4&647.507284648738|24452&4&2496.438495344889|24453&4&4452.426833954169|24454&4&523.7135872050229|24485&4&5557.210925685706
322|4,130,1,1,1,1,1,1,1,1,1,1,1,1,1,1,1,1,1,1,1,1,1,1,1,1,1,1,1,1,1,1,1,1,1,1,1,1,1,1,1,1,1,1,1,1,1,1,1,1,1,1,1,1,1,1,1,1,1,1,1,1,1,1,1,1,1,1,1,1,1,1,1,1,1,1,1,1,1,1,1,1,1,1,1,1,1,1,1,1,1,1,1,1,1,1,1,1,1,1,1,1,0,0,0,0,0,0,0,0,0,0,0,0,0,0,0,0,0,0,0,0,2|24398&4&8.055324941148143|24405&4&504.4015520571618|24414&4&1968.406627500829|24426&4&92.29953531464542|24428&4&1699.5308340095762|24445&4&34.55685356650522|24450&4&774.8257645859051|24455&4&1159.549656426852|24465&4&174.76628673128255|24471&4&142.6595799827473|24475&4&222.19547339823947|24476&4&4907.535907659905|24484&4&5039.165955075028|24489&4&33.92011530969059,2|24401&4&2039.7278482624315|24409&4&3304.4339219279846|24421&4&0.0|24423&4&3802.5593762014673|24431&4&1237.7464095497076|24436&4&2177.7784021948664|24446&4&322.3921723275423|24451&4&3239.466212603107|24473&4&2745.30599396386|24485&4&55.495250489319524|24491&4&1120.494179051772,2|24403&4&1240.9405413705394|24405&4&559.9875812163608|24412&4&19.330530376515778|24419&4&2602.6142976697583|24430&4&1137.9549124924533|24444&4&37.35435547154718|24453&4&878.7239153359941|24457&4&91.90793284293471|24460&4&1333.549504776662|24470&4&722.2391422275008|24478&4&2658.7295660585955|24483&4&444.39693513296703|24490&4&982.1021816981388|24511&4&1332.8069273840724,2|24405&4&417.21032531350784|24415&4&338.65171065134376|24420&4&113.04479548563992|24423&4&977.9166286762468|24429&4&621.4853562517765|24434&4&2989.593745689208|24441&4&56.74826386212593|24443&4&934.6865320916331|24447&4&13.386275544750625|24449&4&1176.2459824588516|24459&4&663.8161160393654|24468&4&787.5531305883584|24482&4&7.460698725481052E-14|24494&4&341.74275075287557,2|24397&4&1249.8790914419105|24399&4&4086.926448618242|24413&4&426.2293481957327|24415&4&1317.0970808048849|24427&4&3588.5355346884785|24428&4&187.43761056918186|24440&4&1260.9522113788496|24443&4&3391.058478945155|24448&4&1106.9490489593559|24449&4&375.5626869452552|24470&4&459.1508583152116|24489&4&1821.0933570967395|24493&4&3739.3928852946924,2|24402&4&2724.4396439401676|24404&4&274.35104550619485|24410&4&1739.1792873566103|24416&4&59.5769148423138|24429&4&4421.599070576156|24435&4&4193.103092757235|24446&4&329.4210174033158|24454&4&853.107232719824|24462&4&2525.4082493556925|24477&4&2906.503571544091|24511&4&818.8089199387524,2|24417&4&4481.501449519107|24422&4&69.39805237761465|24431&4&4622.540110032954|24433&4&525.4530463867848|24439&4&837.9393037083817|24441&4&23.440867599866273|24446&4&1837.2309727034321|24448&4&568.8320903674211|24460&4&897.2352187172817|24465&4&218.6276088685277|24470&4&169.23720229375618|24471&4&1562.6439119886527|24479&4&3977.7620770839744|24480&4&1075.4486790713695|24483&4&5387.212469345553|24494&4&1032.9850782286408|24495&4&1391.240022065817,2|24397&4&1420.4686195092954|24404&4&1216.7231697445932|24420&4&917.5361149536022|24424&4&1482.0028834939917|24459&4&1813.6237628894637|24480&4&687.5570061060426,2|24406&4&862.5427547424763|24407&4&1508.3718759394637|24411&4&758.0805266118481|24412&4&133.3841239035128|24416&4&1153.4462710318564|24418&4&2169.259342348095|24437&4&112.2831164354736|24439&4&633.7605254408779|24442&4&650.885933528743|24445&4&2330.7021043372715|24452&4&1508.51978609429|24461&4&3687.3893458279017|24463&4&1878.0601494576636|24464&4&423.79936553122036|24467&4&2380.6336307282745|24472&4&1965.3839921347674|24482&4&2021.6343217639214|24486&4&2459.3670134932495|24487&4&29.03465762175933|24488&4&578.2541165685869|24489&4&122.33133368690021|24493&4&645.9926490593061,2|24400&4&2756.669926921698|24410&4&1451.1589912023912|24430&4&2068.3673127965085|24432&4&2967.577316847224|24433&4&1839.9478557837365|24438&4&1060.2168614107559|24440&4&615.6607995682817|24450&4&1223.160794761939|24452&4&2177.118658562037|24453&4&4920.774065489564|24454&4&486.5083493944821|24456&4&669.7244730223254|24485&4&5681.236134117934
323|4,130,1,1,1,1,1,1,1,1,1,1,1,1,1,1,1,1,1,1,1,1,1,1,1,1,1,1,1,1,1,1,1,1,1,1,1,1,1,1,1,1,1,1,1,1,1,1,1,1,1,1,1,1,1,1,1,1,1,1,1,1,1,1,1,1,1,1,1,1,1,1,1,1,1,1,1,1,1,1,1,1,1,1,1,1,1,1,1,1,1,1,1,1,1,1,1,1,1,1,1,1,0,0,0,0,0,0,0,0,0,0,0,0,0,0,0,0,0,0,0,0,2|24398&4&6.904564235269838|24405&4&989.6527218273732|24414&4&1815.7229646223316|24426&4&83.0695817831809|24428&4&2088.6945102639174|24445&4&23.595220803739586|24450&4&620.1250905740927|24455&4&1497.4851779992155|24465&4&119.59892393403689|24471&4&119.55693476071167|24475&4&210.54762600182852|24476&4&4890.08575295042|24484&4&5332.390174089342|24489&4&3.4092493241573725,2|24401&4&1932.8266360472758|24409&4&3001.0364044838907|24421&4&633.8088399344713|24423&4&3344.531579918003|24431&4&1001.1280785216854|24436&4&2282.5104808533815|24446&4&284.7023124409542|24451&4&3451.1927910374843|24452&4&832.3364462112008|24473&4&2533.8832116210115|24477&4&210.2047564511263|24485&4&13.329878318983624|24491&4&1009.7182851555307,2|24403&4&1154.8049877961998|24405&4&456.5337960433736|24412&4&15.864864634361668|24419&4&2361.1698592063135|24430&4&966.5444002994772|24444&4&219.54088087300988|24453&4&710.5676744176479|24457&4&0.0|24460&4&1251.3987018676564|24465&4&729.6607761308038|24470&4&678.5661795099606|24478&4&2824.739517962518|24483&4&343.3493509455898|24490&4&1132.7449409568098|24511&4&1258.5523504778528,2|24405&4&391.1346799814136|24406&4&83.78368687501154|24412&4&72.28118972760596|24415&4&261.48022087976983|24420&4&97.094981718375|24423&4&1690.0819406966339|24429&4&590.4110884391877|24434&4&3460.210429474141|24441&4&53.41013069376558|24443&4&764.972861411402|24447&4&12.642593570042257|24449&4&1152.5289165715026|24459&4&563.1675273960393|24468&4&776.5960051044063|24494&4&285.39464984378407,2|24397&4&1419.845482701427|24399&4&3708.797614291613|24413&4&389.8010832992672|24415&4&1579.0844030629976|24427&4&3743.3145685732197|24428&4&90.1322551411065|24440&4&1495.7105065520211|24443&4&3180.681500009043|24448&4&1144.8381218693567|24449&4&333.45268817649776|24470&4&411.77349757094714|24489&4&2451.3502245005643|24493&4&3426.139878874559,2|24402&4&2465.042446074346|24404&4&174.37684667420268|24410&4&1751.1446346667512|24416&4&0.0|24429&4&4075.4215489361104|24435&4&4085.064700781172|24446&4&277.541023331749|24454&4&743.1622230857781|24462&4&2602.8287020889074|24477&4&2619.2195871487165|24511&4&693.9686029871194,2|24417&4&4665.781616432892|24422&4&134.25277680961955|24431&4&4331.819578350783|24433&4&874.6630421855582|24439&4&745.1875453177581|24441&4&21.766519914161538|24446&4&1719.7340870695211|24448&4&499.0685506111176|24460&4&764.250896933017|24465&4&202.0180113057449|24470&4&155.13410210260986|24471&4&1448.0238185310413|24479&4&3843.386896308903|24480&4&1003.6441297750765|24483&4&4989.396094449589|24494&4&960.9270191923647|24495&4&1274.9222225573797,2|24397&4&1280.0638350178574|24404&4&1832.6808638694824|24420&4&849.6237010595542|24424&4&1302.0426538416737|24459&4&1792.9358068300403|24480&4&572.2107360079997,2|24406&4&767.6952533437434|24407&4&1484.9633027581733|24411&4&860.8176064285761|24412&4&124.30990448153251|24416&4&0.0|24418&4&2388.5164229053908|24437&4&102.07556039588509|24439&4&940.050687503701|24442&4&579.1101282018009|24445&4&2326.5456174373003|24452&4&1425.1998871409228|24461&4&4164.810429112036|24463&4&1752.9945733526001|24464&4&466.7331173749978|24467&4&2217.3513064874473|24472&4&1766.3624281912612|24482&4&1968.3856738332386|24486&4&2188.209772191876|24487&4&27.50651774692989|24488&4&508.02756876323696|24489&4&103.49183950593631|24493&4&1458.3342645018151,2|24400&4&2928.041008924512|24410&4&1313.9879825989171|24430&4&2742.8326883308846|24432&4&3374.7519781510805|24433&4&1646.4900875398343|24438&4&997.7334349407474|24440&4&575.6901382550116|24450&4&2264.846027513665|24452&4&1868.3626748031272|24453&4&4561.66724094943|24454&4&449.30311158394125|24456&4&829.9651211560404|24485&4&5799.617491957896
324|4,130,1,1,1,1,1,1,1,1,1,1,1,1,1,1,1,1,1,1,1,1,1,1,1,1,1,1,1,1,1,1,1,1,1,1,1,1,1,1,1,1,1,1,1,1,1,1,1,1,1,1,1,1,1,1,1,1,1,1,1,1,1,1,1,1,1,1,1,1,1,1,1,1,1,1,1,1,1,1,1,1,1,1,1,1,1,1,1,1,1,1,1,1,1,1,1,1,1,1,1,1,0,0,0,0,0,0,0,0,0,0,0,0,0,0,0,0,0,0,0,0,2|24398&4&270.8821907165969|24405&4&1219.2643259992496|24414&4&1663.0393017438341|24426&4&73.83962825171636|24428&4&2734.845750994189|24445&4&12.633588040973954|24450&4&503.410079352485|24455&4&1662.3571256921387|24465&4&92.23987472268753|24471&4&97.15655831809639|24475&4&198.89977860541757|24476&4&5031.089464411104|24484&4&5254.316835880606|24489&4&1.3322676295501878E-14,2|24401&4&1788.1172063274712|24409&4&2697.638887039796|24421&4&0.0|24423&4&2915.4252681085754|24431&4&774.4348555762788|24436&4&2455.7385230997966|24446&4&247.01245255436598|24451&4&3176.9257120611496|24452&4&790.7196239006408|24473&4&2322.4604292781637|24477&4&199.69451862856997|24485&4&0.0|24491&4&898.9423912592894,2|24403&4&1068.6694342218602|24405&4&383.43561087322473|24408&4&394.4989572620635|24412&4&12.399198892207558|24419&4&2119.7254207428696|24430&4&835.705930035171|24444&4&406.3291063299921|24453&4&559.6607402230765|24460&4&1169.2478989586507|24465&4&745.397104025186|24470&4&634.8932167924205|24478&4&2729.0784074428093|24483&4&242.30176675821252|24490&4&1048.8642980234958|24511&4&1216.2463176134124,2|24405&4&365.0590346493194|24406&4&207.57187358180482|24412&4&68.66713024122566|24415&4&191.66200018263535|24420&4&81.14516795111007|24423&4&2131.7216595128243|24429&4&764.7515856337805|24434&4&3392.2807771746193|24441&4&50.07199752540523|24443&4&596.9261450469382|24447&4&11.898911595333889|24449&4&1110.8836103641179|24451&4&156.77547146498887|24459&4&474.32639764548486|24468&4&705.283229925926|24494&4&229.0465489346926,2|24397&4&1339.3236526770143|24399&4&4037.5318381150946|24413&4&353.37281840280167|24415&4&1787.878869137387|24427&4&3432.2110950577244|24428&4&25.19847729460326|24440&4&1532.2468031530284|24443&4&2970.3045210729306|24448&4&1201.4543413048036|24449&4&291.34268940774024|24470&4&364.3961368266826|24489&4&2633.3779971424656|24493&4&3145.9261365161765,2|24402&4&2785.7502541083677|24404&4&107.43462645696644|24410&4&1655.2279863896995|24429&4&3729.244027296065|24435&4&4002.241170098286|24446&4&225.66102926018215|24454&4&633.2172134517323|24462&4&2403.0131639552965|24477&4&2348.10385893397|24511&4&579.7727733848241,2|24417&4&4700.444439165505|24422&4&127.17488506188798|24431&4&4650.095991424855|24433&4&1166.2334756848143|24439&4&660.7257329178565|24441&4&20.092172228456803|24446&4&1602.2372014356108|24448&4&429.3050108548142|24460&4&631.2665751487525|24465&4&185.4084137429621|24470&4&141.03100191146353|24471&4&1333.4037250734302|24479&4&3984.9334525107806|24480&4&931.8395804787838|24483&4&4780.156365375005|24494&4&947.1625303363422|24495&4&1158.604423048943,2|24397&4&1143.5325880110024|24404&4&2059.380992709206|24420&4&781.7112871655058|24424&4&1181.093695965128|24427&4&149.0490220097115|24459&4&1679.521114162268|24480&4&456.8644659099567,2|24406&4&672.8477519450105|24407&4&1359.1384023986823|24411&4&813.8401455939644|24412&4&115.23568505955222|24416&4&328.1056641569649|24418&4&2175.046132404767|24437&4&91.86800435629658|24439&4&889.1649755246524|24442&4&507.3343228748588|24445&4&2157.8376156011677|24452&4&2074.9048643768965|24461&4&4843.599930175647|24463&4&1627.9827502383491|24464&4&433.08503116060575|24467&4&2054.0689822466206|24472&4&1597.6157691104154|24482&4&1754.1826313278507|24486&4&2624.6779389800768|24487&4&25.978377872100452|24488&4&437.801020957887|24489&4&84.65234532497242|24493&4&1429.6498238879055,2|24400&4&3058.4765149387085|24410&4&1182.1655644936673|24430&4&2976.5175064323525|24432&4&3373.6771318907595|24433&4&1467.9504187745458|24438&4&1124.359177030119|24440&4&535.7194769417415|24450&4&2644.6545887492794|24452&4&1585.8200122364067|24453&4&4202.560416409295|24454&4&412.0978737734004|24456&4&786.7925539156824|24485&4&5578.303349569844
325|4,130,1,1,1,1,1,1,1,1,1,1,1,1,1,1,1,1,1,1,1,1,1,1,1,1,1,1,1,1,1,1,1,1,1,1,1,1,1,1,1,1,1,1,1,1,1,1,1,1,1,1,1,1,1,1,1,1,1,1,1,1,1,1,1,1,1,1,1,1,1,1,1,1,1,1,1,1,1,1,1,1,1,1,1,1,1,1,1,1,1,1,1,1,1,1,1,1,1,1,1,1,0,0,0,0,0,0,0,0,0,0,0,0,0,0,0,0,0,0,0,0,2|24398&4&0.0|24405&4&1273.4098437893228|24414&4&1510.3556388653365|24426&4&64.60967472025183|24428&4&3229.931131036714|24445&4&1.6719552782083194|24450&4&409.1768443687517|24455&4&1714.9855821398164|24465&4&64.88082551133836|24471&4&74.75618187548112|24475&4&0.0|24476&4&5383.001501448773|24484&4&5515.523055515002,2|24401&4&1643.4077766076666|24409&4&2997.956277041453|24421&4&109.3928863253704|24423&4&2493.8014536883597|24431&4&576.6645370122015|24436&4&2395.567324967966|24446&4&209.3225926677778|24451&4&2917.4786951182846|24452&4&749.1028015900808|24473&4&2530.74456771525|24477&4&189.18428080601365|24491&4&788.1664973630482|24492&4&39.84175639298302,2|24403&4&982.5338806475206|24405&4&310.3374257030757|24408&4&374.77400939896035|24412&4&8.933533150053446|24419&4&1878.2809822794252|24430&4&716.3522091762617|24444&4&385.6845321490441|24453&4&408.75380602850487|24460&4&1087.0970960496452|24465&4&706.3030968835997|24470&4&591.2202540748804|24478&4&2609.9055986402536|24483&4&163.30730688209024|24490&4&1087.1487942516683|24511&4&1140.394313505104,2|24405&4&338.9833893172252|24406&4&254.32536331380294|24412&4&65.05307075484536|24415&4&135.85401500451977|24420&4&65.19535418384514|24423&4&2879.455709346763|24429&4&1422.0375064415484|24434&4&3518.5735219571443|24441&4&46.73386435704488|24443&4&428.8794286824744|24447&4&11.155229620625521|24449&4&1362.1482251093694|24451&4&259.24639171530566|24459&4&388.9943179952711|24468&4&760.4821704501941|24494&4&176.9323689954137,2|24397&4&1409.5726070604073|24399&4&4209.7753962355055|24413&4&316.9445535063362|24415&4&1661.4579498113883|24427&4&3121.1076215422295|24428&4&4.973799150320701E-14|24440&4&1732.8350021731019|24443&4&3184.987268695744|24448&4&1123.5615488732192|24449&4&249.23269063898275|24470&4&317.01877608241807|24489&4&2448.987465699471|24493&4&2868.931470088921,2|24402&4&3062.8960190262464|24404&4&56.37260948599197|24410&4&1559.3113381126475|24429&4&3383.0665056560183|24435&4&4189.115887630899|24446&4&173.78103518861536|24454&4&523.2722038176864|24462&4&2203.2317311181105|24477&4&2081.6332560562096|24511&4&474.11069874815394,2|24417&4&4670.899475819449|24422&4&120.0969933141564|24431&4&5359.2835595975075|24433&4&1104.0919104812322|24439&4&576.2639205179548|24441&4&18.41782454275207|24446&4&1484.7403158017003|24448&4&367.2390144889827|24460&4&498.28225336448793|24465&4&168.7988161801793|24470&4&126.9279017203172|24471&4&1270.7984671524573|24479&4&3689.240323635857|24480&4&1268.2008618868886|24483&4&5205.938108457936|24494&4&1167.3346200484407|24495&4&1042.2866235405063,2|24397&4&1009.300894043173|24404&4&2508.999949487297|24420&4&713.7988732714578|24424&4&0.0|24427&4&455.3834780484613|24450&4&318.77563517287444|24459&4&1565.0354691542304|24480&4&349.62247185140905,2|24406&4&578.0002505462776|24407&4&1237.4737080392217|24411&4&819.2888778502736|24412&4&106.16146563757194|24416&4&429.5431540791575|24418&4&2251.3758572098936|24437&4&81.66044831670807|24439&4&838.2792635456036|24442&4&435.5585175479167|24445&4&1996.0538383573808|24452&4&2502.3555426522353|24461&4&4690.476742826799|24463&4&1502.970927124098|24464&4&404.30107406817467|24467&4&2126.4879087803247|24472&4&2408.169489219963|24482&4&2538.926855023194|24486&4&3155.2508440821484|24487&4&24.450237997271014|24488&4&367.574473152537|24489&4&65.81285114400852|24493&4&1352.825766328475,2|24400&4&2944.549072559402|24410&4&1050.3431463884176|24430&4&3007.3612565772755|24432&4&3116.754399398944|24433&4&1310.5863901321893|24438&4&1261.4214833681845|24440&4&495.7488156284714|24450&4&2498.5306978682|24452&4&1340.0032207403963|24453&4&3843.4535918691604|24454&4&374.8926359628596|24456&4&743.6199866753248|24485&4&5617.836724971527
326|4,130,1,1,1,1,1,1,1,1,1,1,1,1,1,1,1,1,1,1,1,1,1,1,1,1,1,1,1,1,1,1,1,1,1,1,1,1,1,1,1,1,1,1,1,1,1,1,1,1,1,1,1,1,1,1,1,1,1,1,1,1,1,1,1,1,1,1,1,1,1,1,1,1,1,1,1,1,1,1,1,1,1,1,1,1,1,1,1,1,1,1,1,1,1,1,1,1,1,1,1,1,0,0,0,0,0,0,0,0,0,0,0,0,0,0,0,0,0,0,0,0,2|24405&4&1202.7030956122042|24414&4&1357.671975986839|24426&4&55.37972118878729|24428&4&2987.6923315661866|24445&4&1.021405182655144E-14|24450&4&331.8851466611717|24455&4&1823.5102177043202|24465&4&37.52177629998917|24471&4&62.21080208795581|24476&4&5544.124811093323|24484&4&5120.28757058713,2|24401&4&1498.6983468878623|24409&4&3353.9114622194957|24421&4&103.92324200910188|24423&4&2102.4203425232818|24431&4&406.15306156592555|24436&4&2201.181214767556|24446&4&171.63273278118962|24451&4&2658.2204999688506|24452&4&707.4859792795208|24473&4&2319.2816551530123|24477&4&434.78825395075467|24491&4&677.3906034668069|24492&4&37.84966857333387,2|24403&4&896.3983270731809|24405&4&242.01234817046569|24408&4&459.58312254872925|24412&4&5.467867407899336|24419&4&1736.0538059129979|24430&4&599.1578867205876|24444&4&364.7052300212069|24453&4&257.8468718339333|24460&4&1258.6477697265973|24465&4&716.9840065262172|24470&4&547.5472913573401|24478&4&2858.9447266953493|24483&4&114.01099359513184|24490&4&1000.6051837932214|24511&4&1064.5423093967954,2|24405&4&312.907743985131|24406&4&341.85185965600385|24412&4&170.828256730064|24415&4&86.18035703170395|24420&4&49.24554041658021|24423&4&3788.648853898293|24429&4&1883.9985992723275|24434&4&3568.5698677617333|24441&4&43.39573118868453|24443&4&269.0896734347447|24447&4&0.0|24449&4&1453.1336097462488|24451&4&559.2667065127459|24459&4&305.1849774067617|24468&4&682.843809486576|24494&4&142.14905590729387,2|24397&4&1976.6357016465843|24399&4&3853.86443230876|24413&4&280.5162886098707|24415&4&1535.03703048539|24427&4&2826.6593926538335|24440&4&1590.2277805536262|24443&4&4100.937609085044|24448&4&1045.6687564416345|24449&4&207.12269187022525|24470&4&269.64141533815354|24489&4&2264.5969342564767|24493&4&2591.9368036616643,2|24400&4&74.38784820081628|24402&4&3276.2309407491402|24404&4&29.813740667793734|24410&4&1463.3946898355955|24416&4&554.2016981669747|24429&4&3071.9398091751154|24435&4&3993.1255223817284|24446&4&121.90104111704858|24454&4&413.3271941836406|24462&4&2003.4502982809242|24477&4&1823.8829065707496|24483&4&293.4874471542148|24511&4&368.4486241114838,2|24417&4&5209.907739244447|24422&4&113.01910156642481|24431&4&5489.279551608678|24433&4&1164.4238854562632|24439&4&491.80210811805324|24441&4&16.743476857047334|24446&4&1367.2434301677895|24448&4&305.1730181231513|24460&4&365.29793158022335|24465&4&152.18921861739653|24470&4&112.82480152917086|24471&4&1153.5776319180143|24479&4&3357.2279066471247|24480&4&1262.519588142753|24483&4&4757.041553757405|24494&4&1077.6046411402824|24495&4&1154.7083526939587,2|24397&4&885.8997725583274|24404&4&2762.7625121871897|24414&4&112.8310022924411|24420&4&645.8864593774094|24424&4&0.0|24427&4&432.24168159101396|24450&4&302.83685341423075|24459&4&1450.5498241461928|24480&4&246.59023694746404,2|24406&4&483.72842828933585|24407&4&1516.3794440238466|24411&4&878.4921717376637|24412&4&97.08724621559165|24416&4&407.2457322148072|24418&4&2417.8272707587125|24437&4&71.45289227711956|24439&4&787.393551566555|24442&4&365.5015076733782|24445&4&2059.6983328635188|24452&4&2528.3236639598495|24461&4&4307.124747704524|24463&4&1377.959104009847|24464&4&375.51711697574353|24467&4&1951.4205220007711|24472&4&2193.150107224859|24482&4&2698.263460240931|24486&4&3228.2530834660156|24487&4&22.922098122441575|24488&4&0.0|24489&4&46.97335696304464|24493&4&1950.4299672930306,2|24400&4&2643.249908994195|24410&4&928.3126399434275|24430&4&3121.183289476973|24432&4&2866.97656896424|24433&4&1175.7072363829247|24438&4&1734.3509383329715|24440&4&455.7781543152013|24450&4&2352.4068069871214|24452&4&1108.8177188254267|24453&4&4034.2412677912716|24454&4&984.7952416828325|24456&4&835.9379128730245|24485&4&5148.465851395506
327|4,130,1,1,1,1,1,1,1,1,1,1,1,1,1,1,1,1,1,1,1,1,1,1,1,1,1,1,1,1,1,1,1,1,1,1,1,1,1,1,1,1,1,1,1,1,1,1,1,1,1,1,1,1,1,1,1,1,1,1,1,1,1,1,1,1,1,1,1,1,1,1,1,1,1,1,1,1,1,1,1,1,1,1,1,1,1,1,1,1,1,1,1,1,1,1,1,1,1,1,1,1,0,0,0,0,0,0,0,0,0,0,0,0,0,0,0,0,0,0,0,0,2|24398&4&38.49005714776372|24405&4&1192.9844514608817|24414&4&1213.3692657014674|24426&4&656.4152882453827|24428&4&3174.890193586187|24450&4&259.5324619955299|24455&4&2316.301006773664|24465&4&10.162727088639986|24471&4&49.66542230043057|24476&4&5296.92942509124|24484&4&5069.402900850538,2|24401&4&1353.9889171680582|24409&4&3162.3782644543535|24418&4&135.05134239166478|24421&4&98.45359769283337|24423&4&1748.6600285123052|24431&4&246.5170015682206|24436&4&2258.514042863125|24446&4&133.94287289460144|24451&4&2402.4939489899425|24452&4&665.8691569689609|24473&4&2110.6600594862243|24477&4&734.04087948593|24491&4&584.0202849241952|24492&4&35.85758075368472,2|24403&4&844.3131347203358|24405&4&173.68727063785568|24408&4&609.6412637987868|24412&4&2.0022016657452246|24419&4&2830.9710314354415|24430&4&488.5331355501705|24444&4&343.7259278933696|24453&4&133.16513951781923|24460&4&1596.1206867914784|24465&4&1270.5881673608083|24470&4&507.20198927209776|24478&4&2856.794949062265|24483&4&68.91312237385225|24490&4&916.1485826912987|24511&4&988.6903052884869,2|24405&4&286.8320986530368|24406&4&533.3450677700878|24412&4&161.74473497060376|24415&4&36.50669905888809|24420&4&33.295726649315284|24423&4&4322.65511339851|24429&4&1780.8101646039806|24434&4&3530.6265607232485|24441&4&40.05759802032418|24443&4&156.23603773709146|24449&4&1428.2176140799936|24451&4&726.560724743587|24459&4&221.3756368182522|24468&4&605.205448522958|24494&4&107.36574281917397,2|24397&4&1855.819159210232|24399&4&3903.885104214094|24413&4&244.08802371340516|24415&4&1899.3085140723015|24427&4&2538.855725417603|24440&4&1447.6205589341503|24443&4&4419.266997246728|24448&4&967.7759640100498|24449&4&165.01269310146776|24470&4&222.26405459388906|24489&4&2109.852441453657|24493&4&2343.6203449903524,2|24400&4&378.68828509449924|24402&4&3047.3590706967548|24404&4&17.728978450640586|24410&4&1698.5740509826235|24416&4&532.1353907077852|24429&4&2788.267755308389|24435&4&4192.190532568629|24446&4&70.02104704548178|24454&4&320.0223015459468|24462&4&1981.7479984939732|24477&4&1575.0426697921735|24483&4&906.9964467878069|24511&4&262.81098722025484,2|24417&4&5246.561573098703|24422&4&105.94120981869324|24431&4&6100.887007181649|24433&4&1301.6047287621009|24439&4&407.34029571815165|24441&4&15.069129171342599|24446&4&1249.746544533879|24448&4&243.10702175731984|24460&4&232.31360979595877|24465&4&135.57962105461374|24470&4&98.72170133802452|24471&4&1036.3567966835712|24479&4&4002.788380736675|24480&4&1603.9260092425532|24483&4&4308.144999056875|24494&4&987.8746622321239|24495&4&1381.7724349445537,2|24397&4&779.6060946165649|24404&4&2569.1732251026806|24414&4&364.87520707802173|24420&4&577.9740454833612|24424&4&0.0|24427&4&409.0998851335666|24450&4&699.3961510982094|24459&4&1606.1014092472287|24480&4&153.7155177175846,2|24406&4&396.42352588402093|24407&4&1603.1080822691397|24411&4&823.4532980296784|24412&4&88.01302679361137|24416&4&384.94831035045695|24418&4&2208.3029395137637|24437&4&61.245336237531056|24439&4&736.5078395875062|24442&4&295.4444977988398|24445&4&1920.2768251229436|24452&4&3369.820004394506|24461&4&4196.314329622642|24463&4&1252.947280895596|24464&4&346.7331598833124|24467&4&1776.353135221218|24472&4&1978.1307252297538|24482&4&2739.860773153072|24486&4&2960.514624036151|24487&4&0.0|24489&4&28.133862782080744|24493&4&1938.3947432861025,2|24400&4&2342.8705435743823|24410&4&817.8122562898034|24430&4&2952.231905863703|24432&4&3008.644523002402|24433&4&1040.8280826336602|24438&4&1951.8110430713211|24440&4&415.80749300193116|24450&4&2206.2829161060426|24452&4&877.7960257688358|24453&4&4152.1867256493615|24454&4&920.1056446138793|24456&4&785.9908209607638|24485&4&4682.860580223023
328|4,130,1,1,1,1,1,1,1,1,1,1,1,1,1,1,1,1,1,1,1,1,1,1,1,1,1,1,1,1,1,1,1,1,1,1,1,1,1,1,1,1,1,1,1,1,1,1,1,1,1,1,1,1,1,1,1,1,1,1,1,1,1,1,1,1,1,1,1,1,1,1,1,1,1,1,1,1,1,1,1,1,1,1,1,1,1,1,1,1,1,1,1,1,1,1,1,1,1,1,1,1,0,0,0,0,0,0,0,0,0,0,0,0,0,0,0,0,0,0,0,0,2|24398&4&36.56555429037554|24405&4&1216.9084844769582|24414&4&1075.1917490033036|24426&4&686.572927634661|24428&4&3209.6674853582635|24450&4&187.17977732988808|24455&4&2153.247626308392|24465&4&0.7977997856271912|24471&4&37.12004251290533|24476&4&5612.355181422023|24484&4&4933.362328920322,2|24401&4&1210.5657155370254|24409&4&2845.188488625578|24418&4&604.0746709545634|24421&4&0.0|24423&4&1439.1788857575461|24431&4&140.9562480032605|24436&4&2284.753240684806|24446&4&96.25301300801324|24451&4&2146.7673980110344|24452&4&624.2523346584009|24469&4&41.487747138579174|24473&4&1902.0384638194369|24477&4&1266.3892827530217|24491&4&748.3086639289614|24492&4&0.0,2|24403&4&1229.3674940250125|24405&4&105.36219310524565|24408&4&575.9391232768498|24412&4&3.552713678800501E-15|24419&4&2841.689729346128|24430&4&377.9083843797532|24444&4&322.7466257655324|24453&4&51.01871868305623|24460&4&2095.121659756642|24465&4&1199.2460686892423|24470&4&463.36264352294273|24478&4&3350.0188364876067|24483&4&25.962312277914517|24490&4&831.6919815893762|24511&4&912.8383011801783,2|24405&4&260.75645332094257|24406&4&804.3181691511031|24412&4&191.12779040209284|24415&4&2.667868673179429|24420&4&17.345912882050357|24423&4&4780.913273529873|24429&4&1677.621729935634|24434&4&3891.733757465917|24441&4&151.48919537890663|24443&4&67.93054221275622|24447&4&50.999518244296596|24449&4&1570.921421215732|24451&4&687.7218875686477|24459&4&151.18667402524258|24468&4&527.56708755934|24494&4&74.369857393045,2|24397&4&1735.00261677388|24399&4&4213.847735985208|24413&4&335.65247090299727|24415&4&1748.3529746006575|24427&4&2265.8839652227566|24440&4&1307.526007043463|24443&4&4371.413300486889|24448&4&889.8831715784651|24449&4&122.90269433271025|24470&4&174.88669384962452|24489&4&2210.0611617630657|24493&4&2108.8564787904143,2|24400&4&397.7343711255646|24402&4&2786.6472027899144|24404&4&5.644216233487436|24410&4&2131.447200277668|24416&4&515.8694353055268|24429&4&2504.595701441662|24435&4&3850.788921056314|24446&4&23.896883981317135|24454&4&236.91544443059033|24462&4&2520.9065017765597|24477&4&1351.0186544968929|24483&4&1514.525209335126|24511&4&157.17335032902577,2|24417&4&4814.419015906711|24422&4&98.86331807096164|24431&4&6392.242001036522|24433&4&1223.0671822736706|24439&4&322.87848331825|24441&4&13.394781485637864|24446&4&1733.858486367909|24448&4&181.0410253914884|24460&4&143.43475578377442|24465&4&118.97002349183094|24470&4&84.61860114687818|24471&4&919.1359614491284|24479&4&4171.4419770532095|24480&4&1865.2691872848425|24483&4&3859.2484443563444|24494&4&898.1446833239656|24495&4&1328.5889759233096,2|24397&4&673.3124166748023|24404&4&2599.60385394135|24414&4&931.0900708562219|24420&4&576.7192605697658|24427&4&840.3430281077|24450&4&1052.6026849606972|24459&4&2033.5890555706026|24480&4&84.9582051015065,2|24406&4&309.17322529930095|24407&4&1476.393267289886|24411&4&768.4144243216931|24412&4&78.93880737163109|24416&4&362.6508884861066|24418&4&2000.4294606569383|24437&4&263.48708504158606|24439&4&712.5590521922684|24442&4&0.0|24445&4&1900.2640104865106|24452&4&3658.42649244346|24461&4&4482.170652754528|24463&4&1132.0923804003132|24464&4&317.9492027908813|24467&4&1601.2857484416645|24472&4&1908.1867878528712|24482&4&2789.556090884797|24486&4&2692.7761646062854|24489&4&9.294368601116854|24493&4&2131.2621113503105,2|24400&4&2053.7611182128217|24410&4&729.0346440565567|24430&4&2942.4267402849423|24432&4&2746.2209163900156|24433&4&905.9489288843954|24438&4&1867.5843910695476|24440&4&375.83683168866105|24450&4&2060.1590252249634|24452&4&699.4158544770017|24453&4&4436.274871914558|24454&4&1083.6964856016245|24456&4&736.0437290485031|24485&4&4217.255309050539
329|4,130,1,1,1,1,1,1,1,1,1,1,1,1,1,1,1,1,1,1,1,1,1,1,1,1,1,1,1,1,1,1,1,1,1,1,1,1,1,1,1,1,1,1,1,1,1,1,1,1,1,1,1,1,1,1,1,1,1,1,1,1,1,1,1,1,1,1,1,1,1,1,1,1,1,1,1,1,1,1,1,1,1,1,1,1,1,1,1,1,1,1,1,1,1,1,1,1,1,1,1,1,0,0,0,0,0,0,0,0,0,0,0,0,0,0,0,0,0,0,0,0,2|24398&4&34.641051432987354|24405&4&1547.5924386621982|24414&4&955.6950429261908|24426&4&643.3346546262862|24428&4&2946.195801780026|24450&4&128.71497364312222|24455&4&1990.1942458431195|24465&4&0.0|24471&4&24.57466272538008|24476&4&5783.281344886004|24484&4&5101.259079484213,2|24399&4&639.2049874220688|24400&4&1398.976316153056|24401&4&1079.8548167381075|24409&4&2527.9987127968025|24413&4&66.02218449844605|24418&4&808.862713782808|24423&4&1191.069756491721|24431&4&93.97083200217348|24436&4&2098.425265262851|24446&4&58.56315312142506|24451&4&1891.0408470321258|24452&4&582.6355123478409|24469&4&39.413359781650215|24473&4&2111.4474230534433|24477&4&1884.1673111920086|24491&4&636.6102733824682,2|24403&4&1143.7692035840278|24404&4&83.57700961904447|24405&4&43.2036216063953|24408&4&542.2369827549128|24419&4&2586.1685540770336|24430&4&269.77104546879684|24444&4&301.76732363769503|24453&4&1.8474111129762605E-13|24460&4&2727.9173221080505|24465&4&1127.9039700176766|24470&4&419.52329777378765|24478&4&3473.2776569799917|24483&4&7.673296112948422|24490&4&747.2353804874537|24511&4&836.9862970718698,2|24405&4&234.68080798884833|24406&4&1205.2033142758582|24412&4&180.12093978308513|24415&4&-1.687538997430238E-14|24420&4&0.0|24423&4&4524.52930926674|24429&4&1574.4332952672873|24434&4&3536.308630263145|24441&4&181.70470595612468|24443&4&15.691720052514965|24447&4&48.44954233208176|24449&4&2057.578473052075|24451&4&938.5634236584391|24459&4&93.84025410637932|24468&4&712.0165607905764|24494&4&41.37397196691602,2|24397&4&1614.1860743375278|24399&4&3830.4430281594214|24413&4&292.82457040222886|24415&4&1597.3974351290137|24427&4&2024.5166075608336|24440&4&1176.862642299292|24443&4&4898.3190343354545|24448&4&811.9903791468804|24449&4&80.79269556395275|24450&4&602.6495759241157|24470&4&130.56877953377037|24489&4&2176.7707102557606|24493&4&1891.2664560765882,2|24400&4&376.70566375502307|24402&4&2747.8671008178444|24404&4&3.375077994860476E-14|24410&4&1991.7085216272471|24416&4&487.2908456057927|24429&4&2220.923647574936|24435&4&3509.3873095439976|24446&4&1.0658141036401503E-13|24454&4&154.63907790315125|24462&4&2300.187928093166|24477&4&1168.7114107184652|24483&4&1435.7610532026201|24511&4&94.55591007185113,2|24417&4&4382.27645871472|24422&4&91.78542632323007|24431&4&5906.96556504418|24433&4&1144.5296357852403|24439&4&238.4166709183484|24441&4&11.72043379993313|24446&4&2435.662291129242|24448&4&118.97502902565697|24460&4&68.51097311225541|24465&4&102.36042592904816|24470&4&70.51550095573184|24471&4&801.9151262146853|24479&4&4408.47001341439|24480&4&2456.3518622128404|24483&4&3410.351889655813|24494&4&901.2783181415422|24495&4&1206.1812508822634,2|24397&4&567.0187387330398|24404&4&2394.8135710606816|24414&4&1229.8801570979545|24420&4&0.0|24424&4&615.8897090270955|24427&4&794.4819846786736|24450&4&996.5504882502591|24459&4&2355.0848529760606|24480&4&30.40952159751145,2|24406&4&234.24069963015756|24407&4&1349.6784523106326|24411&4&713.3755506137078|24412&4&69.86458794965081|24416&4&340.35346662175635|24418&4&1813.778215108664|24437&4&242.65706375981537|24439&4&1345.6100414529071|24442&4&248.18795828591496|24445&4&1714.89605618972|24452&4&3923.775581518491|24461&4&4225.944187108479|24463&4&1417.1748915097987|24464&4&289.16524569845024|24467&4&1426.2183616621112|24472&4&1689.45638673972|24482&4&2560.2341000866527|24486&4&2884.3733822493887|24488&4&56.28489316904876|24489&4&4.263256414560601E-14|24493&4&2000.374210997057,2|24400&4&1776.89762718357|24410&4&653.2193721595766|24430&4&3323.451690563892|24432&4&2485.571985516207|24433&4&771.0697751351307|24438&4&1749.6041818508745|24440&4&335.86617037539094|24450&4&1914.035134343885|24452&4&547.418119677969|24453&4&5273.924927055963|24454&4&1354.193977119281|24456&4&686.0966371362423|24485&4&3756.854212364415
330|4,130,1,1,1,1,1,1,1,1,1,1,1,1,1,1,1,1,1,1,1,1,1,1,1,1,1,1,1,1,1,1,1,1,1,1,1,1,1,1,1,1,1,1,1,1,1,1,1,1,1,1,1,1,1,1,1,1,1,1,1,1,1,1,1,1,1,1,1,1,1,1,1,1,1,1,1,1,1,1,1,1,1,1,1,1,1,1,1,1,1,1,1,1,1,1,1,1,1,1,1,1,0,0,0,0,0,0,0,0,0,0,0,0,0,0,0,0,0,0,0,0,2|24398&4&0.0|24405&4&2107.132216646459|24414&4&871.8360942570409|24426&4&845.5930296243941|24428&4&2685.8162998813514|24450&4&86.37300093432007|24455&4&2250.2516672244656|24471&4&12.029282937854834|24476&4&5289.540902421489|24484&4&5711.861357605942,2|24397&4&207.77806092072387|24399&4&1575.7341463279818|24400&4&2247.0476516995877|24401&4&1053.5185350647316|24409&4&2216.371370618749|24413&4&62.72107527352375|24418&4&1169.0455848016982|24423&4&946.496931702838|24431&4&46.98541600108658|24436&4&1919.348342053413|24446&4&20.87329323483688|24451&4&1639.2043243483804|24452&4&541.0186900372809|24469&4&37.338972424721256|24473&4&2066.4265398715575|24477&4&2295.0552154414618|24491&4&525.9602102391796,2|24403&4&1060.7911711996971|24404&4&79.39815913809225|24405&4&7.830184817273935|24408&4&760.8294341146558|24419&4&2669.215363678388|24430&4&192.8559473459512|24444&4&593.1608163630287|24460&4&2960.2903698502487|24465&4&1056.5618713461106|24470&4&642.8271096547824|24478&4&4237.585049534146|24483&4&-1.7763568394002505E-15|24490&4&662.778779385531|24511&4&761.134292963561,2|24405&4&208.6051626567541|24406&4&1486.7097034085218|24412&4&190.43488722858416|24420&4&150.8742072722883|24423&4&4593.496357324009|24429&4&1471.2448605989405|24434&4&3246.1908388608445|24441&4&218.60830799552548|24443&4&3.552713678800501E-15|24447&4&45.89956641986693|24449&4&2141.976998852841|24451&4&1275.0781726765615|24459&4&58.47115029800514|24468&4&622.6156911161395|24494&4&10.47632632406955,2|24397&4&1493.3695319011758|24399&4&3466.478760017666|24413&4&249.99666990146045|24415&4&1446.4418956573697|24427&4&1784.1444537172747|24440&4&1046.199277555121|24443&4&5118.159249006806|24448&4&1735.7119667216384|24449&4&38.682696795195255|24450&4&572.5170971279099|24470&4&86.25086521791624|24489&4&2161.403615134049|24493&4&1675.8105340627994,2|24400&4&355.67695638448146|24402&4&2624.98887772605|24410&4&1851.9698429768264|24416&4&458.7122559060586|24429&4&1937.2515937082092|24435&4&3167.985698031683|24454&4&94.61952917813116|24462&4&2175.517816335168|24477&4&1028.4283901697022|24483&4&1882.1218745564208|24511&4&63.17174521529942,2|24417&4&3950.133901522728|24422&4&84.70753457549847|24431&4&5421.689129051838|24433&4&1215.6186658890138|24439&4&164.93438484600318|24441&4&10.046086114228395|24446&4&2397.357676316332|24448&4&56.90903265982552|24460&4&16.31753497262998|24465&4&85.75082836626538|24470&4&56.4124007645855|24471&4&684.6942909802425|24479&4&4761.418366370826|24480&4&2780.689332383894|24483&4&2961.4553349552825|24494&4&1144.1894184885718|24495&4&1083.7735258412174,2|24397&4&460.7250607912771|24404&4&2190.0232881800134|24414&4&1204.216276889582|24424&4&1171.409180401131|24427&4&748.6209412496472|24450&4&940.4982915398211|24459&4&2232.5726357873787|24480&4&2.2026824808563106E-13,2|24406&4&186.7186612672012|24407&4&1222.9636373313792|24411&4&658.3366769057225|24412&4&61.53655520465444|24416&4&318.0560447574061|24418&4&1639.755201038618|24437&4&221.8270424780447|24439&4&1571.3800290523684|24442&4&235.77856037161922|24445&4&1529.9390965778632|24452&4&4244.9145205233335|24461&4&4314.2313413749525|24463&4&1317.4027761900875|24464&4&260.3812886060191|24467&4&1252.0449956691953|24472&4&1528.7222331962587|24482&4&2340.674838496942|24486&4&3162.705543347207|24488&4&234.2416484799221|24493&4&2083.8410515487294,2|24400&4&1532.085877747111|24410&4&577.4041002625962|24430&4&3060.064122752518|24432&4&2443.863371106529|24433&4&636.190621385866|24438&4&1632.1168580965098|24440&4&295.8955090621208|24450&4&1767.911243462806|24452&4&432.36876194027485|24453&4&5885.356610125837|24454&4&1621.1326240495803|24456&4&678.2479502573821|24485&4&4199.777149481306
331|4,130,1,1,1,1,1,1,1,1,1,1,1,1,1,1,1,1,1,1,1,1,1,1,1,1,1,1,1,1,1,1,1,1,1,1,1,1,1,1,1,1,1,1,1,1,1,1,1,1,1,1,1,1,1,1,1,1,1,1,1,1,1,1,1,1,1,1,1,1,1,1,1,1,1,1,1,1,1,1,1,1,1,1,1,1,1,1,1,1,1,1,1,1,1,1,1,1,1,1,1,1,0,0,0,0,0,0,0,0,0,0,0,0,0,0,0,0,0,0,0,0,2|24405&4&2285.988167956947|24414&4&787.9771455878913|24426&4&995.0675447581848|24428&4&2443.48083640741|24450&4&65.84424432274221|24455&4&2614.0273244862183|24471&4&-8.171241461241152E-14|24476&4&4796.095148547061|24484&4&6235.883604973029,2|24397&4&304.7666380618227|24399&4&1963.135468416195|24400&4&2149.380152413253|24401&4&1326.440540832494|24409&4&2405.37432610751|24413&4&59.41996604860145|24418&4&1106.6132175034334|24423&4&716.8101663601302|24431&4&-3.268496584496461E-13|24436&4&1740.2714188439747|24446&4&0.7578273912182393|24451&4&1409.0645132017933|24452&4&499.4018677267208|24464&4&121.23724990479575|24469&4&35.2645850677923|24473&4&1850.8836575795424|24477&4&2739.099022144719|24491&4&909.4052103284001|24492&4&50.352423931933664,2|24403&4&1132.2684283063124|24404&4&443.49132489079864|24405&4&2.3092638912203256E-14|24408&4&734.8305069761846|24419&4&2865.4495463476997|24430&4&394.0857154099273|24444&4&556.562874492533|24460&4&3202.8602933305556|24465&4&985.2197726745447|24470&4&854.6352971797244|24478&4&4084.0792376091176|24490&4&578.3221782836085|24511&4&685.2822888552525,2|24405&4&182.52951732465985|24406&4&1508.1113250021676|24412&4&226.82581119020742|24420&4&284.245441683299|24423&4&5023.455092008313|24429&4&1739.1632436111101|24434&4&3239.146303616859|24441&4&205.16984037483644|24447&4&0.0|24449&4&2547.5799189587797|24451&4&1431.0827136773123|24459&4&29.521979682739925|24468&4&1260.4426425936085|24494&4&5.6843418860808015E-14,2|24397&4&1372.5529894648234|24399&4&3129.2224694003808|24413&4&209.34938427769418|24415&4&1295.486356185726|24427&4&1546.2047395539005|24440&4&1185.180286261995|24443&4&4870.773867099797|24448&4&1696.1164235168571|24449&4&16.020139543968547|24450&4&721.0061538182727|24470&4&45.49416684858454|24489&4&2246.2886545149204|24493&4&1460.3546120490105,2|24400&4&334.64824901393985|24402&4&2465.7081655799816|24410&4&1712.2311643264052|24416&4&430.13366620632445|24429&4&1653.5795398414825|24435&4&3167.725281524565|24454&4&41.44080525955677|24462&4&2606.7450356481213|24477&4&898.2184865902643|24483&4&2020.710007025981|24511&4&31.787580358747483,2|24417&4&3712.1751401593224|24422&4&77.6296428277669|24431&4&5094.039675828761|24433&4&1129.5997905709733|24439&4&119.16388306560768|24441&4&8.37173842852366|24446&4&2559.514861211198|24448&4&24.658799676334993|24460&4&2.8421709430404007E-14|24465&4&69.14123080348259|24470&4&42.30930057343916|24471&4&721.8396568901255|24479&4&4515.005728282436|24480&4&2612.9353086033943|24483&4&2512.5587802547516|24494&4&1306.8784201210615|24495&4&961.3658008001717,2|24397&4&363.690676063302|24404&4&1985.2330052993457|24414&4&1137.1544239542798|24424&4&1135.9473340891468|24427&4&702.7598978206208|24450&4&884.4460948293831|24459&4&2207.7791525346493,2|24406&4&148.86923822291627|24407&4&1099.5964377620307|24411&4&603.2978031977372|24412&4&54.38276519948138|24416&4&295.75862289305576|24418&4&1476.9481014474632|24437&4&652.6811044356994|24439&4&1692.7180483620004|24442&4&223.36916245732348|24445&4&1346.2803880037256|24452&4&4403.595113301466|24461&4&4021.793756734162|24463&4&1206.878647345842|24464&4&231.59733151358796|24467&4&1077.87162967628|24472&4&2077.627167871211|24482&4&2689.9520985229933|24486&4&3345.018578380222|24488&4&222.3888538230034|24493&4&2782.809048411311,2|24400&4&1325.9332869578177|24410&4&501.588828365616|24430&4&2796.6765549411443|24432&4&2172.2674244095138|24433&4&501.3114676366014|24438&4&1519.094079906902|24440&4&255.9248477488507|24450&4&1621.787352581727|24452&4&327.9048083322222|24453&4&6344.48618543359|24454&4&1919.2036845970401|24456&4&786.2633505086935|24485&4&4620.195100930691
332|4,130,1,1,1,1,1,1,1,1,1,1,1,1,1,1,1,1,1,1,1,1,1,1,1,1,1,1,1,1,1,1,1,1,1,1,1,1,1,1,1,1,1,1,1,1,1,1,1,1,1,1,1,1,1,1,1,1,1,1,1,1,1,1,1,1,1,1,1,1,1,1,1,1,1,1,1,1,1,1,1,1,1,1,1,1,1,1,1,1,1,1,1,1,1,1,1,1,1,1,1,1,0,0,0,0,0,0,0,0,0,0,0,0,0,0,0,0,0,0,0,0,2|24405&4&2138.404760729362|24414&4&704.1181969187417|24426&4&929.3050583223613|24428&4&2676.1773839722314|24450&4&45.315487711164465|24455&4&2436.666311916676|24476&4&5250.501659339564|24484&4&6359.519755401425,2|24397&4&289.0088610064297|24399&4&1993.6600671099054|24400&4&2390.5902992450624|24401&4&1540.5223493821522|24409&4&2100.0745423737408|24413&4&56.11885682367915|24418&4&1582.541070918061|24423&4&506.86393168434745|24436&4&1561.1944956345367|24446&4&-4.6629367034256575E-15|24451&4&1188.0679412351412|24452&4&457.78504541616076|24464&4&0.0|24469&4&33.19019771086334|24473&4&1621.3784903054834|24477&4&2582.512325150803|24491&4&1564.928460289842|24492&4&47.83480273533698,2|24403&4&1041.5676314474345|24404&4&532.1790415593938|24408&4&687.4977397112862|24419&4&3038.355992717386|24430&4&894.2910225024314|24444&4&592.820232398121|24460&4&2973.2192482569894|24465&4&913.8776740029789|24470&4&1272.6427826572822|24478&4&3762.1911209774476|24490&4&493.8655771816859|24511&4&609.4302847469439,2|24405&4&156.4538719925656|24406&4&1593.672112428918|24412&4&212.32972994378156|24420&4&269.6559840809533|24423&4&5884.913414828807|24429&4&1664.5323664242371|24434&4&3121.9610847850963|24441&4&0.0|24449&4&2606.4333224494617|24451&4&1477.5752709172693|24459&4&6.926216276838407|24468&4&1581.3568989398825,2|24397&4&1251.7364470284715|24399&4&2812.3477835851254|24409&4&932.2208354707828|24413&4&168.70209865392792|24415&4&1645.3913168691852|24427&4&1311.3367433684698|24440&4&1324.909704509055|24443&4&4469.336644574821|24448&4&2210.5952963947902|24449&4&10.680093029312433|24450&4&936.9006440406079|24470&4&17.955991269145354|24489&4&2512.041976873691|24493&4&1259.9033677982632,2|24400&4&313.6195416433982|24402&4&2709.0952255865595|24410&4&1572.492485675984|24416&4&401.55507650659035|24429&4&1377.5897928067598|24435&4&3479.6129095676692|24454&4&2.7000623958883807E-13|24462&4&2377.9602742246852|24477&4&784.3812028443499|24483&4&2784.599148161967|24511&4&10.635748397389069,2|24417&4&3654.234021457177|24422&4&70.5517510800353|24431&4&5116.620518779706|24433&4&1317.314125288857|24439&4&73.39338128521204|24441&4&0.0|24446&4&2343.891856329829|24448&4&1.0658141036401503E-13|24465&4&52.531633240699804|24470&4&28.20620038229282|24471&4&1353.0561366448235|24479&4&4367.641752060282|24480&4&2412.624427635726|24483&4&2063.6622255542206|24494&4&1307.5645270360683|24495&4&1113.7454332542509,2|24397&4&271.99186866304757|24404&4&1791.5457763621841|24414&4&1070.0925710189774|24424&4&1074.6047339474903|24427&4&1237.0960621109268|24450&4&828.3938981189451|24459&4&2357.9187446547335,2|24406&4&111.01981517863122|24407&4&976.4281235129667|24411&4&548.258929489752|24412&4&49.438877454073996|24416&4&273.4612010287055|24418&4&1314.1410018563079|24437&4&1251.7664282545406|24439&4&1579.435572068741|24442&4&210.95976454302775|24445&4&1634.6841654450845|24452&4&4913.338601666786|24461&4&3805.795782363062|24463&4&1096.3545185015964|24464&4&0.0|24467&4&903.6982636833641|24472&4&2426.240302123624|24482&4&2445.3558686381175|24486&4&3088.1898411190055|24488&4&639.6329925279358|24493&4&2599.174729299757,2|24400&4&1134.1889529904586|24410&4&425.77355646863566|24430&4&2533.2889871297707|24432&4&1900.6714777124982|24433&4&366.4323138873367|24438&4&1406.0713017172943|24440&4&215.95418643558057|24450&4&1475.663461700648|24452&4&234.0630746301565|24453&4&5838.345925126003|24454&4&2369.8503509682296|24456&4&751.5024576476263|24485&4&4528.081111563559
333|4,130,1,1,1,1,1,1,1,1,1,1,1,1,1,1,1,1,1,1,1,1,1,1,1,1,1,1,1,1,1,1,1,1,1,1,1,1,1,1,1,1,1,1,1,1,1,1,1,1,1,1,1,1,1,1,1,1,1,1,1,1,1,1,1,1,1,1,1,1,1,1,1,1,1,1,1,1,1,1,1,1,1,1,1,1,1,1,1,1,1,1,1,1,1,1,1,1,1,1,1,1,0,0,0,0,0,0,0,0,0,0,0,0,0,0,0,0,0,0,0,0,2|24405&4&1990.8213535017762|24414&4&620.2592482495918|24426&4&872.7725254180023|24428&4&2574.575613189196|24450&4&24.78673109958673|24455&4&2259.305299347134|24476&4&4774.712692758088|24481&4&97.5035169369359|24484&4&5839.982848799986,2|24397&4&273.2510839510368|24399&4&1883.171114202677|24400&4&2756.4340644806434|24401&4&1639.6947279445149|24409&4&1836.820543822587|24413&4&274.91079365956483|24418&4&2098.451913530318|24423&4&331.30880211970657|24436&4&1382.1175724250984|24451&4&970.1709530292123|24452&4&416.1682231056007|24464&4&105.86240598251456|24469&4&31.11581035393438|24473&4&1833.1586749455728|24476&4&1042.8814855197388|24477&4&2425.925628156887|24491&4&1737.1504969400826|24492&4&0.0,2|24403&4&950.8668345885566|24404&4&843.607361435386|24408&4&640.1649724463878|24419&4&2788.47835075509|24430&4&1863.8060475604502|24444&4&0.0|24460&4&2743.5782031834224|24465&4&842.5355753314129|24470&4&1505.5967831935563|24478&4&3440.303004345778|24490&4&409.4089760797633|24511&4&533.5782806386353,2|24405&4&130.37822666047137|24406&4&1526.9692133627286|24412&4&197.83364869735573|24420&4&266.2798874306962|24423&4&6845.717425214812|24429&4&1701.8460153686967|24434&4&3650.0986690166073|24449&4&2431.6440713595093|24451&4&1829.3503325903039|24459&4&-4.796163466380676E-14|24468&4&1566.026884990586,2|24397&4&1130.9199045921196|24399&4&2521.316574778283|24409&4&1113.3016462520372|24413&4&128.05481303016165|24415&4&2032.0041145547134|24427&4&1095.4778287012973|24440&4&1908.73106694644|24443&4&4359.949044633988|24448&4&2135.814359935608|24449&4&5.340046514656198|24450&4&927.7235607857879|24470&4&-1.7053025658242404E-13|24489&4&2343.1925145423947|24493&4&1065.684409187491,2|24400&4&292.59083427285657|24402&4&2697.4021526350116|24410&4&1499.2124409292976|24416&4&372.97648680685626|24429&4&1131.81616691992|24435&4&3919.4101116845923|24462&4&2149.175512801249|24477&4&670.6927580879727|24483&4&3697.245591079893|24496&4&35.12449536596225|24511&4&-5.6843418860808015E-14,2|24417&4&3464.0718548824393|24422&4&63.473859332303725|24431&4&4613.561801854008|24433&4&2339.064161641516|24439&4&27.622879504816403|24446&4&2128.2688514484607|24465&4&35.922035677917016|24470&4&14.103100191146481|24471&4&1440.187763751736|24479&4&4187.564644839245|24480&4&2212.3135466680583|24483&4&1689.5769559693347|24494&4&1183.1181525344723|24495&4&1098.2425742657115,2|24397&4&183.59793399701638|24404&4&1600.194355101664|24414&4&1003.0307180836751|24424&4&1013.2621338058341|24427&4&1603.266028226357|24431&4&835.0219695468932|24450&4&772.3417014085072|24459&4&2150.5295401797384,2|24406&4&86.50731407325694|24407&4&853.2598092639028|24411&4&493.22005578176675|24412&4&44.494989708666594|24416&4&251.16377916435522|24418&4&1172.607699239258|24437&4&1220.858711375766|24439&4&1932.7084059922308|24442&4&198.550366628732|24445&4&1953.3492889032711|24452&4&4779.008446561854|24461&4&3652.766883862403|24463&4&985.8303896573506|24467&4&1226.3716746695652|24472&4&2891.801211617291|24482&4&2200.7596387532403|24486&4&2831.361103857789|24488&4&1060.521184498817|24493&4&2415.540410188203,2|24400&4&961.7919391091935|24410&4&349.95828457165544|24430&4&2269.9014193183966|24432&4&2110.58200882949|24433&4&231.553160138072|24438&4&1293.0485235276865|24440&4&175.98352512231043|24450&4&1329.5395708195692|24452&4&170.06235822342444|24453&4&5367.248693772919|24454&4&2339.654119690779|24456&4&690.1823503667521|24485&4&4258.343675182125
334|4,130,1,1,1,1,1,1,1,1,1,1,1,1,1,1,1,1,1,1,1,1,1,1,1,1,1,1,1,1,1,1,1,1,1,1,1,1,1,1,1,1,1,1,1,1,1,1,1,1,1,1,1,1,1,1,1,1,1,1,1,1,1,1,1,1,1,1,1,1,1,1,1,1,1,1,1,1,1,1,1,1,1,1,1,1,1,1,1,1,1,1,1,1,1,1,1,1,1,1,1,1,0,0,0,0,0,0,0,0,0,0,0,0,0,0,0,0,0,0,0,0,2|24405&4&1843.2379462741912|24414&4&536.4002995804422|24426&4&816.2399925136434|24428&4&2397.0484964260772|24450&4&12.393365549793321|24455&4&2081.9442867775924|24476&4&4341.711624007173|24481&4&92.6283410900891|24484&4&5338.4280035749725,2|24397&4&531.944004963998|24399&4&2258.555675334178|24400&4&3213.9656451089927|24401&4&1498.4812102766466|24409&4&1593.923634993243|24413&4&659.9728650254311|24418&4&1978.8384741491004|24423&4&221.4602120788591|24436&4&1538.2242428221057|24451&4&788.7645255968752|24452&4&374.55140079504065|24464&4&100.56928568338883|24469&4&29.04142299700542|24473&4&1715.7186139789944|24476&4&1253.325834314964|24477&4&2269.3389311629708|24491&4&1618.7961562256041|24492&4&16.00987244736962,2|24403&4&860.1660377296787|24404&4&798.4716627663549|24408&4&592.8322051814891|24419&4&2538.6007087927946|24430&4&2439.805997713097|24444&4&204.4719184462827|24460&4&2513.9371581098567|24465&4&771.193476659847|24470&4&1565.452235780478|24478&4&3118.4148877141083|24490&4&324.95237497784075|24511&4&457.7262765303268,2|24405&4&104.30258132837713|24406&4&1568.088728359077|24412&4&183.33756745092984|24420&4&572.8301201266243|24423&4&6391.427462783688|24429&4&1986.3778037751724|24434&4&4035.026858315214|24449&4&2256.854820269557|24451&4&2085.952791565024|24468&4&1459.429698096071,2|24397&4&1010.1033621557673|24399&4&2230.285365971441|24409&4&1420.1400205453747|24413&4&100.25581766013511|24415&4&2058.1472413940296|24427&4&906.3105502880491|24440&4&1842.1085853212853|24443&4&4462.016284654339|24448&4&2105.1547632664997|24449&4&-3.730349362740526E-14|24450&4&931.7622773613533|24489&4&2290.9239713079232|24493&4&871.4654505767188,2|24400&4&271.56212690231496|24402&4&2947.843874881729|24410&4&1356.1508305836899|24416&4&344.39789710712216|24429&4&886.0425410330806|24435&4&3561.4436678970415|24462&4&2318.2373928542443|24477&4&557.0043133315957|24483&4&4984.209977890972|24496&4&0.0,2|24417&4&3564.9200641976113|24422&4&121.50894144166111|24431&4&4129.477901686504|24433&4&2699.152710086694|24439&4&-5.6843418860808015E-14|24446&4&2089.8266776878518|24465&4&19.31243811513422|24470&4&1.4210854715202004E-13|24471&4&1803.3491234375801|24479&4&4055.058693422967|24480&4&2012.0026657003905|24483&4&1386.2236981861536|24494&4&1102.0708847850858|24495&4&1194.8427768683098,2|24397&4&115.23002582013372|24404&4&1414.8031778236614|24414&4&935.9688651483726|24424&4&951.9195336641777|24427&4&1770.9116576748388|24431&4&1101.896917385581|24450&4&716.2895046980692|24459&4&2436.2852077751713,2|24406&4&72.65549257406533|24407&4&730.0914950148389|24411&4&438.1811820737815|24412&4&39.55110196325919|24416&4&228.86635730000495|24418&4&1051.8481703917907|24437&4&1153.2954902070785|24439&4&1958.1709512115058|24442&4&521.6564741141844|24445&4&1986.3034974610314|24452&4&4576.8365830005705|24461&4&4042.994840214606|24463&4&875.306260813105|24467&4&1639.3740999620293|24472&4&3218.8717773015023|24482&4&1966.2868233377112|24486&4&2574.532366596573|24488&4&1004.5037515090112|24493&4&2231.906091076649,2|24400&4&808.2372369072788|24410&4&274.14301267467516|24430&4&2006.5138515070225|24432&4&2386.3252221471857|24433&4&126.31401362366363|24438&4&1180.0257453380789|24440&4&136.0128638090403|24450&4&1183.4156799384903|24452&4&128.6341707834728|24453&4&6226.932905591332|24454&4&2733.0887961682383|24456&4&715.5806267271159|24485&4&4749.355872097154
335|4,130,1,1,1,1,1,1,1,1,1,1,1,1,1,1,1,1,1,1,1,1,1,1,1,1,1,1,1,1,1,1,1,1,1,1,1,1,1,1,1,1,1,1,1,1,1,1,1,1,1,1,1,1,1,1,1,1,1,1,1,1,1,1,1,1,1,1,1,1,1,1,1,1,1,1,1,1,1,1,1,1,1,1,1,1,1,1,1,1,1,1,1,1,1,1,1,1,1,1,1,1,0,0,0,0,0,0,0,0,0,0,0,0,0,0,0,0,0,0,0,0,2|24405&4&1695.6545390466058|24414&4&452.5413509112924|24426&4&759.7074596092845|24428&4&2258.625056798614|24450&4&-7.460698725481052E-14|24455&4&1904.5832742080502|24476&4&3908.7854908368304|24481&4&0.0|24484&4&4836.873158349959,2|24397&4&838.1817560434536|24399&4&2827.1607580055925|24400&4&3195.731918517926|24401&4&1570.4254560941713|24409&4&1369.652941487142|24413&4&800.9738862893172|24418&4&1859.2250347678826|24423&4&122.86243313195232|24436&4&1861.9325490309561|24451&4&629.4466510685465|24452&4&332.9345784844806|24464&4&95.2761653842631|24469&4&26.96703564007646|24473&4&2720.2229868135764|24476&4&1188.0523388854165|24477&4&2251.5347991363706|24491&4&1508.4114823109344|24492&4&15.209378825001139,2|24403&4&769.4652408708007|24404&4&833.9665538679075|24408&4&545.4994379165906|24419&4&2288.7230668304996|24430&4&3169.795493568021|24444&4&194.24832252396857|24460&4&2564.2960501394873|24465&4&943.0321107177119|24470&4&1445.4042851906313|24478&4&4070.949549496385|24485&4&964.9562042289758|24490&4&716.3940597004964|24511&4&381.87427242201824,2|24405&4&78.22693599628289|24406&4&1461.9204589685712|24412&4&168.84148620450398|24420&4&541.5949765593803|24423&4&6051.8679178301045|24429&4&3307.908301864339|24434&4&4830.986831799021|24449&4&2082.0655691796046|24451&4&2670.3341148416657|24468&4&1566.2344530358168,2|24397&4&889.2868197194152|24399&4&1959.0749128797506|24409&4&2474.5678183474356|24413&4&85.06651328036112|24415&4&1892.535828944231|24427&4&755.3572265328705|24440&4&1845.1356746189635|24443&4&4295.430824374898|24448&4&1990.1508708362085|24450&4&1053.2917022712927|24489&4&2347.8219552796772|24491&4&164.86705349685252|24493&4&686.818472788394,2|24400&4&250.53341953177335|24402&4&3015.3071335422705|24410&4&1334.4441761896842|24416&4&315.819307407388|24429&4&640.2689151462409|24435&4&3212.4352379242455|24462&4&2376.468642377768|24477&4&443.31586857521864|24483&4&5325.928446557018,2|24417&4&4293.794003184035|24422&4&111.17540100107507|24431&4&3669.5683417962923|24433&4&3223.9950834955407|24446&4&2287.647777679035|24465&4&5.889190691745516|24471&4&2089.0944623495425|24479&4&3652.103507750022|24480&4&2321.097881181141|24483&4&1140.1727787240318|24494&4&1706.8292167072532|24495&4&1377.691511433867,2|24397&4&78.04023120953934|24404&4&1235.3064784909106|24414&4&868.9070122130703|24419&4&184.51560433663758|24424&4&890.5769335225214|24427&4&1980.828757963902|24431&4&1044.7145165924348|24450&4&660.2373079876312|24459&4&2317.8700001396774,2|24406&4&60.328347936418936|24407&4&606.9231807657748|24411&4&383.1423083657962|24412&4&34.60721421785179|24416&4&206.56893543565465|24418&4&931.0886415443241|24437&4&1085.732269038391|24439&4&2558.138363631251|24442&4&606.3236094802814|24445&4&1832.2188118261433|24452&4&4707.53255394919|24461&4&3849.617129935039|24463&4&764.7821319688594|24467&4&1845.2123656773101|24472&4&3376.9077124614437|24482&4&1783.0378348848933|24486&4&2317.7036293353563|24488&4&948.4863185192053|24493&4&2089.522037359738,2|24400&4&680.7559876147977|24410&4&198.3277407776949|24430&4&1778.8759946344314|24432&4&2922.7710066086456|24433&4&64.13952913703864|24438&4&1067.995269726453|24440&4&96.0422024957702|24450&4&1037.2917890574113|24452&4&87.20598334352103|24453&4&5802.1777706811345|24454&4&2830.542197860375|24456&4&649.9246002641801|24485&4&4275.22437581119
336|4,130,1,1,1,1,1,1,1,1,1,1,1,1,1,1,1,1,1,1,1,1,1,1,1,1,1,1,1,1,1,1,1,1,1,1,1,1,1,1,1,1,1,1,1,1,1,1,1,1,1,1,1,1,1,1,1,1,1,1,1,1,1,1,1,1,1,1,1,1,1,1,1,1,1,1,1,1,1,1,1,1,1,1,1,1,1,1,1,1,1,1,1,1,1,1,1,1,1,1,1,1,0,0,0,0,0,0,0,0,0,0,0,0,0,0,0,0,0,0,0,0,2|24405&4&1548.0711318190204|24414&4&368.68240224214264|24426&4&703.1749267049256|24428&4&2607.2787847719583|24455&4&1727.2222616385084|24476&4&3475.859357666489|24484&4&5120.463455312478,2|24397&4&816.4287942540852|24399&4&2657.208743832398|24400&4&3330.980299190773|24401&4&1427.4803787115904|24409&4&1174.9070467889856|24413&4&815.5945307063228|24418&4&1855.55404195638|24423&4&42.57092868172258|24436&4&1942.2388280919238|24451&4&504.2013433849351|24452&4&291.31775617392054|24464&4&89.98304508513736|24469&4&24.8926482831475|24473&4&2772.328306611904|24476&4&1122.7788434558688|24477&4&2110.0569916621985|24491&4&1402.5142233996714|24492&4&14.408885202632657,2|24403&4&678.7644440119228|24404&4&1209.8649018391588|24408&4&498.1666706516922|24419&4&2038.8454248682042|24430&4&3077.00517747291|24444&4&184.02472660165444|24460&4&2320.6550082107615|24465&4&859.5309754096745|24470&4&1434.1807854124002|24478&4&4181.759283703565|24485&4&916.708394017527|24490&4&1371.7849489369528|24511&4&312.37828767086944,2|24405&4&52.15129066418866|24406&4&1355.7521895780653|24412&4&154.34540495807812|24420&4&510.35983299213626|24423&4&6424.8566811031915|24429&4&4602.989334466049|24434&4&5303.215315227582|24449&4&1907.2763180896522|24451&4&3250.2548800067016|24468&4&1569.2157438645943,2|24397&4&768.4702772830633|24399&4&1712.2293826450757|24409&4&2602.1083852912734|24413&4&76.79562725163454|24415&4&1726.9244164944325|24427&4&620.5444377921688|24440&4&1694.2466062558492|24443&4&3860.6282517953846|24448&4&1816.8581912732952|24450&4&987.5308462146123|24472&4&530.7642628873161|24489&4&2127.641012403426|24491&4&586.1324617574509|24493&4&509.7582983889083,2|24400&4&229.5047121612317|24402&4&2740.108291584622|24410&4&1782.1700711612436|24416&4&287.24071770765386|24429&4&436.75453007029046|24435&4&2863.4268079514495|24462&4&2671.5188863965755|24477&4&329.6274238188415|24483&4&5004.29405564379,2|24417&4&3880.012205384356|24422&4&225.79035917152282|24431&4&3209.6587819060805|24433&4&3007.1027243743483|24446&4&2940.4672294292927|24465&4&5.047877735781942|24471&4&1944.2977210370493|24479&4&3802.245453896898|24480&4&2614.902146535798|24483&4&906.3693405861824|24494&4&1999.782159518124|24495&4&1497.0657462259942,2|24397&4&51.08867423940788|24404&4&1066.009662587297|24414&4&801.845159277768|24417&4&362.1863089761039|24419&4&473.4997287559263|24424&4&829.2343333808651|24427&4&2008.3116879153333|24431&4&1659.1164602911363|24450&4&604.1851112771933|24459&4&2324.6015459598043,2|24406&4&48.00120329877255|24407&4&1401.9048951590776|24411&4&328.1034346578109|24412&4&29.66332647244439|24416&4&184.27151357130435|24418&4&810.3291126968572|24437&4&1069.8815217380854|24439&4&2376.1904177972356|24442&4&571.4458208684794|24445&4&1692.2804407037902|24452&4&4473.155525958056|24461&4&3454.7328283542856|24463&4&654.2580031246137|24467&4&2400.296942401528|24472&4&3127.415513732002|24482&4&2312.7722998719473|24486&4&2141.4177400555964|24488&4&892.4688855293994|24493&4&2211.9242929021084,2|24400&4&565.3975319448931|24410&4&125.93688971066086|24430&4&1572.3989898391324|24432&4&0.0|24433&4&23.28747705307886|24438&4&956.1425810393173|24440&4&56.07154118250007|24450&4&891.1678981763322|24452&4&45.777795903569256|24453&4&5794.886145367589|24454&4&2660.9173658645577|24456&4&588.4860672058542|24485&4&3852.98612059754
337|4,130,1,1,1,1,1,1,1,1,1,1,1,1,1,1,1,1,1,1,1,1,1,1,1,1,1,1,1,1,1,1,1,1,1,1,1,1,1,1,1,1,1,1,1,1,1,1,1,1,1,1,1,1,1,1,1,1,1,1,1,1,1,1,1,1,1,1,1,1,1,1,1,1,1,1,1,1,1,1,1,1,1,1,1,1,1,1,1,1,1,1,1,1,1,1,1,1,1,1,1,1,0,0,0,0,0,0,0,0,0,0,0,0,0,0,0,0,0,0,0,0,2|24405&4&1486.4165993513702|24414&4&284.82345357299295|24426&4&646.6423938005667|24428&4&2363.5707650703025|24455&4&1549.8612490689666|24475&4&0.0|24476&4&3042.9332244961465|24484&4&5222.769144179118,2|24397&4&768.9369164772935|24399&4&2817.185784392821|24400&4&3456.3545722702274|24401&4&1284.5353013290098|24409&4&1025.4100654554995|24413&4&769.5579284962674|24418&4&1794.3863071783965|24423&4&0.0|24436&4&1956.0546076442486|24451&4&411.0468786301493|24452&4&249.7009338633605|24464&4&84.68992478601163|24469&4&22.818260926218542|24471&4&24.294863885073486|24473&4&3092.5008207764595|24476&4&1332.6746704139964|24477&4&2574.1724676886015|24491&4&1308.8551239182661|24492&4&13.608391580264176,2|24403&4&588.0636471530449|24404&4&1139.4443948751577|24408&4&600.7632115773813|24419&4&1814.0062185326738|24430&4&2966.5837222094437|24444&4&186.57790501683183|24460&4&2101.9646204903866|24465&4&776.0298401016371|24470&4&1316.399391358162|24478&4&3858.550846012875|24485&4&1333.0427039688464|24490&4&1609.0668996131785|24511&4&242.88230291972064,2|24405&4&26.075645332094425|24406&4&1371.89512012087|24412&4&139.84932371165223|24420&4&863.9194826221665|24423&4&6661.282985031943|24429&4&5564.387973586423|24434&4&5250.26343238634|24447&4&52.67365049412469|24449&4&1732.4870669996994|24451&4&3045.712835379128|24468&4&1459.5555695463827,2|24397&4&647.6537348467111|24399&4&1465.3838524104008|24409&4&3067.3732957074344|24413&4&70.39599164733164|24415&4&1561.313004044634|24427&4&485.73164905146695|24440&4&1553.1541723526434|24443&4&4253.161107953784|24448&4&1643.5655117103818|24450&4&1079.291696832702|24472&4&776.0189586896527|24489&4&1914.5287896700747|24491&4&556.4136710358362|24493&4&347.8087642550571,2|24400&4&208.47600479069007|24402&4&2464.909449626973|24410&4&1603.1979503623184|24416&4&258.66212800791976|24429&4&272.6005149218399|24435&4&2525.410517554643|24462&4&2738.402189653156|24477&4&219.72206791731878|24483&4&5671.41490974246|24496&4&171.89393890424165,2|24417&4&3481.0594331864404|24422&4&430.43041374270337|24431&4&2791.8065901585815|24433&4&2790.210365253155|24446&4&2811.7107470176106|24465&4&4.206564779818286|24471&4&1799.5009797245557|24479&4&3792.7547818415396|24480&4&2408.114075280699|24483&4&672.5659024483328|24494&4&1863.9532053285604|24495&4&1567.1702015457333,2|24397&4&24.13711726927642|24404&4&928.5331686960617|24410&4&289.00772673419715|24414&4&734.7833063424655|24417&4&495.5090313272641|24419&4&891.7035824321638|24424&4&767.8917332392089|24427&4&2351.3404147513097|24431&4&1568.8727893057007|24433&4&485.74770398788496|24450&4&548.1329145667554|24459&4&2198.2575636783267|24480&4&286.0395350273847,2|24406&4&35.67405866112616|24407&4&1505.3353567485917|24411&4&273.06456094982565|24412&4&24.719438727036987|24416&4&161.97409170695408|24418&4&689.5695838493905|24437&4&999.732676875979|24439&4&2194.24247196322|24442&4&536.5680322566772|24445&4&1902.8403461325206|24452&4&4074.928198786482|24461&4&3989.737355205062|24463&4&543.7338742803681|24467&4&3078.117061466282|24472&4&2894.699603985269|24482&4&2908.818724032559|24486&4&2267.538917519001|24488&4&836.4514525395934|24493&4&3106.063662337997,2|24400&4&454.31735930518334|24410&4&69.99795984378667|24430&4&1372.4721251243648|24432&4&213.17326201510696|24433&4&-1.6342482922482304E-13|24438&4&844.2898923521817|24440&4&16.100879869229953|24450&4&747.4813020911852|24452&4&19.027540371498787|24453&4&5845.755071798138|24454&4&2472.989897181177|24456&4&522.6191660726876|24485&4&3431.549958840789
338|4,130,1,1,1,1,1,1,1,1,1,1,1,1,1,1,1,1,1,1,1,1,1,1,1,1,1,1,1,1,1,1,1,1,1,1,1,1,1,1,1,1,1,1,1,1,1,1,1,1,1,1,1,1,1,1,1,1,1,1,1,1,1,1,1,1,1,1,1,1,1,1,1,1,1,1,1,1,1,1,1,1,1,1,1,1,1,1,1,1,1,1,1,1,1,1,1,1,1,1,1,1,0,0,0,0,0,0,0,0,0,0,0,0,0,0,0,0,0,0,0,0,2|24405&4&1991.742883250923|24414&4&200.96450490384322|24426&4&590.1098608962078|24428&4&2119.862745368647|24455&4&1372.5002364994245|24470&4&401.9532367647365|24476&4&2645.2013645771094|24484&4&5507.2608499798525,2|24397&4&850.3392238319327|24399&4&2906.063232340362|24400&4&3683.7076727645563|24401&4&1471.7775926736258|24409&4&875.9130841220131|24413&4&723.5213262862118|24418&4&2084.455501570689|24436&4&1954.910246647521|24451&4&333.3800815891485|24452&4&208.08411155280044|24464&4&112.35975750023489|24469&4&20.743873569289583|24471&4&23.08012069081981|24473&4&2860.1353482460695|24476&4&1587.5796903966116|24477&4&3004.9989486734958|24491&4&1216.9959874967717|24492&4&12.807897957895694,2|24403&4&673.7818064660402|24404&4&1075.1724815249318|24408&4&611.6845252164493|24419&4&1617.1191333897639|24430&4&2807.3040356623123|24444&4&175.71547037764313|24460&4&2397.4118922324087|24465&4&692.5287047935996|24470&4&1198.617997303924|24478&4&3532.854068586731|24485&4&1501.42150765092|24490&4&1629.129328979142|24511&4&173.38631816857188,2|24405&4&1.9184653865522705E-13|24406&4&1260.4062500514706|24412&4&125.35324246522637|24420&4&1144.73703896511|24423&4&6749.122312781958|24429&4&5397.062037158819|24434&4&4942.316001667666|24447&4&50.039967969418456|24449&4&1557.6978159097473|24451&4&2841.1707907515543|24468&4&1351.6680404762676,2|24397&4&526.8371924103591|24399&4&1234.2373095430116|24409&4&3682.631706768501|24413&4&63.99635604302876|24415&4&1395.7015915948355|24427&4&358.32327305765995|24437&4&127.15275467123294|24440&4&1856.36013710129|24443&4&5014.69901116682|24448&4&1640.9016379710997|24450&4&1010.0663171179808|24472&4&735.8911000979517|24489&4&1999.8673227063728|24491&4&526.6948803142215|24493&4&1186.6861929616325,2|24400&4&187.44729742014846|24402&4&2189.7106076693253|24410&4&1424.2258295633933|24416&4&230.08353830818567|24429&4&174.2452781225446|24435&4&2187.3942271578367|24462&4&2666.2227662418554|24477&4&148.02121194452664|24483&4&7058.3761347084255|24496&4&0.0,2|24417&4&3087.3329943347685|24422&4&402.78839737444974|24431&4&2379.730511429043|24433&4&2573.3180061319626|24446&4&2578.9528344005957|24465&4&3.3652518238546296|24471&4&1659.6328248193545|24479&4&4663.072482332886|24480&4&2210.4079807911876|24483&4&478.7999774639788|24494&4&1728.1242511389971|24495&4&1432.7540968268058,2|24397&4&9.237055564881302E-14|24404&4&791.0566748048266|24410&4&763.0892243871094|24414&4&667.7214534071632|24417&4&1684.8084236476057|24419&4&1087.8873389717064|24424&4&706.5491330975525|24427&4&2193.6604576185455|24431&4&2913.9735422136396|24433&4&461.4603187884907|24435&4&597.7988964626634|24450&4&492.0807178563174|24459&4&1991.9743680039724|24480&4&271.7375582760155,2|24406&4&24.77258726813546|24407&4&1390.6962126361082|24411&4&859.204165226186|24412&4&19.775550981629586|24416&4&139.67666984260381|24418&4&568.8100550019237|24437&4&929.5838320138723|24439&4&2012.6107110585172|24442&4&501.69024364487495|24445&4&2235.555046253476|24452&4&4073.7996316229564|24461&4&4126.292765031005|24463&4&433.2097454361225|24467&4&3589.1197368433977|24472&4&2679.0495386985644|24482&4&3073.1253593519077|24486&4&2023.61525909767|24488&4&780.4340195497875|24493&4&2850.1998177498604,2|24400&4&367.31422935797207|24410&4&20.616847356132823|24430&4&1184.9803733017266|24432&4&509.9834445087739|24438&4&732.4372036650462|24440&4&1.2079226507921703E-13|24441&4&56.76447300170521|24450&4&614.0333619426043|24452&4&0.0|24453&4&6418.620026180534|24454&4&2285.0624284977966|24456&4&456.7522649395211|24485&4&3034.44253863054
339|4,130,1,1,1,1,1,1,1,1,1,1,1,1,1,1,1,1,1,1,1,1,1,1,1,1,1,1,1,1,1,1,1,1,1,1,1,1,1,1,1,1,1,1,1,1,1,1,1,1,1,1,1,1,1,1,1,1,1,1,1,1,1,1,1,1,1,1,1,1,1,1,1,1,1,1,1,1,1,1,1,1,1,1,1,1,1,1,1,1,1,1,1,1,1,1,1,1,1,1,1,1,0,0,0,0,0,0,0,0,0,0,0,0,0,0,0,0,0,0,0,0,2|24405&4&1807.0027255420841|24414&4&117.10555623469351|24426&4&533.5773279918488|24428&4&1918.2349126491492|24455&4&1195.1392239298825|24470&4&614.9873666380572|24476&4&2263.5088299250147|24484&4&5249.4147671900255|24495&4&381.94115460345625,2|24397&4&1564.4754877482833|24399&4&3116.0758747335785|24400&4&3427.7512983543897|24401&4&1393.2994842991689|24409&4&768.9057193101714|24413&4&677.4847240761562|24418&4&2225.8779908076745|24436&4&1768.1431115248317|24451&4&404.3774859247701|24452&4&166.46728924224038|24464&4&732.1923989899461|24469&4&18.669486212360624|24471&4&252.2993082165083|24473&4&2869.803632253036|24476&4&2240.0540638488383|24477&4&3118.700139898191|24491&4&1125.1368510752773|24492&4&12.007404335527212,2|24403&4&574.2600617985687|24404&4&1437.2746872812454|24408&4&553.5677652263466|24419&4&1446.6867482026569|24430&4&2626.266742892208|24444&4&164.85303573845442|24460&4&2701.5799585031236|24465&4&644.6156075920414|24470&4&1098.467649441598|24478&4&3300.449538874074|24485&4&2465.372679229953|24490&4&1526.7590963652453|24511&4&103.89033341742311,2|24406&4&1336.1789437861396|24412&4&110.85716121880053|24420&4&1077.6975337595|24423&4&6248.676450248642|24429&4&5033.454897964385|24434&4&4556.96764208982|24447&4&47.40628544471222|24449&4&1382.9085648197947|24451&4&2636.62874612398|24468&4&1283.3230932659467,2|24397&4&406.020649974007|24399&4&1034.6480225673304|24409&4&3466.713148717777|24413&4&57.59672043872588|24415&4&1672.6361351288188|24427&4&233.4724362256924|24437&4&120.7951169376713|24440&4&1682.2519937734432|24443&4&4890.955414986407|24448&4&1494.0027461369261|24450&4&1149.7283780199064|24472&4&695.7632415062508|24489&4&2550.4285593982595|24491&4&496.97608959260674|24493&4&1965.496695816909,2|24400&4&166.41859004960682|24402&4&2103.717430864257|24410&4&1245.2537087644682|24416&4&201.50494860845154|24429&4&101.00870170583892|24435&4&1882.3523098250464|24462&4&2417.652188062343|24477&4&102.73888342857941|24483&4&7634.621551913004,2|24417&4&2747.1794503635774|24422&4&386.8733155880204|24431&4&2011.8417323523558|24433&4&2356.4256470107694|24446&4&2687.3122636749135|24465&4&2.5239388678909735|24471&4&1519.7646699141533|24479&4&4852.261267551158|24480&4&2012.7018863016758|24483&4&333.754212609962|24494&4&1592.2952969494338|24495&4&1310.5772962939755,2|24404&4&656.7100426046858|24410&4&1234.5415992504613|24414&4&673.8426832940477|24417&4&2128.6155754173947|24419&4&1116.178257146722|24424&4&645.2065329558961|24427&4&2591.617501984736|24431&4&3840.4378544594074|24433&4&437.1729335890965|24435&4&1178.0464829494676|24450&4&436.0285211458794|24459&4&1919.9576216133773|24480&4&257.43558152464624,2|24406&4&13.871115875144769|24407&4&1276.0570685236246|24411&4&1200.9007631541062|24412&4&14.831663236222182|24416&4&117.37924797825352|24418&4&448.05052615445686|24437&4&859.4349871517658|24439&4&2163.5916450475697|24442&4&466.81245503307275|24445&4&2607.642837249761|24452&4&3749.8265745693643|24461&4&4808.695830048834|24463&4&1014.9479338164429|24467&4&3644.563768207762|24472&4&2463.3994734118596|24482&4&2838.1743697846914|24486&4&1785.209737153843|24488&4&724.4165865599816|24493&4&2594.335973161724,2|24400&4&295.6591662555056|24410&4&-1.1368683772161603E-13|24430&4&1000.8917173352081|24432&4&812.8464948464721|24438&4&620.5845149779104|24440&4&217.8862444277985|24441&4&181.73484261939194|24450&4&480.5854217940234|24453&4&6195.902733024936|24454&4&2104.5000818259978|24456&4&390.88536380635463|24485&4&2645.8520881950885
340|4,130,1,1,1,1,1,1,1,1,1,1,1,1,1,1,1,1,1,1,1,1,1,1,1,1,1,1,1,1,1,1,1,1,1,1,1,1,1,1,1,1,1,1,1,1,1,1,1,1,1,1,1,1,1,1,1,1,1,1,1,1,1,1,1,1,1,1,1,1,1,1,1,1,1,1,1,1,1,1,1,1,1,1,1,1,1,1,1,1,1,1,1,1,1,1,1,1,1,1,1,1,0,0,0,0,0,0,0,0,0,0,0,0,0,0,0,0,0,0,0,0,2|24405&4&1622.2625678332454|24410&4&549.9006482854696|24414&4&49.77580880345636|24426&4&477.04479508749|24428&4&2051.833282303312|24436&4&212.20619572559053|24455&4&1334.1497941962339|24470&4&583.2331152142426|24471&4&288.7349827009367|24475&4&0.0|24476&4&3360.6252022448098|24484&4&5554.037146175284|24495&4&362.84409687328343,2|24397&4&1750.0339188051346|24399&4&2978.0122707380374|24400&4&3171.794923944224|24401&4&1296.431718719757|24409&4&994.3576651031627|24413&4&631.4481218661008|24418&4&2061.771703520671|24436&4&1581.3759764021422|24451&4&358.1934698189869|24452&4&124.85046693168034|24464&4&693.9124355681777|24469&4&16.595098855431665|24471&4&239.5628684862575|24473&4&3052.2118635117713|24476&4&2106.9150940194427|24477&4&3199.827382580866|24491&4&1033.277714653783|24492&4&11.20691071315873,2|24403&4&478.4759944767384|24404&4&1344.9052435165056|24408&4&495.451005236244|24419&4&1282.4067738956626|24430&4&2445.2294501221036|24444&4&153.99060109926572|24460&4&2485.8422563306763|24465&4&559.33507037868|24470&4&1005.6250919186067|24478&4&3721.928399795054|24485&4&3094.8042553419573|24490&4&1424.388863751348|24511&4&63.44711672790855,2|24406&4&1214.450552878693|24412&4&96.36107997237465|24418&4&365.0289258994669|24420&4&1010.6580285538896|24423&4&5677.762429181347|24429&4&5744.845822120715|24434&4&4173.212689277886|24447&4&0.0|24449&4&1489.590475835529|24451&4&2432.086701496406|24468&4&1173.4584351028416,2|24397&4&308.98993948577163|24399&4&835.0587355916485|24409&4&3250.7945906670534|24413&4&51.197084834423|24415&4&1647.1226710682504|24427&4&140.20752613882303|24437&4&114.43747920410965|24440&4&1521.2431811656943|24443&4&4442.787089464342|24448&4&1658.753827814562|24450&4&1573.5785523972115|24472&4&655.63538291455|24489&4&2534.045502205172|24491&4&467.25729887099203|24493&4&2373.4354272890077,2|24400&4&145.3898826790652|24402&4&2469.5417713513316|24410&4&1066.281587965543|24416&4&172.92635890871745|24429&4&33.454248972865024|24435&4&1608.586482524285|24462&4&2701.647464427456|24477&4&66.85026773728336|24483&4&7715.044405924926,2|24417&4&2435.480106423365|24422&4&451.66487482088763|24431&4&1672.6834678834286|24433&4&2139.5741964214953|24446&4&2879.1654200227754|24465&4&1.6826259119273177|24471&4&1382.2668253354834|24479&4&4425.263062273675|24480&4&1814.995791812164|24483&4&245.97206673176754|24494&4&1659.2293309190704|24495&4&1207.724811412205,2|24404&4&541.7151991413871|24410&4&1170.1481509442933|24414&4&1340.4175715644737|24417&4&2285.6110061755517|24419&4&1555.1624956542792|24424&4&583.8639328142399|24427&4&3002.0089118147953|24431&4&4943.5847126595245|24433&4&412.88554838970225|24435&4&2285.1521489294882|24450&4&379.9763244354415|24459&4&2288.9558336020655|24480&4&419.36161206086484,2|24406&4&6.935557937572408|24407&4&1161.4179244111413|24411&4&1124.0699090984435|24412&4&9.887775490814779|24416&4&95.08182611390323|24418&4&327.29099730699|24437&4&789.2861422896594|24439&4&2136.4641829576703|24442&4&492.82541966512287|24445&4&3195.029368090846|24452&4&4027.6451703101957|24461&4&4803.534879991219|24463&4&1325.846371346492|24467&4&3503.4222286328877|24472&4&2247.7494081251552|24482&4&2603.2233802174746|24486&4&2176.7858091898433|24488&4&668.3991535701757|24493&4&2338.472128573587,2|24400&4&224.00410315303918|24403&4&392.0468427667741|24430&4&821.6515819683027|24432&4&1352.15265758213|24438&4&508.73182629077496|24440&4&498.9846756066562|24441&4&172.50618930591807|24450&4&347.13748164544245|24453&4&6461.557874691693|24454&4&1923.9377351541987|24456&4&0.0|24485&4&2317.5203004220316
341|4,130,1,1,1,1,1,1,1,1,1,1,1,1,1,1,1,1,1,1,1,1,1,1,1,1,1,1,1,1,1,1,1,1,1,1,1,1,1,1,1,1,1,1,1,1,1,1,1,1,1,1,1,1,1,1,1,1,1,1,1,1,1,1,1,1,1,1,1,1,1,1,1,1,1,1,1,1,1,1,1,1,1,1,1,1,1,1,1,1,1,1,1,1,1,1,1,1,1,1,1,1,0,0,0,0,0,0,0,0,0,0,0,0,0,0,0,0,0,0,0,0,2|24405&4&1903.9533059782593|24410&4&885.9511969157838|24414&4&15.884029951701995|24426&4&420.5122621831311|24428&4&2049.4185365053886|24436&4&363.1342890596685|24455&4&1722.4851969285123|24462&4&576.3135312991916|24470&4&551.4788637904278|24471&4&274.29823356588986|24475&4&101.89461797920333|24476&4&3647.3246239522477|24484&4&6107.59052979828|24487&4&22.50093414459032|24495&4&343.7470391431106,2|24397&4&2100.326688174729|24399&4&3278.991007450207|24400&4&2915.838549534058|24401&4&1371.435433186723|24409&4&901.5359618256125|24413&4&585.4115196560452|24418&4&1897.665416233667|24436&4&1403.4967616534677|24451&4&1141.2759272352853|24452&4&83.2336446211203|24464&4&655.6324721464093|24469&4&14.520711498502706|24471&4&226.82642875600675|24473&4&2816.4259515071453|24476&4&1973.776124190047|24477&4&2939.082176458127|24491&4&941.4185782322886|24492&4&10.40641709079025,2|24402&4&426.815905057819|24403&4&412.1999803503677|24404&4&1442.966269026165|24408&4&437.33424524614134|24419&4&1136.1380373756379|24430&4&2264.1921573519994|24444&4&0.0|24460&4&2270.560657238681|24465&4&474.0545331653187|24470&4&914.2820691660241|24478&4&3706.205542358657|24485&4&3462.068434794105|24490&4&1376.1228650320022|24495&4&41.45748248385388|24511&4&23.003900038393986,2|24406&4&1345.9270738055693|24412&4&81.8649987259488|24418&4&801.8535077083442|24420&4&943.6185233482794|24423&4&5129.248837533763|24429&4&6130.707850901252|24434&4&3789.4577364659513|24449&4&1307.9426942125049|24451&4&2227.544656868832|24468&4&1063.5937769397365,2|24397&4&226.34134308719416|24399&4&642.1571532498872|24409&4&3034.876032616329|24413&4&44.79744923012012|24415&4&1492.6039825486648|24427&4&68.19092034214012|24437&4&120.25551605235496|24440&4&1381.8734236091852|24443&4&5045.285643358004|24448&4&2040.262090386589|24450&4&2055.4985376272534|24456&4&402.71953638818036|24472&4&615.5075243228491|24489&4&2393.4981878327512|24491&4&437.5385081493773|24493&4&3020.963714386372,2|24400&4&124.36117530852357|24402&4&2230.6157198228348|24410&4&912.8542651263208|24416&4&144.34776920898332|24429&4&-1.4210854715202004E-14|24435&4&1383.509590401016|24462&4&2453.9900860480434|24477&4&30.961652045987293|24483&4&7174.751739988568,2|24417&4&2137.0341460909094|24422&4&420.21270470335423|24431&4&1377.5443097293069|24433&4&1922.7227458322209|24446&4&2801.9864649450747|24465&4&0.8413129559636618|24471&4&1262.2975517347536|24479&4&4550.45199225154|24480&4&1635.6584908608952|24483&4&194.89188692720006|24494&4&1727.8079027489898|24495&4&1107.2890663784888,2|24404&4&426.7203556780883|24410&4&1105.754702638125|24414&4&1767.22217703884|24417&4&2388.991256660098|24419&4&1534.75768487443|24424&4&522.5213326725836|24427&4&3644.4210995627764|24431&4&5244.459363224376|24433&4&388.598163190308|24435&4&3144.7002877033165|24450&4&323.92412772500353|24459&4&2726.293400782364|24480&4&628.6614207371193,2|24406&4&4.796163466380676E-14|24407&4&1218.5449239352138|24411&4&1398.4508820954043|24412&4&4.943887745407375|24416&4&72.78440424955295|24418&4&216.8974208213695|24437&4&719.1372974275529|24439&4&2036.9909909338649|24442&4&454.9030933911281|24445&4&3029.0592803967165|24452&4&4179.610631550986|24461&4&4844.905736986331|24463&4&0.0|24467&4&3276.9327631706947|24472&4&2036.5571736564707|24482&4&2368.2723906502583|24486&4&2577.85686947886|24488&4&0.0|24493&4&2082.6082839854503,2|24400&4&152.34904005057274|24403&4&719.4403405805745|24430&4&642.4114466013971|24432&4&1280.5866431206423|24438&4&412.34280966625306|24440&4&473.4907262152539|24441&4&163.2775359924442|24450&4&216.4138118351663|24453&4&6288.230868201222|24454&4&1743.3753884823993|24485&4&2028.9778198044496
342|4,130,1,1,1,1,1,1,1,1,1,1,1,1,1,1,1,1,1,1,1,1,1,1,1,1,1,1,1,1,1,1,1,1,1,1,1,1,1,1,1,1,1,1,1,1,1,1,1,1,1,1,1,1,1,1,1,1,1,1,1,1,1,1,1,1,1,1,1,1,1,1,1,1,1,1,1,1,1,1,1,1,1,1,1,1,1,1,1,1,1,1,1,1,1,1,1,1,1,1,1,1,0,0,0,0,0,0,0,0,0,0,0,0,0,0,0,0,0,0,0,0,2|24405&4&2194.3610698979824|24410&4&1249.690928109169|24414&4&7.460698725481052E-14|24426&4&363.9797292787722|24428&4&1897.8918998325187|24436&4&1046.2343485472934|24449&4&122.70084900508414|24455&4&1968.1034224029058|24462&4&887.729174970751|24470&4&519.7246123666132|24471&4&259.861484430843|24475&4&0.0|24476&4&3279.1775716543507|24484&4&6050.529039611463|24487&4&21.375887437360806|24495&4&324.6499814129378,2|24397&4&2185.1761534730986|24399&4&4331.431095763921|24400&4&2659.882175123893|24401&4&2172.7686684020473|24409&4&790.5759735241913|24413&4&539.3749174459897|24418&4&1733.5591289466636|24421&4&0.0|24436&4&1236.1591940556857|24451&4&1437.1468045684692|24452&4&41.616822310560266|24464&4&617.3525087246409|24469&4&12.446324141573747|24471&4&214.08998902575595|24473&4&2691.9824137108712|24476&4&1840.637154360652|24477&4&2815.708934453537|24491&4&849.5594418107942|24492&4&9.605923468421768,2|24402&4&405.4751098049281|24403&4&361.020364795825|24404&4&1341.0753017977054|24408&4&379.21748525603874|24419&4&989.8693008556132|24423&4&1151.4359528991204|24430&4&2516.1640398343125|24457&4&85.51824064520356|24460&4&2055.2790581466857|24465&4&707.3774053927023|24470&4&832.4658587531364|24478&4&3356.1339877494984|24485&4&4162.3855532507405|24490&4&1271.0474207233776|24495&4&39.384608359661186|24511&4&3.1948544041779883,2|24406&4&1211.538437306407|24412&4&221.25510982037335|24418&4&1391.7603734673958|24420&4&876.5790181426692|24423&4&4557.214794995483|24429&4&6427.658605909235|24434&4&3405.702783654017|24449&4&1134.796725099398|24451&4&2023.0026122412582|24468&4&1464.3153022675754,2|24397&4&165.56832096469674|24399&4&477.9199862511357|24409&4&2818.957474565606|24411&4&241.05199626038785|24413&4&38.39781362581724|24415&4&1746.6236428256211|24427&4&22.48124978304227|24437&4&117.0462990971911|24440&4&1242.5036660526766|24443&4&5295.32589471035|24448&4&1873.7148281442046|24450&4&2785.0972278954177|24456&4&1180.650257915604|24472&4&676.744132467091|24489&4&2280.400753660292|24491&4&407.81971742776267|24493&4&3464.107255112053,2|24400&4&103.33246793798195|24402&4&2010.5251090636225|24410&4&784.7462668500328|24416&4&792.8642270684863|24435&4&1192.1605935603343|24462&4&2224.851175245357|24477&4&-4.973799150320701E-14|24483&4&6634.459074052212,2|24417&4&1851.93275855587|24422&4&390.9145151071888|24431&4&1119.0438770412502|24433&4&1710.5362261934429|24446&4&2579.50726949272|24465&4&5.995204332975845E-15|24471&4&1153.3218582011107|24479&4&5174.849079590999|24480&4&1456.3211899096268|24483&4&143.81170712263287|24494&4&1587.3075255730091|24495&4&1006.8533213447722,2|24404&4&311.72551221478955|24410&4&1041.3612543319568|24414&4&2109.8771412597716|24417&4&2839.305689381069|24419&4&1444.260916833143|24424&4&694.6804728976686|24427&4&3811.5299893273605|24431&4&5092.576803832304|24433&4&429.36763270168404|24435&4&3322.0224339386014|24450&4&267.8719310145656|24459&4&2938.3366432343983|24480&4&593.9273843317706,2|24407&4&1375.0088070929814|24411&4&1295.3646921369204|24412&4&-2.8421709430404007E-14|24416&4&50.486982385202666|24418&4&141.1636221188959|24437&4&648.9884525654463|24439&4&2227.9025490723284|24442&4&416.9807671171333|24445&4&2811.734900260522|24452&4&4579.337779710622|24461&4&4868.403323445841|24463&4&479.44376737576835|24467&4&3128.55855692178|24472&4&1825.364939187786|24482&4&2133.321401083042|24486&4&2323.422243444342|24493&4&1826.7444393973135,2|24400&4&97.06897845999573|24403&4&962.0937586422981|24430&4&469.05315923163823|24432&4&1209.0206286591551|24438&4&1127.370622398299|24440&4&622.8507004713731|24441&4&154.04888267897036|24450&4&105.45855358973559|24453&4&5891.817110949229|24454&4&1615.9145019419175|24485&4&1772.0068596143117
343|4,130,1,1,1,1,1,1,1,1,1,1,1,1,1,1,1,1,1,1,1,1,1,1,1,1,1,1,1,1,1,1,1,1,1,1,1,1,1,1,1,1,1,1,1,1,1,1,1,1,1,1,1,1,1,1,1,1,1,1,1,1,1,1,1,1,1,1,1,1,1,1,1,1,1,1,1,1,1,1,1,1,1,1,1,1,1,1,1,1,1,1,1,1,1,1,1,1,1,1,1,1,0,0,0,0,0,0,0,0,0,0,0,0,0,0,0,0,0,0,0,0,2|24405&4&2271.20664747532|24410&4&1318.020675968383|24426&4&307.44719637441324|24428&4&2519.0728395881565|24436&4&1396.7806350468825|24448&4&185.92295803631134|24449&4&233.07577311368914|24455&4&2038.3738484574817|24462&4&841.9019323939655|24470&4&487.97036094279844|24471&4&245.42473529579618|24476&4&3002.768175696763|24484&4&6305.351646773854|24487&4&20.25084073013129|24495&4&305.55292368276497,2|24397&4&2128.2403294247606|24399&4&4377.206475850808|24400&4&2609.1815567548374|24401&4&2026.0634906757105|24409&4&679.6159852227702|24413&4&493.33831523593426|24418&4&1569.4528416596595|24421&4&680.997838426916|24436&4&1097.4378270462917|24451&4&1496.880499245299|24452&4&2.2737367544323206E-13|24464&4&0.0|24469&4&10.371936784644788|24471&4&201.35354929550516|24473&4&2472.300118957646|24476&4&1707.4981845312566|24477&4&2914.4099407058984|24491&4&757.7003053892997|24492&4&8.805429846053286,2|24402&4&656.0013298777233|24403&4&319.1295129046047|24404&4&1750.5534871972834|24407&4&45.65692942127947|24408&4&656.0513472020234|24419&4&843.6005643355884|24423&4&2042.1904048886076|24430&4&2956.628466931504|24457&4&0.0|24460&4&1839.9974590546897|24465&4&1509.9544507984378|24470&4&750.649648340249|24478&4&3166.20237771704|24485&4&4749.494490665016|24488&4&0.0|24489&4&858.0550949764646|24490&4&1279.8074169695262|24495&4&37.31173423546849|24511&4&1.5974272020889657,2|24406&4&1215.9072670211244|24412&4&294.1753765557554|24418&4&2027.729630655827|24420&4&809.539512937059|24423&4&4010.6569380161127|24429&4&6229.633814333584|24434&4&3680.772766214021|24449&4&981.1907164112488|24451&4&1818.4605676136841|24468&4&1336.234120723135,2|24397&4&113.34559801542753|24399&4&356.44957672752884|24409&4&2603.0389165148817|24411&4&369.2546635305333|24413&4&31.998178021514363|24415&4&1985.753460998434|24427&4&1.4921397450962104E-13|24437&4&0.0|24440&4&1103.1339084961678|24443&4&4835.710929336075|24448&4&1710.3493775089269|24450&4&3224.5179693841933|24456&4&1249.3173519088182|24472&4&631.548050538593|24489&4&2052.783355230661|24491&4&378.10092670614796|24493&4&3976.5752862816603,2|24400&4&82.30376056744032|24402&4&1790.4344983044102|24410&4&696.5535564430552|24416&4&1255.1326461331641|24435&4&1020.2357125937568|24462&4&2019.2388121075805|24483&4&6369.404675106534,2|24417&4&1591.3936731837944|24422&4&429.57205141158926|24431&4&890.8196921885292|24433&4&1520.1559022189022|24446&4&2357.028074040364|24471&4&1047.908563860854|24479&4&5161.117015436339|24480&4&1276.983888958358|24483&4&92.73152731806564|24494&4&1447.3542826760936|24495&4&906.4175763110559,2|24404&4&196.73066875149073|24410&4&976.967806025789|24414&4&1951.723804728583|24417&4&3379.080949244453|24419&4&1353.0651479343728|24424&4&621.6627857376752|24427&4&3716.405663818792|24431&4&5532.143292794088|24433&4&611.3271301258594|24435&4&3338.1047977841326|24450&4&211.8197343041276|24459&4&2789.46258954842|24480&4&559.1933479264218,2|24407&4&1260.6145962801684|24411&4&1206.5291401137958|24416&4&28.18956052085238|24418&4&86.34393684325843|24437&4&0.0|24439&4&2097.3788644028205|24442&4&379.0584408431385|24445&4&2632.98643920105|24452&4&4902.976079808786|24461&4&5396.29205581543|24463&4&455.47157900697994|24467&4&2899.2898109992975|24472&4&1614.1727047191011|24482&4&1898.3704115158255|24486&4&2074.150056812898|24493&4&1603.1802272621417,2|24400&4&41.78891686941884|24403&4&923.3166798959774|24430&4&337.56594957086975|24432&4&1381.3273334661442|24438&4&1197.0107023789506|24440&4&1164.5214875548086|24441&4&144.8202293654965|24450&4&25.04440248174747|24453&4&5960.787113405497|24454&4&1432.6970822635524|24482&4&292.35368027072377|24485&4&1541.087361749289
344|4,130,1,1,1,1,1,1,1,1,1,1,1,1,1,1,1,1,1,1,1,1,1,1,1,1,1,1,1,1,1,1,1,1,1,1,1,1,1,1,1,1,1,1,1,1,1,1,1,1,1,1,1,1,1,1,1,1,1,1,1,1,1,1,1,1,1,1,1,1,1,1,1,1,1,1,1,1,1,1,1,1,1,1,1,1,1,1,1,1,1,1,1,1,1,1,1,1,1,1,1,1,0,0,0,0,0,0,0,0,0,0,0,0,0,0,0,0,0,0,0,0,2|24398&4&268.727431848203|24405&4&2202.898975220797|24410&4&1266.940825291188|24426&4&250.91466347005436|24428&4&2948.184667592916|24436&4&1537.7161057838262|24448&4&234.1298299620475|24449&4&221.11523233549198|24455&4&2249.5616259559433|24462&4&796.0746898171799|24470&4&456.2161095189837|24471&4&230.98798616074936|24476&4&3569.4912697925274|24484&4&6760.785680006522|24487&4&19.125794022901776|24495&4&286.45586595259215,2|24397&4&1984.3421546679479|24399&4&4748.202926597946|24400&4&2807.4952216786296|24401&4&1881.1587042591186|24409&4&767.5720461157923|24413&4&447.30171302587877|24418&4&1405.3465543726559|24421&4&0.0|24436&4&973.1035987783071|24451&4&1531.2608972341518|24469&4&8.297549427715829|24471&4&188.6171095652544|24473&4&2435.255075519976|24476&4&1574.3592147018608|24477&4&3003.7233195213744|24491&4&665.8411689678053|24492&4&8.004936223684805,2|24402&4&1047.2632805912087|24403&4&277.2386610133845|24404&4&2300.396656066861|24407&4&154.3981218631949|24408&4&971.2595490535842|24419&4&697.3318278155637|24423&4&2320.327403906358|24430&4&3176.164486239356|24460&4&1624.7158599626944|24465&4&1400.037394265023|24470&4&668.8334379273614|24478&4&3119.7766438208164|24485&4&4652.790457463716|24489&4&815.1523402276414|24490&4&1180.6788847588768|24495&4&35.2388601112758|24511&4&0.0,2|24406&4&1244.9492823158562|24412&4&270.8435122987248|24418&4&1964.516299740902|24420&4&742.5000077314487|24423&4&3502.4271338907724|24429&4&5913.880498142587|24434&4&4010.571602628572|24449&4&833.0779198774158|24451&4&1613.91852298611|24468&4&1211.027017735577,2|24397&4&73.05088560348831|24399&4&234.97916720392172|24409&4&2387.120358464158|24411&4&350.18930036335564|24413&4&25.598542417211483|24415&4&2216.7279232237333|24440&4&981.6489580854128|24443&4&4376.0959639618|24448&4&1552.1923399355683|24450&4&3469.930291226139|24456&4&1182.8427198855693|24472&4&691.2875544891527|24489&4&1863.1278095713221|24491&4&348.38213598453325|24493&4&3859.9990079400122,2|24400&4&61.2750531968987|24402&4&1570.343887545198|24410&4&613.4980839211819|24416&4&1454.1983492846207|24435&4&859.097878116026|24462&4&1827.3313325000172|24480&4&152.45165921781427|24483&4&6494.783187224628|24489&4&169.78702203267665,2|24417&4&1360.488141497453|24422&4&400.301438195621|24431&4&662.5955073358081|24433&4&1348.5616797916323|24446&4&2134.5488785880084|24471&4&942.4952695205975|24479&4&5508.021989940104|24480&4&1097.6465880070893|24483&4&41.65134751349844|24494&4&1307.4010397791776|24495&4&805.9818312773396,2|24404&4&117.02348196530501|24410&4&912.5743577196209|24414&4&1793.570468197394|24417&4&3430.504979457002|24419&4&1261.8693790356024|24424&4&548.6450985776819|24427&4&3473.0844526354003|24431&4&6238.842361432188|24433&4&832.0351760855497|24435&4&3246.397529905713|24450&4&155.76753759368964|24459&4&2557.138635173492|24480&4&524.459311521073,2|24407&4&1151.428640566252|24411&4&1124.8228519312113|24416&4&5.892138656502091|24418&4&52.73262430707648|24439&4&1914.4653987521017|24442&4&341.13611456914373|24445&4&2426.3036141184166|24452&4&5357.927423638092|24461&4&5777.686048016523|24463&4&431.4993906381915|24467&4&2670.021065076814|24472&4&1402.980470250416|24482&4&1671.0839169283568|24486&4&2154.900840125394|24493&4&1421.848077521744,2|24400&4&10.050663464750324|24403&4&871.7765015001728|24430&4&246.39702659435056|24432&4&1297.567683041233|24438&4&1309.309468176028|24440&4&1205.4454620827019|24441&4&135.59157605202262|24450&4&1.6342482922482304E-13|24453&4&5404.1140772884955|24454&4&1404.6801263411096|24464&4&26.871804249342873|24482&4&277.7359962571876|24485&4&1337.239706796023
345|4,130,1,1,1,1,1,1,1,1,1,1,1,1,1,1,1,1,1,1,1,1,1,1,1,1,1,1,1,1,1,1,1,1,1,1,1,1,1,1,1,1,1,1,1,1,1,1,1,1,1,1,1,1,1,1,1,1,1,1,1,1,1,1,1,1,1,1,1,1,1,1,1,1,1,1,1,1,1,1,1,1,1,1,1,1,1,1,1,1,1,1,1,1,1,1,1,1,1,1,1,1,0,0,0,0,0,0,0,0,0,0,0,0,0,0,0,0,0,0,0,0,2|24398&4&0.0|24405&4&2363.511290780736|24410&4&1525.6769473569898|24426&4&194.38213056569546|24428&4&3323.675211727073|24436&4&1519.9564231032373|24448&4&221.95853106885434|24449&4&472.6948502636289|24455&4&2401.805500279935|24462&4&750.2474472403944|24470&4&424.461858095169|24471&4&457.5136228092009|24476&4&3753.1661946054946|24484&4&6728.542497237417|24487&4&18.00074731567226|24495&4&267.3588082224193,2|24397&4&1852.2392817311083|24399&4&5045.076176365218|24400&4&3225.177299676124|24401&4&1736.253917842527|24409&4&1157.8909409439525|24413&4&401.2651108158233|24418&4&1241.2402670856522|24421&4&80.39365296408464|24436&4&866.7404885043941|24451&4&1841.693937293663|24469&4&6.22316207078687|24471&4&175.8806698350036|24473&4&2582.180029908556|24476&4&1441.2202448724656|24477&4&2710.067378193702|24491&4&573.9820325463108|24492&4&7.204442601316324,2|24402&4&1651.283139934636|24403&4&235.34780912216425|24404&4&2463.0705119842005|24407&4&146.56407344648193|24408&4&896.6165811828571|24419&4&551.0630912955389|24423&4&3117.1035088779568|24430&4&3355.5549215592478|24460&4&1409.4342608706986|24465&4&1292.7313060666538|24470&4&587.0172275144739|24478&4&2809.7120939671554|24485&4&4355.3148087981435|24489&4&772.2495854788182|24490&4&1081.5503525482281|24495&4&33.165985987083104,2|24406&4&1241.2658454134569|24412&4&247.51164804169423|24418&4&2016.9315544006624|24420&4&675.4605025258384|24423&4&3020.9155056019536|24429&4&5974.385787756198|24434&4&4544.027220094924|24449&4&689.5450041752481|24451&4&1417.2152519317856|24468&4&1085.8199147480188,2|24397&4&32.75617319154901|24399&4&148.85191058781993|24409&4&2171.2018004134343|24411&4&399.6501158043613|24413&4&19.198906812908604|24415&4&2040.1969295270317|24440&4&868.2271375099838|24443&4&4058.420465022778|24448&4&1400.4404934034967|24450&4&3538.394848635448|24456&4&1116.3680878623204|24472&4&1833.4125183707831|24489&4&1690.9207545826923|24491&4&318.6633452629186|24493&4&3686.727683803138,2|24400&4&40.24634582635708|24402&4&1378.9219726737956|24410&4&530.4426113993087|24416&4&1621.8273194799137|24435&4&710.2208322153979|24462&4&1635.4238528924534|24480&4&743.9536275638909|24483&4&6513.721992704208|24489&4&161.2976709310428,2|24417&4&1152.372936563936|24422&4&371.0308249796528|24431&4&464.8211697208991|24433&4&1193.8108858740216|24446&4&1912.0696831356531|24471&4&837.0819751803408|24479&4&5297.9366002610095|24480&4&918.3092870558205|24483&4&2.7000623958883807E-13|24494&4&1368.4496038487314|24495&4&705.5460862436231,2|24404&4&54.90545642582939|24410&4&848.1809094134528|24414&4&1635.4171316662046|24417&4&3645.1926479785798|24419&4&1170.6736101368322|24424&4&475.62741141768845|24427&4&3809.6879701840257|24431&4&7006.341738350508|24433&4&892.7528868493176|24435&4&3249.309639890055|24450&4&99.71534088325166|24459&4&2324.8656785290527|24480&4&489.72527511572423,2|24407&4&1042.2426848523355|24411&4&1043.1165637486267|24416&4&0.0|24418&4&19.12131177089444|24439&4&1731.5519331013827|24442&4&303.21378829514896|24445&4&2675.482368458478|24452&4&5804.12752635368|24461&4&5595.732069576821|24463&4&407.5272022694031|24467&4&3014.6210315269877|24472&4&1193.3019810248643|24477&4&109.67282671553244|24482&4&1443.7974223408883|24486&4&3217.052919042219|24493&4&1242.808290493038,2|24400&4&6.750155989720952E-14|24403&4&820.2363231043681|24430&4&175.52327676464753|24432&4&1213.808032616322|24438&4&1362.9669971818712|24440&4&1332.2700827023998|24441&4&126.36292273854875|24453&4&5196.778602426165|24454&4&1644.0805724270656|24464&4&25.528214036875728|24482&4&865.9917791247915|24485&4&1144.832711888701
346|4,130,1,1,1,1,1,1,1,1,1,1,1,1,1,1,1,1,1,1,1,1,1,1,1,1,1,1,1,1,1,1,1,1,1,1,1,1,1,1,1,1,1,1,1,1,1,1,1,1,1,1,1,1,1,1,1,1,1,1,1,1,1,1,1,1,1,1,1,1,1,1,1,1,1,1,1,1,1,1,1,1,1,1,1,1,1,1,1,1,1,1,1,1,1,1,1,1,1,1,1,1,0,0,0,0,0,0,0,0,0,0,0,0,0,0,0,0,0,0,0,0,2|24405&4&2163.120367332935|24410&4&1435.0864657078953|24426&4&285.557961520724|24428&4&3156.989294926909|24436&4&1431.8683008720197|24448&4&209.7872321756612|24449&4&569.8621297242307|24455&4&2385.0685573598066|24462&4&704.420204663609|24470&4&392.7076066713543|24471&4&431.02875438497915|24476&4&3613.9338242693716|24484&4&6151.514470316833|24487&4&16.875700608442745|24495&4&248.2617504922465,2|24397&4&1921.671072249182|24399&4&4644.136984104782|24400&4&2900.3751020287764|24401&4&1591.3491314259354|24409&4&1673.7271997345645|24413&4&355.22850860576773|24418&4&1077.1339797986489|24421&4&76.3739703158804|24436&4&767.020416576015|24451&4&2081.170632970465|24469&4&4.148774713857911|24471&4&163.1442301047528|24473&4&2355.564263043171|24476&4&1308.0812750430703|24477&4&2416.4114368660303|24491&4&482.1228961248165|24492&4&6.403948978947843,2|24402&4&2147.9653609846255|24403&4&193.456957230944|24404&4&2731.267687167736|24407&4&429.6328169818995|24408&4&1103.5500544231872|24419&4&404.79435477551414|24423&4&4140.469985095524|24430&4&3703.7877697833046|24460&4&1392.8215215755656|24465&4&1285.3572640648194|24470&4&505.20101710158633|24478&4&3001.5835108975434|24485&4&4174.032423051947|24489&4&729.346830729995|24490&4&988.5300772956537|24495&4&31.09311186289041,2|24406&4&1352.2589000017265|24412&4&286.89070603704096|24418&4&2362.9757199544088|24420&4&608.420997320228|24423&4&2582.762678492369|24429&4&5965.845250781828|24434&4&4556.997524486878|24449&4&565.377926161086|24451&4&1226.0274655686394|24468&4&966.9383975455979,2|24397&4&0.0|24399&4&90.60916610676102|24409&4&1955.2832423627106|24411&4&384.91286702727245|24413&4&12.799271208605722|24415&4&1863.6659358303295|24440&4&771.3572779365454|24443&4&5080.7722026318315|24448&4&1248.6886468714251|24450&4&3286.014902642005|24456&4&1219.7431694036204|24472&4&1723.3412658931284|24489&4&1518.7136995940618|24491&4&288.94455454130394|24493&4&4466.440523034099,2|24400&4&19.217638455815457|24402&4&1214.1544228916591|24410&4&447.38713887743546|24416&4&1942.1707430096344|24435&4&587.1196933078405|24462&4&1443.51637328489|24480&4&909.9343154953457|24483&4&6035.496993911349|24489&4&152.80831982940896,2|24417&4&963.4257427957057|24422&4&341.76021176368454|24431&4&318.5647294606215|24433&4&1039.0600919564104|24446&4&1689.5904876832976|24471&4&734.269422616916|24479&4&4961.319638490748|24480&4&759.3802776397716|24494&4&1236.2639244008249|24495&4&666.7268733135938,2|24404&4&22.401991592317902|24410&4&783.7874611072848|24414&4&1541.6086798450697|24417&4&4140.111932553802|24419&4&1278.1819494040099|24424&4&720.2273859324971|24427&4&3510.949723629762|24431&4&7126.083431303845|24433&4&1235.237414340525|24435&4&3156.531135228962|24450&4&59.601925931457416|24459&4&2092.5927218846136|24480&4&454.99123871037546|24488&4&252.65631393973507,2|24407&4&933.0567291384189|24411&4&964.0315852205881|24418&4&-8.526512829121202E-14|24439&4&1548.6384674506637|24442&4&265.2914620211542|24445&4&2479.3974707433968|24452&4&5415.402648578214|24461&4&5144.625652178778|24463&4&383.5550139006147|24467&4&2768.443912524598|24472&4&1034.1392758136667|24477&4&404.61377382697697|24482&4&1266.4582910634563|24486&4&3398.086479240897|24493&4&1063.7685034643316,2|24403&4&768.6961447085635|24430&4&115.81740534127432|24432&4&1130.0483821914106|24438&4&0.0|24440&4&1254.287544038381|24441&4&117.13426942507489|24453&4&5340.703939749238|24454&4&2400.939383808769|24464&4&24.184623824408582|24482&4&1448.0915475098138|24485&4&977.480785919107
347|4,130,1,1,1,1,1,1,1,1,1,1,1,1,1,1,1,1,1,1,1,1,1,1,1,1,1,1,1,1,1,1,1,1,1,1,1,1,1,1,1,1,1,1,1,1,1,1,1,1,1,1,1,1,1,1,1,1,1,1,1,1,1,1,1,1,1,1,1,1,1,1,1,1,1,1,1,1,1,1,1,1,1,1,1,1,1,1,1,1,1,1,1,1,1,1,1,1,1,1,1,1,0,0,0,0,0,0,0,0,0,0,0,0,0,0,0,0,0,0,0,0,2|24398&4&10.184645662829606|24405&4&1962.7294438851336|24410&4&1766.6245627528942|24426&4&919.1524969057281|24428&4&3390.626255202348|24436&4&1810.0082873550152|24448&4&197.615933282468|24449&4&788.9781979281132|24455&4&2618.192928666308|24462&4&895.04635277298|24470&4&360.9533552475396|24471&4&404.5438859607574|24476&4&3685.5567780327488|24484&4&5817.425382909593|24487&4&15.75065390121323|24495&4&229.16469276207368,2|24397&4&1789.5563371230503|24399&4&4649.127710549129|24400&4&2806.8722337571553|24401&4&1446.4443450093436|24409&4&1796.9570258820784|24413&4&638.5485466899167|24418&4&913.0276925116452|24421&4&72.35428766767616|24436&4&667.3003446476357|24451&4&1955.7684050664936|24469&4&0.0|24471&4&150.40779037450204|24473&4&2128.9484961777853|24476&4&1174.942305213675|24477&4&2135.561206086723|24491&4&390.2637597033221|24492&4&5.603455356579363,2|24402&4&2208.570755981317|24403&4&151.56610533972378|24404&4&2531.457129585566|24407&4&591.1213810682481|24408&4&1112.4899137458035|24419&4&263.4864813603403|24423&4&5229.572357386467|24430&4&3392.9933460460684|24460&4&2236.0425711940165|24465&4&1674.2654617196895|24470&4&423.3848066886988|24478&4&3201.2697671996375|24485&4&4247.693007049847|24489&4&686.4440759811717|24490&4&895.5098020430792|24495&4&29.020237738697716,2|24406&4&1388.5541748021137|24412&4&275.4259892892801|24418&4&2726.7853850085376|24420&4&541.3814921146178|24423&4&2198.2095473568597|24429&4&5484.414808968378|24434&4&4135.559737850957|24449&4&452.81207428491365|24451&4&1050.5084078585865|24468&4&848.0568803431772,2|24399&4&34.3334644694583|24409&4&1739.3646843119866|24411&4&362.0334737636608|24413&4&6.399635604302841|24415&4&1687.134942133628|24440&4&674.487418363107|24443&4&5456.42760440187|24448&4&1096.9368003393538|24450&4&3181.6913510139934|24456&4&1206.591458913857|24472&4&1735.7429849882717|24489&4&1346.5066446054318|24491&4&259.2257638196893|24493&4&4562.709534488664,2|24400&4&1.9083234953146224|24402&4&1072.9042707665944|24410&4&364.3316663555622|24416&4&1831.4448474852056|24435&4&470.90571347636615|24462&4&1251.6088936773263|24480&4&1320.7415062825262|24483&4&5982.507945113196|24489&4&525.8307200580801,2|24417&4&821.0533586362765|24422&4&312.4895985477162|24431&4&197.44250261463372|24433&4&1085.9504329622514|24446&4&1597.0858044545746|24471&4&631.4568700534912|24479&4&5037.573530530206|24480&4&604.7778465780916|24494&4&1104.0782449529186|24495&4&1029.620846586542,2|24404&4&11.200995796158985|24410&4&719.3940128011167|24414&4&1589.8037416219656|24417&4&3869.5927938465015|24419&4&1844.3583961459613|24424&4&1119.9359687047358|24427&4&3212.211477075498|24431&4&7459.707955286081|24433&4&1158.7516147757206|24435&4&3909.2935449519614|24450&4&19.488510979663175|24459&4&2250.4775109276643|24480&4&420.2572023050267|24488&4&281.8984759653521,2|24407&4&843.8138770233122|24411&4&890.386709911377|24439&4&1365.7250017999452|24442&4&227.3691357471594|24445&4&2260.2504735423877|24452&4&5816.097005995379|24461&4&5243.834399351512|24463&4&359.5828255318263|24467&4&2522.2667935222084|24472&4&874.9765706024691|24477&4&1060.2198739279438|24482&4&1109.5300882397057|24486&4&3138.6730026967716|24493&4&918.4501293618247,2|24403&4&717.1559663127591|24427&4&236.83720250961005|24430&4&71.98672038228612|24432&4&1046.2887317664995|24434&4&448.58363725404433|24438&4&560.8287872269084|24440&4&1196.8542184573773|24441&4&107.90561611160103|24453&4&5684.81735788133|24454&4&2281.3764212327824|24464&4&22.841033611941437|24482&4&1899.5007579063347|24485&4&810.1288599495131
348|4,130,1,1,1,1,1,1,1,1,1,1,1,1,1,1,1,1,1,1,1,1,1,1,1,1,1,1,1,1,1,1,1,1,1,1,1,1,1,1,1,1,1,1,1,1,1,1,1,1,1,1,1,1,1,1,1,1,1,1,1,1,1,1,1,1,1,1,1,1,1,1,1,1,1,1,1,1,1,1,1,1,1,1,1,1,1,1,1,1,1,1,1,1,1,1,1,1,1,1,1,1,0,0,0,0,0,0,0,0,0,0,0,0,0,0,0,0,0,0,0,0,2|24398&4&9.675413379688125|24405&4&2037.1604019714684|24410&4&1860.738266119943|24426&4&1006.1501724615824|24428&4&3135.301159601583|24436&4&2000.9870146648261|24447&4&43.7990000124275|24448&4&185.44463438927485|24449&4&1280.4288995924087|24455&4&2420.901937003063|24462&4&1107.8998362126226|24470&4&329.1991038237249|24471&4&378.0590175365357|24476&4&3978.3590546401274|24484&4&5624.929765232899|24487&4&14.625607193983715|24495&4&210.06763503190086,2|24397&4&1633.218951194946|24399&4&5239.900527380534|24400&4&2470.5050696410212|24401&4&1309.505079939379|24409&4&1675.398885212999|24413&4&810.7283973140677|24418&4&755.6739723442248|24421&4&134.55335623250173|24436&4&580.1662196340557|24451&4&1830.366177162522|24471&4&137.67135064425125|24473&4&2018.1654541795415|24476&4&1041.8033353842795|24477&4&1870.8394040027206|24491&4&299.27490204950914|24492&4&0.0,2|24402&4&2081.0586712705963|24403&4&111.37777150957825|24404&4&2628.989153395604|24407&4&559.5488054488952|24408&4&1081.4567251899284|24419&4&188.3580204153773|24423&4&5314.17848830756|24430&4&3395.799903843666|24460&4&2321.0719145022385|24465&4&1570.4751560959337|24470&4&341.73497930742616|24478&4&3875.9121439494584|24485&4&4041.8058665956087|24489&4&643.5413212323485|24490&4&802.4895267905048|24495&4&26.947363614505022,2|24406&4&1655.9652671423992|24412&4&307.8523874737939|24418&4&2868.6525769799173|24420&4&474.3419869090076|24423&4&1851.1767527415625|24429&4&5002.984367154927|24434&4&3729.2475657553377|24449&4&346.13746828632105|24451&4&884.8052004059517|24468&4&729.1753631407566,2|24399&4&1.7053025658242404E-13|24409&4&1523.4461262612626|24411&4&339.1540805000491|24413&4&-4.085620730620576E-14|24415&4&1881.0463626096446|24440&4&577.6175587896687|24443&4&5381.654464075022|24448&4&945.1849538072822|24450&4&3770.5598835643696|24456&4&1128.533570851795|24472&4&1752.2078911346814|24489&4&1175.7818915488106|24491&4&586.4732190110923|24493&4&4468.700183153238,2|24400&4&0.0|24402&4&933.1703090155512|24410&4&297.830994304893|24416&4&1721.0011408332348|24435&4&381.2383958338261|24462&4&1068.6053707222745|24480&4&1901.0584217402347|24483&4&6204.670440034921|24489&4&993.2646836376096,2|24417&4&701.0046121457165|24422&4&283.21898533174794|24431&4&126.79177303173992|24433&4&937.8197474337628|24446&4&2034.508545819722|24471&4&528.6443174900666|24479&4&5337.158788163008|24480&4&472.0727075306956|24494&4&971.8925655050122|24495&4&1067.1623558812012,2|24404&4&6.750155989720952E-14|24410&4&655.0005644949485|24414&4&1629.67920932556|24417&4&3595.9440868681754|24419&4&2389.5787420584707|24424&4&1163.0203111077658|24427&4&2913.473230521233|24431&4&6918.074334856481|24433&4&1082.265815210916|24435&4&3644.662946456543|24450&4&-8.526512829121202E-14|24459&4&2319.1344741635858|24480&4&385.52316589967785|24488&4&267.1719113822351,2|24407&4&765.179413087587|24411&4&816.7418346021658|24437&4&529.4251914551113|24439&4&1508.5312746420448|24442&4&486.04908214793926|24445&4&2333.4129185752327|24452&4&5577.018010865078|24461&4&5586.7216477713855|24463&4&335.6106371630379|24467&4&2336.634680627292|24472&4&715.8138653912715|24477&4&1446.1806140713588|24482&4&966.476876659717|24486&4&2879.2595261526462|24493&4&778.0572675832528,2|24403&4&1382.0945932361615|24427&4&698.4088636561047|24430&4&30.686310385253584|24432&4&962.5290813415883|24434&4&671.9627678632365|24438&4&532.787347865563|24440&4&1117.8442191392076|24441&4&464.16963329363125|24453&4&6222.987911073912|24454&4&2221.8363541672825|24464&4&21.497443399474292|24482&4&1873.0741083006515|24485&4&642.776933979919
349|4,130,1,1,1,1,1,1,1,1,1,1,1,1,1,1,1,1,1,1,1,1,1,1,1,1,1,1,1,1,1,1,1,1,1,1,1,1,1,1,1,1,1,1,1,1,1,1,1,1,1,1,1,1,1,1,1,1,1,1,1,1,1,1,1,1,1,1,1,1,1,1,1,1,1,1,1,1,1,1,1,1,1,1,1,1,1,1,1,1,1,1,1,1,1,1,1,1,1,1,1,1,0,0,0,0,0,0,0,0,0,0,0,0,0,0,0,0,0,0,0,0,2|24398&4&9.166181096546644|24405&4&2346.7912220224985|24410&4&1747.3384806960685|24426&4&933.601017769653|24428&4&2894.673808763529|24436&4&1874.4685742490608|24447&4&41.609050011806126|24448&4&173.2733354960817|24449&4&1563.3625403990786|24455&4&2237.9691980409834|24462&4&1296.282211934474|24470&4&297.4448523999102|24471&4&351.574149112314|24476&4&3757.9778306684384|24484&4&5338.3470648026305|24487&4&13.5005604867542|24495&4&190.97057730172804,2|24397&4&1476.8815652668418|24399&4&5676.151760630715|24400&4&2976.6932180077592|24401&4&1274.1914069562965|24409&4&1553.8407445439193|24413&4&1178.770227102243|24418&4&622.1090469609285|24421&4&127.22273602364601|24436&4&503.9003155846961|24451&4&2252.7471521031785|24471&4&124.93491091400047|24473&4&2511.802428749489|24476&4&908.6643655548843|24477&4&1634.707240935384|24491&4&222.0141098675852,2|24402&4&2294.18394112455|24403&4&94.83405922643756|24404&4&2414.3114667438235|24407&4&527.9762298295423|24408&4&1046.2498188519464|24419&4&127.08445473457752|24423&4&4999.340581019336|24430&4&3592.0755257188903|24460&4&2091.705878377781|24465&4&1465.424429977992|24470&4&260.08515192615357|24478&4&4000.19597368077|24485&4&4003.6034629559495|24489&4&600.6385664835253|24490&4&709.4692515379302|24495&4&24.874489490312328,2|24406&4&2118.300694540118|24412&4&285.60605627690524|24418&4&2827.1659668995135|24420&4&419.3788504397378|24423&4&1539.752906504048|24429&4&4521.5539253414745|24434&4&3357.8933595144654|24449&4&252.92412203628862|24451&4&719.101992953317|24468&4&610.293845938336,2|24409&4&1307.5275682105391|24411&4&316.2746872364374|24415&4&1818.912121565369|24440&4&480.74769921623056|24443&4&4902.3613920450725|24448&4&793.4331072752109|24450&4&4008.6897993802677|24456&4&1050.4756827897331|24472&4&1629.3799997182512|24489&4&1019.3612161764099|24491&4&538.9061159938267|24493&4&4148.720309470263|24511&4&134.92250148492985,2|24402&4&793.4363472645081|24410&4&258.59755215638876|24416&4&1611.143750100191|24435&4&291.5710781912857|24462&4&922.9940424058375|24480&4&2524.869250056748|24483&4&6026.713827632979|24489&4&1163.7973784676178,2|24417&4&580.9558656551563|24422&4&253.94837211577965|24431&4&93.123492489189|24433&4&789.689061905274|24443&4&1221.1403811526734|24446&4&2340.508036005329|24471&4&425.83176492664177|24479&4&5849.636626504085|24480&4&358.3565629454223|24494&4&839.7068860571057|24495&4&966.5627423504748,2|24410&4&590.6071161887804|24414&4&2295.4415555806463|24417&4&3322.2953798898493|24419&4&2387.073989043567|24424&4&1751.6481028068692|24427&4&2637.454230938548|24431&4&6376.440714426881|24433&4&1005.7800156461113|24435&4&3380.0323479611247|24459&4&2886.4973684221604|24480&4&350.7891294943291|24488&4&488.6732545556062,2|24407&4&686.5449491518616|24411&4&743.0969592929547|24437&4&502.95393188235573|24439&4&2270.5447922431167|24442&4&433.29664224020576|24445&4&2109.9539861916346|24452&4&5467.248723360804|24461&4&5698.055499056374|24463&4&412.8560974273812|24467&4&2338.8771115450427|24472&4&563.9049324109851|24477&4&2412.4286388712253|24482&4&837.6257674534608|24486&4&3037.5637311111204|24493&4&653.0813233483696,2|24403&4&1377.0690058104506|24427&4&662.8963274670255|24430&4&1.6342482922482304E-13|24432&4&878.7694309166773|24434&4&637.2431703769396|24438&4&504.7459085042176|24440&4&1038.834219821038|24441&4&0.0|24453&4&7029.209140180061|24454&4&2724.4775331344354|24460&4&531.5501335339371|24464&4&20.153853187007147|24482&4&1766.7913411918098|24485&4&475.425008010325
350|4,130,1,1,1,1,1,1,1,1,1,1,1,1,1,1,1,1,1,1,1,1,1,1,1,1,1,1,1,1,1,1,1,1,1,1,1,1,1,1,1,1,1,1,1,1,1,1,1,1,1,1,1,1,1,1,1,1,1,1,1,1,1,1,1,1,1,1,1,1,1,1,1,1,1,1,1,1,1,1,1,1,1,1,1,1,1,1,1,1,1,1,1,1,1,1,1,1,1,1,1,1,0,0,0,0,0,0,0,0,0,0,0,0,0,0,0,0,0,0,0,0,2|24398&4&8.656948813405164|24405&4&2835.2312328963244|24410&4&1624.9216566218536|24426&4&1014.8778074694548|24428&4&2686.5524494707365|24436&4&1747.9501338332952|24447&4&39.41910001118475|24448&4&1350.9351614514032|24449&4&1850.7049794585325|24455&4&2679.0155064994237|24462&4&1779.7623115441706|24470&4&265.6906009760955|24471&4&565.1644498284502|24476&4&3461.2473351752933|24484&4&6046.929950106458|24487&4&0.0|24488&4&21.2694719641193|24495&4&171.87351957155522,2|24397&4&1320.5441793387376|24399&4&6153.4559094823235|24400&4&3824.629911418681|24401&4&1133.30424584647|24409&4&1432.28260387484|24413&4&1085.7186639471845|24418&4&500.31059181422984|24421&4&119.89211581479029|24436&4&427.63441153533654|24451&4&2402.9334397282264|24471&4&112.19847118374969|24473&4&2642.7015745507997|24476&4&775.5253957254889|24477&4&1432.8656800941417|24491&4&144.7533176856614,2|24402&4&2471.645816847672|24403&4&78.29034694329661|24404&4&2203.8126305729957|24407&4&496.40365421018953|24408&4&0.0|24419&4&65.81088905377784|24423&4&4688.473667811313|24430&4&3468.363001192746|24460&4&1901.3408219158018|24465&4&1360.3737038600505|24470&4&178.43532454488093|24478&4&4521.905831234008|24485&4&5295.244318859591|24489&4&557.7358117347021|24490&4&616.4489762853557|24495&4&22.801615366119634,2|24406&4&2408.2436438709847|24412&4&263.3597250800166|24418&4&3026.6396890528804|24420&4&351.7355267973105|24423&4&1229.9863498434788|24429&4&4040.123483528024|24434&4&2986.539153273592|24449&4&190.0951829415501|24451&4&567.8828041639188|24468&4&504.51672044565794|24470&4&179.15489084564058,2|24409&4&1091.6090101598152|24411&4&293.39529397282575|24415&4&1789.8835788862805|24440&4&383.87783964279225|24443&4&4466.061207162218|24448&4&641.6812607431393|24450&4&3709.5896852296187|24456&4&972.4177947276711|24472&4&1506.552108301821|24489&4&871.2848637816053|24491&4&491.3390129765612|24493&4&4290.635924151806|24511&4&289.03245424598094,2|24402&4&664.7989738102035|24410&4&219.36411000788462|24416&4&1501.2863593671473|24435&4&201.90376054874542|24462&4&777.3827140893998|24480&4&3160.867385711553|24483&4&6083.360949856883|24489&4&1216.1115135267432,2|24417&4&460.9071191645963|24422&4&224.67775889981147|24431&4&59.45521194663834|24433&4&641.5583763767852|24443&4&1558.937010700401|24444&4&394.88944809739|24446&4&2842.279030282607|24471&4&323.01921236321704|24479&4&6028.548415838823|24480&4&281.0658373896638|24494&4&1129.9478780016518|24495&4&865.9631288197486,2|24410&4&526.2136678826123|24414&4&2233.753569277177|24417&4&3048.646672911524|24419&4&2610.7271225015556|24424&4&2019.777518356907|24427&4&2361.435231355863|24431&4&5834.807093997278|24433&4&929.2942160813069|24435&4&3115.4017494657055|24459&4&2749.3167167249467|24480&4&316.0550930889803|24488&4&462.13529458466485,2|24407&4&607.9104852161363|24411&4&669.4520839837436|24437&4&476.48267230960016|24439&4&2378.8067638158036|24442&4&392.9536002467679|24445&4&2001.8320667821965|24452&4&5176.801603750128|24461&4&6024.334970136866|24463&4&383.8230266269362|24467&4&2176.3654847028492|24472&4&411.9959994306987|24477&4&3004.8463701120836|24482&4&708.7746582472043|24486&4&3363.7258925000856|24493&4&528.1053791134864,2|24403&4&1285.5879605868831|24427&4&627.3837912779462|24432&4&795.009780491766|24434&4&897.9282029018959|24438&4&476.7044691428722|24440&4&959.8242205028685|24453&4&7141.1296070344315|24454&4&2560.449366346109|24460&4&1350.2486045849691|24464&4&18.810262974540002|24482&4&1697.59458923207|24485&4&308.0730820407309
351|4,130,1,1,1,1,1,1,1,1,1,1,1,1,1,1,1,1,1,1,1,1,1,1,1,1,1,1,1,1,1,1,1,1,1,1,1,1,1,1,1,1,1,1,1,1,1,1,1,1,1,1,1,1,1,1,1,1,1,1,1,1,1,1,1,1,1,1,1,1,1,1,1,1,1,1,1,1,1,1,1,1,1,1,1,1,1,1,1,1,1,1,1,1,1,1,1,1,1,1,1,1,0,0,0,0,0,0,0,0,0,0,0,0,0,0,0,0,0,0,0,0,2|24398&4&8.147716530263683|24405&4&2915.7733282259705|24408&4&191.58032163001369|24410&4&1502.5048325476382|24426&4&1023.9797269543919|24428&4&2444.2997990554195|24436&4&1621.4316934175304|24447&4&37.22915001056338|24448&4&1481.3724378644747|24449&4&2061.121088569017|24455&4&2742.8417592972105|24462&4&2270.7521824959776|24470&4&233.93634955228077|24471&4&895.8909892919922|24475&4&0.0|24476&4&3164.516839682148|24484&4&6742.674117244384|24488&4&20.205998365913334|24495&4&152.7764618413824,2|24397&4&1569.8376429649288|24399&4&6221.644890516994|24400&4&3795.6680332344213|24401&4&1340.647242505538|24409&4&1794.477525011874|24413&4&992.6671007921259|24418&4&398.6366718254911|24421&4&112.56149560593457|24436&4&351.36850748597715|24451&4&2490.6520906341248|24471&4&99.46203145349891|24473&4&2385.183230312212|24476&4&642.3864258960936|24477&4&1256.6847453808214|24491&4&67.4925255037376|24492&4&27.6933765046827,2|24402&4&2311.0015730006144|24403&4&61.746634660155664|24404&4&2385.4426584982502|24407&4&474.13746074376337|24419&4&21.465722616500553|24423&4&5277.814318334405|24430&4&3768.374109455438|24460&4&1731.905663368963|24465&4&1255.3229777421086|24470&4&110.14265504511567|24478&4&4171.507272619094|24485&4&5776.48630651463|24489&4&514.8330569858789|24490&4&523.4287010327812|24495&4&20.72874124192694,2|24406&4&2239.016459264409|24412&4&275.9457121949847|24418&4&2858.863395624104|24420&4&509.4785674919829|24423&4&938.2274978547229|24429&4&3558.6930417145727|24434&4&2618.236456187596|24449&4&137.78786364187485|24451&4&436.1554956173353|24456&4&168.04870888544838|24468&4&1369.2965737340203|24470&4&729.8239907387614,2|24409&4&875.6904521090916|24411&4&270.515900709214|24415&4&1935.959592229843|24440&4&287.00798006935395|24443&4&4059.5502778249474|24448&4&540.0101332113848|24450&4&3410.4895710789683|24456&4&894.3599066656091|24472&4&1668.2863767201472|24489&4&732.8662183325558|24491&4&1255.044352914452|24493&4&4651.670654575504|24511&4&412.2627264736547,2|24402&4&542.78852237832|24410&4&180.13066785938042|24416&4&1391.4289686341035|24435&4&112.23644290620513|24462&4&635.4337290873721|24480&4&3022.7799151787594|24483&4&5437.019456736477|24489&4&1601.429919780356,2|24417&4&340.8583726740362|24422&4&0.0|24431&4&25.78693140408769|24433&4&500.9090196779067|24443&4&1961.2956714517031|24444&4&0.0|24446&4&2989.2391427572184|24471&4&220.20665979979225|24479&4&5690.7214728282215|24480&4&228.68454157704787|24494&4&1211.346650204456|24495&4&765.3635152890222,2|24410&4&461.8202195764443|24414&4&2074.9224769436305|24417&4&3152.0021714347254|24419&4&2724.314658232048|24424&4&1936.5574360972598|24427&4&2085.4162317731775|24431&4&5293.173473567678|24433&4&852.8084165165023|24435&4&3384.192896745097|24459&4&2622.8968929671137|24480&4&281.32105668363147|24488&4&435.5973346137235,2|24402&4&297.06677772020885|24407&4&529.276021280411|24411&4&595.8072086745324|24437&4&885.6270202854345|24439&4&2173.46820560641|24442&4&352.61055825333017|24445&4&1830.480064514004|24452&4&4833.888541016329|24461&4&5907.158513978653|24463&4&354.7899558264912|24467&4&1909.6255212599674|24472&4&262.7354624307601|24477&4&3168.9968182501807|24478&4&289.65690671736206|24482&4&579.923549040948|24486&4&3450.644555863135|24493&4&413.8471719238495,2|24403&4&1194.1069153633155|24427&4&591.871255088867|24432&4&711.2501300668548|24434&4&848.4383739150363|24438&4&448.6630297815268|24440&4&1230.36002001095|24453&4&7395.162394378822|24454&4&2324.5163053499277|24460&4&1963.9605979759344|24464&4&17.466672762072857|24482&4&2098.3149093983916|24485&4&185.87161841291214
352|4,130,1,1,1,1,1,1,1,1,1,1,1,1,1,1,1,1,1,1,1,1,1,1,1,1,1,1,1,1,1,1,1,1,1,1,1,1,1,1,1,1,1,1,1,1,1,1,1,1,1,1,1,1,1,1,1,1,1,1,1,1,1,1,1,1,1,1,1,1,1,1,1,1,1,1,1,1,1,1,1,1,1,1,1,1,1,1,1,1,1,1,1,1,1,1,1,1,1,1,1,1,0,0,0,0,0,0,0,0,0,0,0,0,0,0,0,0,0,0,0,0,2|24398&4&7.638484247122203|24405&4&2703.1982155109827|24408&4&182.001305548513|24410&4&1380.0880084734233|24426&4&1080.641607994969|24428&4&2683.6127918818274|24436&4&1494.913253001765|24447&4&0.0|24448&4&1725.185394360452|24449&4&2124.116293787217|24455&4&2546.3101812243117|24462&4&2128.041351085886|24470&4&202.18209812846607|24471&4&1804.8354821457756|24476&4&3769.4202995955056|24484&4&6902.876872896196|24488&4&659.8067591997315|24495&4&133.67940411120958,2|24397&4&1573.2839425105567|24399&4&6132.671117824714|24400&4&3998.167622555129|24401&4&1787.3569341726907|24409&4&3106.0833538722513|24413&4&899.6155376370673|24418&4&296.9627518367521|24421&4&105.23087539707885|24427&4&11.275352033420177|24436&4&275.10260343661764|24451&4&2309.9288726675763|24471&4&86.72559172324813|24473&4&2128.8251537301894|24476&4&509.24745606669825|24477&4&1109.1052632245094|24491&4&14.82451063111543|24492&4&26.308707679448563,2|24402&4&2150.3573291535563|24403&4&52.92568685156196|24404&4&2497.6987696886727|24407&4&442.09956601676413|24419&4&1.7763568394002505E-13|24423&4&6419.039441831552|24430&4&4099.469249431744|24460&4&1584.9567414199273|24465&4&1150.272251624167|24470&4&55.30022010313067|24478&4&3829.3473537556683|24485&4&5905.736324796651|24489&4&471.9303022370557|24490&4&430.40842578020664|24495&4&18.655867117734246,2|24406&4&2109.9659576431573|24412&4&255.50029770508252|24418&4&3519.981856262192|24420&4&445.532568753227|24423&4&683.4263201027226|24429&4&4289.463400169862|24434&4&2266.7339126860757|24441&4&121.17843256751773|24449&4&112.58846484227458|24451&4&315.86915092483895|24456&4&177.9193258518995|24468&4&1466.404895129938|24470&4&915.4344893026745,2|24409&4&659.7718940583677|24411&4&247.63650744560235|24415&4&2206.2338400097783|24440&4&203.62033916846784|24443&4&3660.956786981623|24448&4&442.7579040909865|24450&4&3325.992280768828|24456&4&816.302018603547|24472&4&2283.4838521603565|24489&4&608.9565560918505|24491&4&1656.582247970637|24493&4&4273.390537548058|24511&4&390.57283744795905,2|24402&4&424.886015801628|24410&4&140.89722571087628|24416&4&1281.5715779010598|24435&4&39.62618501392471|24462&4&525.1250711190223|24480&4&2842.399306059415|24483&4&6082.174762881094|24489&4&1912.5421915658042,2|24417&4&230.51881597490555|24431&4&1.6342482922482304E-13|24433&4&688.2852632299067|24443&4&1857.7074682632012|24444&4&45.439778741614504|24446&4&2742.637250365282|24471&4&125.1124172935838|24479&4&5454.965532104366|24480&4&177.85357229715413|24494&4&1338.977710268958|24495&4&964.6497277557365,2|24410&4&397.42677127027616|24414&4&1916.0913846100848|24417&4&3455.2167725560507|24419&4&3036.3446274199982|24424&4&1819.9125629136174|24427&4&1809.3972321904926|24431&4&4919.541598662568|24433&4&776.3226169516978|24435&4&3702.638104739807|24459&4&2678.693411510579|24480&4&246.5870202782827|24488&4&409.05937464278213,2|24402&4&801.5894941176442|24407&4&450.6415573446857|24411&4&522.1623333653213|24437&4&1076.1937040559512|24439&4&1972.3489245038209|24442&4&312.2675162598924|24445&4&2246.3535857509532|24452&4&4856.004219829088|24461&4&5673.257946702535|24463&4&325.75688502604623|24467&4&1642.8855578170862|24472&4&151.73769562110763|24477&4&2988.0683983950125|24478&4&275.17406138149397|24482&4&479.5142659154801|24486&4&3195.2397319161037|24493&4&341.6176464472669,2|24403&4&1102.6258701397478|24427&4&556.3587188997876|24432&4&627.4904796419436|24434&4&798.9485449281767|24438&4&420.6215904201814|24440&4&2027.0948996631691|24453&4&6956.507274430574|24454&4&2658.019711994702|24460&4&1860.9916274651482|24464&4&16.123082549605712|24482&4&1964.7349721304643|24485&4&107.43707597031815
353|4,130,1,1,1,1,1,1,1,1,1,1,1,1,1,1,1,1,1,1,1,1,1,1,1,1,1,1,1,1,1,1,1,1,1,1,1,1,1,1,1,1,1,1,1,1,1,1,1,1,1,1,1,1,1,1,1,1,1,1,1,1,1,1,1,1,1,1,1,1,1,1,1,1,1,1,1,1,1,1,1,1,1,1,1,1,1,1,1,1,1,1,1,1,1,1,1,1,1,1,1,1,0,0,0,0,0,0,0,0,0,0,0,0,0,0,0,0,0,0,0,0,2|24398&4&7.129251963980723|24405&4&2490.6231027959957|24408&4&172.4222894670123|24410&4&1257.671184399208|24426&4&1013.1604177373725|24428&4&2440.7044274948194|24436&4&1368.3948125859997|24448&4&1881.8370834479733|24449&4&2015.6290993575574|24455&4&2349.7786031514133|24462&4&1985.330519675794|24470&4&170.42784670465136|24471&4&2008.921464550866|24476&4&4610.0472219298745|24481&4&94.79534791001575|24484&4&6331.397406133185|24488&4&0.0|24495&4&114.58234638103676,2|24397&4&1424.2528002453976|24399&4&5627.166245043419|24400&4&4183.462417923781|24401&4&1807.262643255009|24409&4&3671.6355258553203|24413&4&851.6329162663553|24418&4&222.2068428836578|24421&4&97.90025518822313|24427&4&804.2898631930785|24436&4&198.83669938725814|24451&4&2573.0327686274645|24471&4&73.98915199299734|24473&4&2004.7294247813638|24476&4&376.10848623730294|24477&4&961.5257810681971|24491&4&-5.6843418860808015E-14|24492&4&129.55795898407845,2|24402&4&1989.713085306498|24403&4&44.104739042968305|24404&4&2296.16394365215|24407&4&410.061671289765|24423&4&7902.430727036659|24430&4&4468.840921108061|24460&4&1438.007819470892|24465&4&1045.2215255062254|24470&4&24.890496344445665|24478&4&3487.1874348922424|24485&4&5784.122243809334|24489&4&429.02754748823247|24490&4&337.38815052763215|24495&4&16.582992993541552,2|24406&4&2190.6228121910062|24412&4&235.0548832151804|24418&4&4060.291232945844|24420&4&419.36729475622354|24423&4&489.0056797061245|24429&4&3769.261671189476|24434&4&1927.3531863847134|24441&4&115.11951093914185|24449&4&98.51490673699031|24451&4&202.12021909109444|24456&4&168.6032377870909|24468&4&1428.6528869552767|24470&4&1104.3642908146628,2|24409&4&490.46437778118263|24411&4&224.75711418199066|24415&4&2808.9741452579156|24440&4&133.9279031586966|24443&4&3262.363296138299|24448&4&377.84923910664753|24450&4&3294.6114383695376|24456&4&738.244130541485|24472&4&2958.203346994428|24489&4&508.8035093929119|24491&4&1876.567105804598|24493&4&3895.110420520611|24511&4&368.88294842226344,2|24402&4&330.7491750023221|24410&4&101.6637835623721|24416&4&1171.714187168016|24435&4&-1.7053025658242404E-13|24462&4&414.8164131506724|24480&4&2662.0186969400697|24483&4&6690.094613845151|24489&4&1800.413831207192|24496&4&21.437237464693553,2|24417&4&137.69014098435974|24433&4&1626.4645188819713|24443&4&2042.8894825445636|24444&4&0.0|24446&4&2496.0353579733464|24471&4&67.82595603969338|24479&4&4961.266290133916|24480&4&127.0226030172604|24494&4&1203.9317213021432|24495&4&862.7951907998945,2|24410&4&333.03332296410804|24414&4&1757.2602922765386|24417&4&4044.4588378645876|24419&4&2826.3185456142046|24424&4&1703.2676897299746|24427&4&1562.3880929937734|24431&4&4770.07985219319|24433&4&699.8368173868932|24435&4&4395.999639896874|24459&4&2452.3002945036633|24480&4&211.85298387293392|24488&4&0.0,2|24402&4&760.7673524674615|24407&4&372.0070934089604|24411&4&448.5174580561101|24437&4&1016.0007279197312|24439&4&2360.781544731956|24442&4&271.9244742664546|24445&4&2350.8148743093225|24452&4&4581.9137237850355|24461&4&5215.095371242109|24463&4&296.72381422560125|24467&4&2182.479367782711|24472&4&69.1673935386654|24477&4&2807.1399785398453|24478&4&260.6912160456259|24482&4&379.10498279001195|24486&4&2939.8349079690734|24493&4&269.38812097068404,2|24403&4&1011.1448249161801|24427&4&520.8461827107084|24432&4&543.7308292170325|24434&4&1740.1633097925928|24438&4&392.580151058836|24440&4&2226.063728103461|24453&4&6392.183384457521|24454&4&2760.2472474034403|24460&4&1758.022656954363|24464&4&49.79703812946469|24482&4&1831.155034862537|24485&4&48.48280263153865
354|4,130,1,1,1,1,1,1,1,1,1,1,1,1,1,1,1,1,1,1,1,1,1,1,1,1,1,1,1,1,1,1,1,1,1,1,1,1,1,1,1,1,1,1,1,1,1,1,1,1,1,1,1,1,1,1,1,1,1,1,1,1,1,1,1,1,1,1,1,1,1,1,1,1,1,1,1,1,1,1,1,1,1,1,1,1,1,1,1,1,1,1,1,1,1,1,1,1,1,1,1,1,0,0,0,0,0,0,0,0,0,0,0,0,0,0,0,0,0,0,0,0,2|24398&4&6.620019680839243|24405&4&2278.0479900810083|24408&4&162.8432733855116|24410&4&1135.2543603249935|24426&4&945.6792274797762|24428&4&2204.456359188258|24436&4&1351.47344954567|24448&4&2044.056032710987|24449&4&1934.8516202094986|24455&4&2153.247025078514|24462&4&2068.4611643154003|24470&4&138.67359528083665|24471&4&2457.1887299350515|24476&4&4361.440071188639|24481&4&90.05558051451496|24484&4&5759.917939370171|24488&4&9.31744626326575|24495&4&95.48528865086394,2|24397&4&1425.246848463861|24399&4&5812.481782155585|24400&4&4096.682951896879|24401&4&1654.2934978952394|24409&4&3662.77424566369|24413&4&1389.9582338818245|24418&4&177.71399497787183|24421&4&90.56963497936741|24427&4&1433.6845248285154|24436&4&122.57079533789866|24451&4&2808.368862923703|24471&4&61.252712262746556|24473&4&2173.883036499308|24476&4&295.11359068389413|24477&4&813.9462989118847|24492&4&0.0,2|24402&4&1829.0688414594401|24403&4&35.28379123437465|24404&4&2089.7786112960234|24407&4&378.02377656276576|24423&4&7584.611867176862|24430&4&4980.518474447319|24460&4&1291.0588975218566|24465&4&940.1707993882837|24470&4&10.882445081161594|24478&4&3145.0275160288165|24485&4&6257.662252312561|24489&4&386.12479273940926|24490&4&244.36787527505763|24495&4&14.510118869348858,2|24406&4&2376.4593639846385|24412&4&214.6094687252783|24418&4&3866.2141571138295|24420&4&810.5936608355419|24423&4&362.9518879109758|24429&4&3281.9777455097515|24434&4&1632.3344645142722|24441&4&109.06058931076596|24449&4&84.44134863170598|24451&4&110.49969598069328|24456&4&159.28714972228232|24468&4&1321.7367950847847|24470&4&1272.0696355870234,2|24409&4&332.54145413173757|24411&4&201.87772091837897|24415&4&2865.0308840015814|24440&4&99.71580897692735|24443&4&2878.372286424182|24448&4&317.4383259983156|24450&4&2996.2222406577844|24456&4&660.1862424794231|24472&4&3212.915903681677|24489&4&411.16391022715953|24491&4&1995.9624649026923|24493&4&3929.111183160628|24511&4&483.92798765046587,2|24402&4&248.44189994302982|24410&4&65.75327310905463|24416&4&1061.8567964349722|24462&4&304.5077551823225|24480&4&2601.376838934523|24483&4&6652.134363431693|24489&4&2072.1979716178184|24495&4&334.01327260607064|24496&4&20.365375591458875,2|24417&4&56.24031307185145|24433&4&2171.558414306043|24443&4&2342.9482530825517|24444&4&159.85836045300624|24446&4&2249.433465581411|24459&4&378.8785770896945|24471&4&21.5280989694972|24479&4&4477.567026424767|24480&4&76.19163373736666|24494&4&1078.7522223839196|24495&4&766.6294757767049,2|24410&4&268.6398746579399|24414&4&1598.429199942993|24417&4&4278.842560256655|24419&4&2666.280575242916|24424&4&1586.6228165463324|24427&4&1337.4309972935762|24431&4&4243.244664491506|24433&4&623.3510178220887|24435&4&4259.6726038500565|24459&4&2211.7473331235537|24480&4&177.11894746758514,2|24402&4&1535.137833938833|24407&4&293.37262947323507|24411&4&374.87258274689896|24437&4&955.8077517835111|24439&4&2242.9724014280173|24442&4&951.1358028117097|24445&4&2430.1643672287173|24452&4&4280.081518136776|24461&4&5508.509100676935|24463&4&267.69074342515626|24467&4&2629.2419413040298|24472&4&20.657553471172047|24477&4&2626.2115586846776|24478&4&246.2083707097578|24482&4&278.6956996645437|24486&4&2684.430084022043|24493&4&197.1585954941012,2|24403&4&919.6637796926125|24427&4&485.33364652162913|24432&4&459.97117879212135|24434&4&2479.811700592645|24438&4&364.5387116974906|24440&4&2280.0818133149423|24453&4&7444.239296382774|24454&4&3519.699360205411|24460&4&1655.0536864435767|24464&4&46.702570627381235|24482&4&1697.5750975946096|24485&4&-1.8474111129762605E-13
355|4,130,1,1,1,1,1,1,1,1,1,1,1,1,1,1,1,1,1,1,1,1,1,1,1,1,1,1,1,1,1,1,1,1,1,1,1,1,1,1,1,1,1,1,1,1,1,1,1,1,1,1,1,1,1,1,1,1,1,1,1,1,1,1,1,1,1,1,1,1,1,1,1,1,1,1,1,1,1,1,1,1,1,1,1,1,1,1,1,1,1,1,1,1,1,1,1,1,1,1,1,1,0,0,0,0,0,0,0,0,0,0,0,0,0,0,0,0,0,0,0,0,2|24398&4&6.110787397697763|24405&4&2065.472877366021|24408&4&153.2642573040109|24410&4&1054.0484868012034|24426&4&878.1980372221798|24428&4&1970.9095870767383|24436&4&1928.448999148829|24448&4&2106.9420916566714|24449&4&1798.8957701315621|24455&4&1956.7154470056153|24462&4&2008.9010385834463|24470&4&106.91934385702194|24471&4&2461.4137324111816|24476&4&4004.24304815605|24481&4&0.0|24484&4&5188.438472607157|24488&4&8.851573950102463|24495&4&76.38823092069111,2|24397&4&1830.775962068009|24399&4&5489.180015799899|24400&4&3941.665452922281|24401&4&1679.1944724168134|24409&4&4174.435381764735|24413&4&1541.5452686129029|24418&4&133.2211470720858|24421&4&83.23901477051169|24427&4&1527.1018365404502|24436&4&63.06407096886143|24451&4&2583.5417558628774|24471&4&48.516272532495776|24473&4&3441.4218854639857|24476&4&227.24811628404635|24477&4&666.3668167555725,2|24402&4&1668.424597612382|24403&4&26.462843425780992|24404&4&1883.3932789398975|24407&4&345.9858818357666|24423&4&7305.091858347745|24430&4&5464.511647552706|24460&4&1144.1099755728212|24465&4&835.1200732703421|24470&4&5.441222540580757|24478&4&2802.86759716539|24485&4&6929.918962160152|24489&4&343.22203799058605|24490&4&673.4508623511463|24495&4&12.437244745156164,2|24406&4&2198.4777078823945|24412&4&0.0|24418&4&3567.083866324047|24420&4&738.5792751742188|24423&4&237.92858850649097|24429&4&3534.7584232470676|24434&4&1374.1310316470106|24441&4&103.00166768239008|24449&4&70.36779052642164|24451&4&37.35537189488645|24456&4&149.9710616574737|24468&4&1456.0244737807877|24470&4&1200.7721647204544,2|24409&4&192.86023091702344|24411&4&178.99832765476725|24415&4&2652.0741969433698|24440&4&69.16739317120407|24443&4&2520.2825312587274|24448&4&263.95611934929434|24450&4&2700.7321376043315|24456&4&582.128354417361|24465&4&158.7338305313815|24472&4&3796.9588844600557|24489&4&321.9924769260942|24491&4&1969.2100045921347|24493&4&3530.217022149809|24511&4&587.9166969740239,2|24402&4&191.66240867066554|24410&4&29.842762655737175|24416&4&951.9994057019286|24462&4&214.091429287794|24480&4&3313.698005612805|24483&4&6461.857661764057|24489&4&2212.0751842011537|24495&4&601.9883244039605|24496&4&19.293513718224197,2|24417&4&-5.684341886080801E-13|24433&4&2058.854822948325|24443&4&2209.393779190422|24444&4&151.86544243035593|24446&4&2090.5987194333775|24459&4&359.93464823520975|24471&4&-9.237055564881302E-14|24479&4&4007.633320666546|24480&4&25.360664457472915|24494&4&1439.182552378025|24495&4&681.6310182322377,2|24410&4&204.2464263517718|24414&4&1439.5981076094472|24417&4&5048.403679954639|24419&4&2422.3186170413915|24424&4&1469.9779433626898|24427&4&1125.7023304313786|24431&4&4220.808304213448|24433&4&546.8652182572841|24435&4&3875.3150689600548|24459&4&1995.851615346965|24480&4&142.38491106223634,2|24402&4&1831.3275164948225|24407&4&214.73816553750976|24411&4&301.22770743768785|24437&4&895.6147756472909|24439&4&2476.9885593786544|24442&4&953.8985327102703|24445&4&2290.2589195025575|24451&4&917.2395829898111|24452&4&4552.749543499772|24461&4&5232.24656991699|24463&4&238.65767262471127|24467&4&3161.6779882185247|24472&4&1.3500311979441904E-13|24477&4&2445.28313882951|24478&4&500.31095091584575|24482&4&178.28641653907553|24486&4&2429.025260075012|24493&4&124.92907001751834,2|24403&4&828.1827344690449|24427&4&449.82111033254984|24432&4&996.1230993103438|24434&4&3689.1929313642027|24438&4&336.4972723361452|24440&4&2439.492875417538|24453&4&7669.719373051767|24454&4&3389.5883770064565|24456&4&54.2175516215454|24460&4&1599.0599451680928|24464&4&43.60810312529779|24482&4&1684.9258421330817
356|4,130,1,1,1,1,1,1,1,1,1,1,1,1,1,1,1,1,1,1,1,1,1,1,1,1,1,1,1,1,1,1,1,1,1,1,1,1,1,1,1,1,1,1,1,1,1,1,1,1,1,1,1,1,1,1,1,1,1,1,1,1,1,1,1,1,1,1,1,1,1,1,1,1,1,1,1,1,1,1,1,1,1,1,1,1,1,1,1,1,1,1,1,1,1,1,1,1,1,1,1,1,0,0,0,0,0,0,0,0,0,0,0,0,0,0,0,0,0,0,0,0,2|24398&4&5.601555114556283|24405&4&1852.897764651033|24408&4&143.6852412225102|24410&4&1633.4608572679558|24426&4&810.7168469645834|24428&4&2230.382703440534|24436&4&2472.2238244149667|24448&4&1973.144196234438|24449&4&1662.9399200536252|24455&4&1760.1838689327165|24462&4&2300.2427456309983|24470&4&75.16509243320725|24471&4&2304.585034005224|24476&4&3647.04602512346|24484&4&5962.9822284224665|24488&4&8.385701636939174|24495&4&57.2911731905183,2|24397&4&1687.6507581543278|24399&4&4998.974661228978|24400&4&3615.2221901918892|24401&4&1533.0084131560648|24409&4&3895.495133369378|24413&4&1455.1737065641937|24418&4&88.72829916629978|24421&4&75.90839456165597|24427&4&1460.672003718102|24436&4&29.534567054754763|24451&4&2358.7146488020517|24471&4&35.77983280224499|24473&4&3443.2962624379634|24476&4&159.38264188419853|24477&4&525.7264628476261,2|24402&4&1507.780353765324|24403&4&17.641895617187338|24404&4&1681.039476072301|24407&4&1744.657979178402|24423&4&7096.911772865204|24430&4&5078.527706306305|24460&4&1011.1610504789458|24465&4&742.2283837888721|24470&4&-1.9539925233402755E-14|24478&4&2524.3206287370326|24485&4&6348.351771951082|24489&4&300.31928324176283|24490&4&1501.8474203515464|24495&4&10.36437062096347,2|24404&4&240.41619008792327|24406&4&2020.4960517801508|24418&4&3414.466629710279|24420&4&666.5648895128957|24423&4&119.72382698608092|24429&4&3889.357460502048|24430&4&117.03007962662582|24434&4&1173.5771121808912|24441&4&99.0892013346247|24449&4&56.2942324211373|24451&4&2.4158453015843406E-13|24456&4&140.65497359266513|24468&4&1347.718290473684|24470&4&1129.4746938538856,2|24400&4&418.9964245270244|24409&4&109.71226433421292|24411&4&156.11893439115556|24415&4&2439.1175098851577|24431&4&1691.3975727853922|24440&4&45.94831820647088|24443&4&2175.344529318967|24448&4&213.53183969449037|24450&4&2414.1606193588136|24456&4&504.07046635529906|24459&4&75.56182049999688|24465&4&150.79713900481244|24470&4&174.36297683142644|24472&4&4101.969908842453|24489&4&247.0548197534794|24491&4&1957.6045231296282|24493&4&3243.868543565248|24511&4&680.8932846135538,2|24402&4&151.47848852350717|24410&4&-2.2026824808563106E-13|24416&4&842.142014968885|24462&4&137.97954829675675|24480&4&3830.244612364815|24483&4&5852.319876102969|24489&4&2144.80256442085|24495&4&725.4043199594109|24496&4&18.22165184498952,2|24417&4&370.9547531382177|24433&4&2424.2798706944786|24443&4&2073.6239742216503|24444&4&143.8725244077056|24446&4&2849.3227350707734|24459&4&340.990719380725|24479&4&4644.645256858053|24480&4&1.4921397450962104E-13|24494&4&1739.8259160448306|24495&4&611.9571098655936,2|24410&4&139.8529780456037|24414&4&1280.767015275901|24417&4&4592.053807523126|24419&4&2766.1194783969436|24424&4&1353.3330701790471|24427&4&929.9770873911098|24431&4&3683.328730975721|24433&4&470.3794186924797|24435&4&3490.9575340700544|24459&4&1785.007313884795|24480&4&107.65087465688757,2|24402&4&1730.8571709204496|24407&4&136.10370160178445|24411&4&227.58283212847675|24422&4&31.320257233454406|24437&4&835.4217995110707|24439&4&2556.729709919865|24442&4&896.930777129957|24445&4&2248.2898857616183|24451&4&1879.615229109605|24452&4&4689.88727442896|24461&4&4913.164269629065|24463&4&209.62460182426628|24467&4&2995.719274792506|24477&4&2264.354718974342|24478&4&1278.677834904288|24482&4&80.2407978763864|24486&4&2445.810933037784|24493&4&54.76205781066763,2|24403&4&736.7016892454773|24427&4&414.30857414347054|24432&4&1589.7482902648094|24434&4&4377.039901052665|24438&4&308.4558329747998|24440&4&2254.321302277706|24453&4&7771.656726703253|24454&4&3164.790459983933|24456&4&51.50667404046813|24460&4&1579.2671503340193|24464&4&40.51363562321434|24482&4&2426.5544551520825
357|4,130,1,1,1,1,1,1,1,1,1,1,1,1,1,1,1,1,1,1,1,1,1,1,1,1,1,1,1,1,1,1,1,1,1,1,1,1,1,1,1,1,1,1,1,1,1,1,1,1,1,1,1,1,1,1,1,1,1,1,1,1,1,1,1,1,1,1,1,1,1,1,1,1,1,1,1,1,1,1,1,1,1,1,1,1,1,1,1,1,1,1,1,1,1,1,1,1,1,1,1,1,0,0,0,0,0,0,0,0,0,0,0,0,0,0,0,0,0,0,0,0,2|24398&4&5.092322831414803|24405&4&1828.2120159967624|24408&4&134.1062251410095|24410&4&1943.810910687885|24426&4&743.235656706987|24428&4&2128.987530659937|24436&4&2592.47382582663|24447&4&47.87736075428958|24448&4&1956.4097162412593|24449&4&1526.984069975688|24455&4&1563.6522908598176|24462&4&2249.066960074514|24470&4&43.41084100939254|24471&4&2481.098748918701|24475&4&390.41000427993333|24476&4&3683.631711752701|24484&4&5926.974164232395|24488&4&7.919829323775887|24495&4&38.194115460345486,2|24397&4&1512.5990897033776|24399&4&4596.138805400522|24400&4&3305.4992777364405|24401&4&1584.6247372176483|24409&4&4220.468683798583|24413&4&1358.502906609737|24418&4&50.032573588999526|24421&4&68.57777435280025|24427&4&1777.8832357933156|24436&4&9.537405720887756|24451&4&2133.887541741226|24471&4&23.04339307199421|24473&4&3884.571642896435|24476&4&91.51716748435071|24477&4&386.18850982808505,2|24402&4&1347.136109918266|24403&4&8.820947808593683|24404&4&1499.9389520111445|24407&4&1884.4964203577988|24423&4&6645.373136635113|24430&4&4696.538887832992|24460&4&878.2121253850703|24465&4&649.3366943074018|24478&4&2269.5561814066305|24485&4&6922.026832582493|24489&4&257.4165284929396|24490&4&0.0|24495&4&8.291496496770776,2|24404&4&228.3953805835271|24406&4&1842.5143956779064|24418&4&3121.8413233440097|24420&4&1042.7126836718905|24423&4&44.305945655283125|24429&4&5450.801711401439|24430&4&178.37162664086208|24434&4&1015.6128214786315|24441&4&92.92295694221829|24449&4&42.22067431585296|24456&4&131.33888552785655|24468&4&1337.9529583125877|24470&4&1058.1772229873163,2|24400&4&932.5087153065305|24409&4&39.57985567198985|24411&4&133.23954112754384|24415&4&2226.160822826945|24431&4&2062.7212925139497|24440&4&22.729243241737677|24443&4&1830.406527379206|24448&4&163.1075600396864|24450&4&2683.899893320643|24456&4&426.0125782932371|24459&4&71.78372947499705|24465&4&142.86044747824337|24470&4&165.64482798985512|24472&4&4067.557881009548|24489&4&172.11716258086457|24491&4&1833.5223813311245|24493&4&4336.6158341422115|24511&4&639.3344324212649,2|24402&4&111.2945683763487|24416&4&732.2846242358413|24462&4&88.08468682643054|24480&4&3583.9382067001725|24483&4&6035.38251516409|24489&4&2038.7533008428454|24495&4&717.0427434784259|24496&4&175.98014841168148,2|24417&4&714.2530745007637|24433&4&2892.4711060611544|24443&4&2844.8865841664883|24444&4&227.18638280738384|24446&4&3101.3149548690367|24459&4&322.0467905262403|24479&4&5351.197766816433|24494&4&1618.5649779784223|24495&4&554.3744227083489,2|24410&4&75.4595297394356|24414&4&1121.935922942355|24417&4&4153.813250540418|24419&4&3265.071800561318|24424&4&1236.6881969954047|24427&4&741.9337308469846|24431&4&3179.4283749625874|24433&4&393.8936191276752|24435&4&3509.8838919189784|24459&4&1585.6824374430291|24480&4&72.91683825153878,2|24402&4&1630.3868253460769|24407&4&103.04602566750991|24411&4&153.93795681926562|24422&4&113.8814790829483|24437&4&775.2288233748505|24439&4&2451.4564553582773|24442&4&882.6076398397104|24445&4&2728.88521327973|24451&4&1831.918157127887|24452&4&4230.948168176348|24461&4&6010.584999207838|24463&4&180.5915310238213|24467&4&3528.468036472989|24477&4&2841.273726743692|24478&4&1251.4315538922806|24482&4&19.692710448563474|24486&4&2766.8094627903774|24493&4&-1.2789769243681803E-13,2|24403&4&645.2206440219097|24427&4&378.7960379543913|24432&4&1439.574040296415|24434&4&4855.722880601088|24438&4&280.4143936134544|24440&4&2288.4889176391825|24453&4&8102.539754998019|24454&4&2930.8619785945307|24456&4&48.79579645939086|24460&4&1632.0142728039425|24464&4&37.419168121130895|24482&4&3042.3223429601876
358|4,130,1,1,1,1,1,1,1,1,1,1,1,1,1,1,1,1,1,1,1,1,1,1,1,1,1,1,1,1,1,1,1,1,1,1,1,1,1,1,1,1,1,1,1,1,1,1,1,1,1,1,1,1,1,1,1,1,1,1,1,1,1,1,1,1,1,1,1,1,1,1,1,1,1,1,1,1,1,1,1,1,1,1,1,1,1,1,1,1,1,1,1,1,1,1,1,1,1,1,1,1,0,0,0,0,0,0,0,0,0,0,0,0,0,0,0,0,0,0,0,0,2|24398&4&4.583090548273323|24405&4&2172.1989833488906|24408&4&124.52720905950882|24410&4&2374.8393536317317|24426&4&675.7544664493906|24428&4&1940.777825173835|24436&4&2590.682532096222|24447&4&45.48349271657511|24448&4&1962.2787057017606|24449&4&1391.0282198977511|24455&4&1367.120712786919|24462&4&2438.76864831681|24470&4&11.65658958557784|24471&4&2307.6029298467706|24475&4&370.88950406593665|24476&4&3500.121481318334|24484&4&6102.141098982615|24488&4&7.4539570106126|24495&4&19.097057730172672,2|24397&4&1405.1974435278685|24399&4&4422.105230679554|24400&4&3012.8390276900104|24401&4&1423.015437720286|24409&4&5286.298321975204|24413&4&1261.8321066552805|24418&4&14.548989358285214|24421&4&61.24715414394452|24427&4&1675.0152304175108|24436&4&-1.7763568394002505E-14|24451&4&1909.0604346804007|24471&4&11.521696535997108|24473&4&4026.216274783915|24476&4&37.41015920388655|24477&4&278.0877419163986,2|24402&4&1186.4918660712078|24403&4&2.8421709430404007E-14|24404&4&1318.8384279499883|24407&4&1768.7524342518243|24423&4&6766.114979440146|24430&4&4317.863391313005|24460&4&746.2487206009916|24465&4&556.4450048259317|24478&4&2015.4825398712844|24485&4&6898.793974994687|24489&4&214.5137737441164|24495&4&6.218622372578082,2|24404&4&754.9797879899293|24406&4&1670.6482995723277|24418&4&3124.5529885047245|24420&4&1152.456051229361|24423&4&6.986165556360901|24429&4&5698.871017543521|24430&4&169.1604701097524|24434&4&874.7895549452574|24441&4&110.3821359330995|24449&4&28.14711621056862|24456&4&122.02279746304795|24460&4&639.6412176061066|24468&4&1230.976293421037|24470&4&986.8797521207473,2|24400&4&1041.9814257118394|24401&4&312.320587413063|24409&4&-9.947598300641403E-14|24411&4&803.4565440186824|24415&4&2013.204135768733|24431&4&3156.223545954673|24440&4&-1.3500311979441904E-13|24443&4&1525.8241441802738|24448&4&112.68328038488241|24450&4&2377.3889207984957|24456&4&347.95469023117505|24459&4&186.02641569216468|24465&4&134.9237559516743|24467&4&381.6660775895473|24470&4&156.9266791482838|24472&4&3783.849027146059|24477&4&719.4598162769465|24483&4&1449.797164803931|24489&4&97.17950540824978|24491&4&1709.4402395326204|24493&4&4481.364578571007|24511&4&597.775580228976,2|24402&4&71.11064822919023|24416&4&696.2145777992406|24462&4&53.00508144981386|24480&4&3314.1243945960973|24483&4&5435.652470517486|24489&4&2110.0136876797005|24495&4&800.7292299598672|24496&4&0.0,2|24417&4&1869.607852915193|24433&4&2721.504766887103|24443&4&4173.746468112114|24444&4&214.6281259636171|24446&4&2909.582943912523|24459&4&303.10286167175553|24479&4&6174.905184804082|24494&4&1497.304039912014|24495&4&506.80100551351546,2|24410&4&25.51646776997746|24414&4&963.1048306088092|24417&4&3723.144295447709|24419&4&3024.7130395966374|24424&4&1120.0433238117623|24427&4&577.7336449680379|24431&4&2675.553916301069|24433&4&341.6952047622648|24435&4&4279.012583672862|24459&4&1391.0433400505208|24480&4&52.48477859755928,2|24402&4&1834.0124947810862|24407&4&80.7191590976424|24411&4&80.29308151005449|24422&4&108.10910448571725|24437&4&715.0358472386305|24439&4&2270.0535731249306|24442&4&823.5076533448938|24445&4&3090.881378170722|24451&4&1733.2154572933705|24452&4&4005.3374549127607|24461&4&6331.548520978007|24463&4&151.5584602233763|24467&4&3253.8465496277904|24477&4&2622.452935507298|24478&4&1181.1564979676928|24482&4&-1.9895196601282805E-13|24486&4&2490.8177241006824,2|24403&4&553.7395987983421|24427&4&343.28350176531205|24432&4&1333.3375779456662|24434&4&4776.862842138198|24438&4&252.372954252109|24440&4&2443.611310637102|24453&4&8322.40359072126|24454&4&2696.933497205129|24456&4&46.08491887831359|24460&4&1514.3032389094978|24464&4&34.32470061904745|24470&4&494.0466916839967|24482&4&3311.8924314520386
359|4,130,1,1,1,1,1,1,1,1,1,1,1,1,1,1,1,1,1,1,1,1,1,1,1,1,1,1,1,1,1,1,1,1,1,1,1,1,1,1,1,1,1,1,1,1,1,1,1,1,1,1,1,1,1,1,1,1,1,1,1,1,1,1,1,1,1,1,1,1,1,1,1,1,1,1,1,1,1,1,1,1,1,1,1,1,1,1,1,1,1,1,1,1,1,1,1,1,1,1,1,1,0,0,0,0,0,0,0,0,0,0,0,0,0,0,0,0,0,0,0,0,2|24398&4&4.073858265131843|24405&4&1959.3031476855126|24408&4&114.94819297800814|24410&4&2401.0510589778833|24426&4&608.2732761917943|24428&4&1874.4487815484904|24436&4&2360.6425667431727|24447&4&43.08962467886063|24448&4&1860.063195535768|24449&4&1255.0723698198144|24455&4&1196.5259689059965|24462&4&2336.500205997042|24470&4&4.618527782440651E-14|24471&4&2205.3798345303667|24475&4&351.36900385193996|24476&4&3969.1246681879848|24484&4&5992.353564454166|24488&4&6.988084697449312|24495&4&0.0,2|24397&4&0.0|24399&4&4357.659407917454|24400&4&2743.193514543795|24401&4&1277.915506659283|24409&4&4908.414104812957|24413&4&1165.1613067008236|24418&4&2.4868995751603507E-14|24421&4&53.9165339350888|24427&4&2259.555833048257|24451&4&1684.6723016173346|24471&4&0.0|24473&4&4011.3860128257384|24476&4&-1.7053025658242404E-13|24477&4&201.33156861588373,2|24402&4&1025.84762222415|24404&4&1138.0453335695206|24407&4&1653.0084481458496|24423&4&6567.189283830021|24430&4&3940.2239712798264|24460&4&640.2853166381274|24465&4&463.5533153444616|24478&4&1761.4088983359386|24485&4&7580.337125845335|24489&4&171.6110189952932|24495&4&0.0,2|24404&4&1448.0048846936415|24405&4&19.764282753103203|24406&4&1498.8219514326377|24418&4&2801.9125561237306|24420&4&1248.6871188467355|24423&4&2.240042941971213|24429&4&5638.796219510202|24430&4&159.94931357864274|24434&4&738.457646788022|24441&4&209.11760633622552|24449&4&14.07355810528428|24456&4&112.70670939823935|24460&4&1110.8555438211308|24468&4&1145.6996928095368|24470&4&915.5822812541783,2|24400&4&986.4512170235978|24401&4&296.7045580424098|24411&4&745.9223309473331|24415&4&2174.234565162462|24431&4&3622.5897062493436|24443&4&1280.399600400875|24448&4&69.92802069805805|24450&4&2275.6118978637764|24456&4&269.89680216911313|24459&4&805.6804537737879|24465&4&126.98706442510523|24467&4&908.2908725240277|24470&4&148.20853030671248|24472&4&3500.1401732825702|24477&4&1093.1280495296064|24483&4&3135.2485148160476|24489&4&37.16438602411746|24491&4&1585.3580977341164|24493&4&4892.52825210608|24511&4&556.2167280366872,2|24402&4&30.926728082031758|24416&4&582.6678198513747|24418&4&354.24605613372614|24449&4&40.45449084424513|24462&4&26.502540724906865|24480&4&3044.3105824920212|24483&4&4923.824094777373|24489&4&2561.9899268218046|24495&4&0.0,2|24417&4&2116.6328440823254|24433&4&2550.5384277130506|24443&4&4380.066192050592|24444&4&202.06986911985035|24446&4&2949.1089934317506|24459&4&284.1589328172708|24479&4&5630.772343127828|24494&4&1448.7960808277485|24495&4&0.0,2|24410&4&1.6342482922482304E-13|24414&4&984.9617996042027|24417&4&3353.2243558379564|24419&4&2771.6310199038307|24424&4&1293.53003083448|24427&4&413.533559089091|24431&4&2243.4738710534157|24433&4&289.4967903968545|24435&4&3845.698277905006|24459&4&1196.4042426580122|24480&4&32.052718943579734,2|24402&4&2134.2361724493867|24407&4&58.39229252777482|24411&4&38.70713010006058|24422&4&0.0|24437&4&654.8428711024103|24439&4&2258.9786521920673|24442&4&764.4076668500772|24445&4&3830.198732924969|24451&4&1634.512757458854|24452&4&4194.999740068035|24461&4&6643.23426283666|24463&4&547.8713195585251|24467&4&3016.091198550219|24477&4&2403.632144270905|24478&4&1230.8612059859202|24479&4&810.9380648049187|24486&4&2214.8259854109874,2|24403&4&462.2585535747745|24427&4&307.77096557623275|24432&4&1358.5841379311173|24434&4&4476.420707358353|24438&4&224.33151489076357|24440&4&2261.1499527604374|24453&4&7629.021087097257|24454&4&2463.005015815726|24456&4&43.37404129723632|24460&4&1396.5922050150532|24464&4&694.9008977444641|24470&4&736.4831585041327|24482&4&3063.568741718757
360|4,130,1,1,1,1,1,1,1,1,1,1,1,1,1,1,1,1,1,1,1,1,1,1,1,1,1,1,1,1,1,1,1,1,1,1,1,1,1,1,1,1,1,1,1,1,1,1,1,1,1,1,1,1,1,1,1,1,1,1,1,1,1,1,1,1,1,1,1,1,1,1,1,1,1,1,1,1,1,1,1,1,1,1,1,1,1,1,1,1,1,1,1,1,1,1,1,1,1,1,1,1,0,0,0,0,0,0,0,0,0,0,0,0,0,0,0,0,0,0,0,0,2|24398&4&3.5646259819903627|24405&4&1746.407312022135|24408&4&105.36917689650745|24410&4&3042.615225668068|24426&4&540.792085934198|24428&4&1952.2089024445315|24436&4&2412.281189643795|24447&4&40.695756641146154|24448&4&2183.4851929842253|24449&4&1119.1165197418777|24455&4&1813.933477881408|24462&4&2426.8624225328904|24471&4&2351.31329738374|24475&4&331.8485036379433|24476&4&5111.71119112758|24484&4&6387.9428558671025|24488&4&6.522212384286025,2|24399&4&4927.936526647802|24400&4&2473.5480013975794|24401&4&1135.8492915497204|24409&4&4563.92112790768|24413&4&1068.4905067463671|24421&4&46.58591372623308|24427&4&2995.499105375222|24451&4&1468.1783013207476|24473&4&4186.15416977377|24477&4&141.63095516908956,2|24402&4&865.2033783770919|24404&4&978.8937463091033|24407&4&1537.2644620398748|24423&4&6006.896250744381|24430&4&3562.5845512466476|24460&4&560.6060832995669|24465&4&372.4410277683155|24478&4&1511.999869186267|24485&4&7746.374754301758|24489&4&128.70826424646998,2|24404&4&1372.455005991023|24405&4&87.21847252887041|24406&4&1336.4004168473343|24418&4&2479.2721237427363|24420&4&1172.6179043673233|24423&4&1.1200214709856102|24429&4&6135.323649116743|24430&4&150.7381570475331|24432&4&334.05694059995176|24434&4&602.1257386307867|24441&4&196.4659414764199|24449&4&-6.039613253960852E-14|24456&4&0.0|24460&4&1231.2491641482136|24468&4&1039.6151537969733|24470&4&844.2848103876091,2|24400&4&930.9210083353561|24401&4&281.08852867175665|24411&4&688.3881178759839|24415&4&2136.0085305960897|24431&4&3743.6049043231524|24443&4&1050.6187983590598|24448&4&27.172761011233725|24450&4&2383.5194433637257|24456&4&0.0|24459&4&1017.7214015902318|24465&4&119.05037289853615|24467&4&1211.4058257572292|24470&4&139.49038146514116|24472&4&3216.431319419081|24477&4&1036.6729975124338|24483&4&4079.8765097989517|24489&4&15.963811765578255|24491&4&1461.2759559356127|24493&4&5139.511956230132|24511&4&514.6578758443983,2|24402&4&2.2026824808563106E-13|24416&4&483.9404408100377|24418&4&492.06726536572586|24449&4&531.478727679051|24462&4&-1.9184653865522705E-13|24480&4&2793.348632089775|24483&4&4463.756681001005|24489&4&2797.628024696858,2|24417&4&2256.2676017801505|24433&4&2379.572088538999|24443&4&4699.375037311305|24444&4&189.5116122760836|24446&4&3217.7055238961384|24454&4&62.232224652262175|24459&4&265.21500396278606|24479&4&5116.93716472368|24494&4&1323.897493812233,2|24414&4&2050.184690729789|24417&4&3009.8162704577817|24419&4&2522.88230281113|24424&4&1162.3785786405192|24427&4&277.115323285092|24431&4&1865.846137857211|24433&4&237.29837603144426|24435&4&4605.834427338914|24459&4&1008.4784677296918|24480&4&11.620659289600184,2|24397&4&817.6108668152002|24402&4&2491.517453265492|24407&4&36.06542595790724|24411&4&18.560898466822813|24419&4&570.5302607501638|24422&4&111.64116840021794|24437&4&594.6498949661901|24439&4&2326.7029786610756|24442&4&857.6625512309103|24445&4&4405.379317560075|24451&4&1607.0476445237762|24452&4&4501.515165141681|24461&4&6148.813881104292|24463&4&497.57095225130035|24467&4&2792.8787067006424|24477&4&2184.8113530345113|24478&4&2219.263852110039|24479&4&1016.1584029707781|24486&4&2311.311420649945|24494&4&250.38635885737142,2|24403&4&1166.6580337632736|24427&4&272.25842938715346|24432&4&1241.6701618633024|24434&4&4175.978572578509|24438&4&196.29007552941815|24440&4&2426.151165355468|24453&4&7489.009023654332|24454&4&2229.076534426324|24456&4&0.0|24460&4&1278.8811711206085|24464&4&658.6228970110058|24470&4&700.503744902347|24482&4&2815.245051985475
361|4,130,1,1,1,1,1,1,1,1,1,1,1,1,1,1,1,1,1,1,1,1,1,1,1,1,1,1,1,1,1,1,1,1,1,1,1,1,1,1,1,1,1,1,1,1,1,1,1,1,1,1,1,1,1,1,1,1,1,1,1,1,1,1,1,1,1,1,1,1,1,1,1,1,1,1,1,1,1,1,1,1,1,1,1,1,1,1,1,1,1,1,1,1,1,1,1,1,1,1,1,1,0,0,0,0,0,0,0,0,0,0,0,0,0,0,0,0,0,0,0,0,2|24398&4&3.0553936988488823|24405&4&1533.5114763587576|24408&4&95.79016081500677|24410&4&3685.8900292427893|24426&4&473.31089567660143|24428&4&2199.2776273003774|24436&4&2605.849523661528|24447&4&0.0|24448&4&2398.1701552707564|24449&4&983.160669663941|24455&4&1870.1240289597654|24462&4&2539.11235213669|24471&4&2354.1449823850326|24475&4&312.3280034239466|24476&4&5313.191242791604|24484&4&6330.152627083435|24487&4&12.607078589952682|24488&4&6.0563400711227375,2|24399&4&5231.0783407265935|24400&4&2203.9024882513636|24401&4&996.0489953289222|24409&4&4200.927230447542|24413&4&971.8197067919104|24421&4&39.25529351737736|24427&4&3651.9903999788003|24451&4&1254.1140694068936|24473&4&4074.0070860355154|24477&4&98.20998214160079,2|24402&4&704.5591345300338|24404&4&819.742159048686|24407&4&1421.5204759339001|24423&4&6092.431470373738|24430&4&3184.945131213469|24460&4&481.4485182779665|24465&4&281.3287401921694|24478&4&1300.1828525732349|24485&4&7096.834837013807|24489&4&85.80550949764675,2|24404&4&1296.9051272884044|24405&4&554.0035461433762|24406&4&1349.9176895100586|24418&4&2174.883137656716|24420&4&1096.5486898879112|24423&4&7.549516567451064E-15|24429&4&6348.105413064593|24430&4&141.5270005164234|24432&4&468.16862278684|24434&4&465.7938304735514|24435&4&797.7644703509866|24441&4&183.81427661661425|24456&4&288.0050979722339|24460&4&1245.5914294508923|24468&4&1071.5309113283588|24470&4&772.98733952104|24479&4&937.4559101169357,2|24400&4&875.3907996471144|24401&4&543.1948166707725|24411&4&759.0275664310484|24415&4&1924.6912605324492|24431&4&4857.562138645288|24443&4&820.8379963172445|24448&4&-1.2079226507921703E-13|24450&4&2648.262577714656|24459&4&1568.4653548409124|24465&4&263.3112165662487|24467&4&1147.5629338343851|24470&4&130.77223262356983|24472&4&2932.722465555592|24477&4&980.217945495261|24483&4&3864.2388454643537|24489&4&5.709207960892809|24491&4&1337.1938141371086|24493&4&5672.0555168363535|24511&4&473.09902365210945,2|24416&4&369.6527139168455|24418&4&869.6660374670266|24449&4&749.6334093994643|24480&4&2893.0433820056955|24483&4&4033.2471491269353|24485&4&296.5056078944026|24489&4&3159.5651613087075,2|24417&4&2477.576947914568|24433&4&2227.9648169066677|24443&4&5895.293220125726|24444&4&176.95335543231687|24446&4&3227.883767088697|24452&4&348.83480861875523|24454&4&59.12061341964907|24459&4&246.27107510830132|24479&4&4603.101986319534|24494&4&1209.1370562046775,2|24414&4&0.0|24417&4&2679.905045968081|24419&4&2299.2182194651673|24424&4&1031.227126446559|24427&4&170.4897483329814|24431&4&1554.227459612746|24433&4&185.09996166603398|24435&4&4203.254943573175|24459&4&849.3229854424247|24480&4&0.0,2|24397&4&1101.6431556440243|24402&4&3033.337082716015|24407&4&13.738559388039654|24411&4&-1.2079226507921703E-13|24419&4&542.0037477126557|24422&4&106.05910998020704|24437&4&534.4569188299699|24439&4&2120.8565963376036|24442&4&808.7134855867873|24445&4&4112.157756857642|24451&4&2494.0841359814053|24452&4&4017.6074827158295|24461&4&5809.5839350326605|24463&4&973.4891484165541|24467&4&2574.158054470924|24477&4&1965.9905617981176|24478&4&2237.9637793989227|24479&4&963.3231376602268|24486&4&2150.458302922374|24494&4&352.37799737395676,2|24403&4&1264.771771232062|24427&4&236.7458931980742|24432&4&1153.8453370905902|24434&4&3875.5364377986643|24438&4&168.24863616807272|24440&4&2217.913000342264|24453&4&6824.020668803017|24454&4&1995.1480530369213|24460&4&1161.1701372261641|24464&4&622.3448962775473|24470&4&759.78144496159|24482&4&2566.921362252194
362|4,130,1,1,1,1,1,1,1,1,1,1,1,1,1,1,1,1,1,1,1,1,1,1,1,1,1,1,1,1,1,1,1,1,1,1,1,1,1,1,1,1,1,1,1,1,1,1,1,1,1,1,1,1,1,1,1,1,1,1,1,1,1,1,1,1,1,1,1,1,1,1,1,1,1,1,1,1,1,1,1,1,1,1,1,1,1,1,1,1,1,1,1,1,1,1,1,1,1,1,1,1,0,0,0,0,0,0,0,0,0,0,0,0,0,0,0,0,0,0,0,0,2|24398&4&2.546161415707402|24405&4&1343.9371854880726|24408&4&86.21114473350609|24410&4&4292.571693092264|24426&4&504.6698422243617|24428&4&1950.9105150880728|24436&4&2680.6871905417693|24448&4&2206.0044340644868|24449&4&847.204819586004|24455&4&1869.4222277418498|24462&4&2916.1417135515267|24471&4&2393.111569787681|24475&4&292.8075032099499|24476&4&4878.895678806895|24484&4&6498.488798221675|24487&4&11.976724660455048|24488&4&5.59046775795945,2|24399&4&4687.683195050076|24400&4&1934.2569751051476|24401&4&867.2214879436455|24409&4&3838.7970608456817|24413&4&875.1489068374536|24421&4&120.6908521852173|24427&4&3971.0800869936566|24451&4&1083.8891474555612|24473&4&3757.6365909587435|24477&4&54.78900911411205,2|24402&4&565.2556859358666|24404&4&670.1120952519884|24407&4&1419.4180567452488|24423&4&6973.720676383877|24430&4&2807.30571118029|24460&4&402.2909532563662|24465&4&190.21645261602322|24478&4&1104.795508309881|24485&4&6474.363346798724|24489&4&42.902754748823526,2|24399&4&1010.2548459019288|24404&4&1221.355248585786|24405&4&730.5525778523132|24406&4&1380.4068556375576|24411&4&294.5248468094334|24412&4&134.2332540322234|24418&4&1893.247952975888|24420&4&1020.479475408499|24429&4&6492.50961794513|24430&4&1294.0804420366353|24432&4&443.92504929599806|24434&4&329.4619223163161|24435&4&757.8762468334372|24441&4&171.1626117568086|24456&4&1251.855897308481|24460&4&1175.5547281594197|24468&4&1388.566243622834|24470&4&701.6898686544711|24479&4&2543.8208783422137,2|24400&4&819.8605909588725|24401&4&1522.3122380253235|24411&4&695.0846702783786|24415&4&2210.8614488956373|24431&4&4832.9402070464475|24443&4&643.5905382462151|24450&4&3353.4901809980283|24459&4&1722.0855957764475|24465&4&778.1601036636534|24467&4&1083.720041911541|24470&4&122.05408378199851|24472&4&2915.327978639946|24477&4&944.6299203367632|24483&4&3814.936319414058|24489&4&3.730349362740526E-14|24491&4&1213.1116723386049|24493&4&6237.093865079276|24511&4&431.5401714598206,2|24416&4&1020.8347612991206|24418&4&1454.0744144323485|24449&4&858.9752386622777|24480&4&2814.8659913020183|24483&4&3602.737617252866|24485&4&769.7024695963006|24489&4&3421.5296872434596,2|24417&4&2808.2838612883806|24433&4&2487.8046032374896|24443&4&6355.569993236531|24444&4&164.39509858855013|24446&4&2973.2626318842786|24452&4&1378.1204408029416|24454&4&56.00900218703596|24457&4&89.6001640965692|24459&4&227.32714625381658|24479&4&4116.645230358281|24494&4&1104.9600314437923,2|24417&4&2361.484766399699|24419&4&2078.92354908891|24424&4&1074.8247834844274|24427&4&106.74750617124965|24431&4&1271.8046786858436|24433&4&132.9015473006237|24435&4&3849.59146403398|24459&4&722.4606153829651,2|24397&4&1044.5169706947852|24402&4&2954.592417599802|24407&4&-9.592326932761353E-14|24419&4&513.4772346751475|24422&4&100.47705156019614|24437&4&474.2639426937498|24439&4&1919.3223792691601|24442&4&744.3040868737667|24445&4&3821.3989577981224|24451&4&2931.853838802598|24452&4&3561.214697455458|24461&4&5590.811452351295|24463&4&1183.893193728467|24467&4&2355.4374022412057|24477&4&1747.1697705617244|24478&4&2101.045510468757|24479&4&910.4878723496757|24486&4&1913.4020023944827|24494&4&334.1331316081155,2|24403&4&1418.7591888752686|24427&4&201.23335700899494|24432&4&1066.0205123178778|24434&4&3575.0943030188205|24438&4&140.2071968067273|24440&4&2069.379666753348|24453&4&6502.147630042891|24454&4&1761.219571647519|24460&4&1043.4591033317197|24464&4&586.0668955440888|24470&4&716.7461288662272|24482&4&2318.597672518912
363|4,130,1,1,1,1,1,1,1,1,1,1,1,1,1,1,1,1,1,1,1,1,1,1,1,1,1,1,1,1,1,1,1,1,1,1,1,1,1,1,1,1,1,1,1,1,1,1,1,1,1,1,1,1,1,1,1,1,1,1,1,1,1,1,1,1,1,1,1,1,1,1,1,1,1,1,1,1,1,1,1,1,1,1,1,1,1,1,1,1,1,1,1,1,1,1,1,1,1,1,1,1,0,0,0,0,0,0,0,0,0,0,0,0,0,0,0,0,0,0,0,0,2|24398&4&2.0369291325659216|24405&4&1179.2863679384507|24408&4&76.6321286520054|24410&4&4001.4761574752106|24426&4&705.4587494188445|24428&4&2689.2233321267577|24436&4&2920.3256434610303|24448&4&2013.8387128582174|24449&4&717.3840119583211|24455&4&2093.793641069342|24462&4&2688.476550526566|24471&4&2235.722967792569|24475&4&0.0|24476&4&4671.220989057105|24484&4&7254.211689762782|24487&4&11.346370730957414|24488&4&13.134766644673668,2|24399&4&4209.467611746927|24400&4&1664.611461958932|24401&4&785.5468345946881|24409&4&3588.81215756131|24413&4&778.478106882997|24421&4&892.2653431087504|24427&4&4177.084921027668|24451&4&933.4034598933547|24473&4&3446.253088562726|24477&4&18.23663429253082,2|24402&4&425.9522373416995|24404&4&520.4820314552911|24407&4&1297.991992293408|24423&4&7023.358576472735|24430&4&2451.3167499097317|24460&4&323.13338823476585|24465&4&115.03433551191442|24478&4&909.4081640465272|24485&4&5896.966351960372|24489&4&2.984279490192421E-13,2|24399&4&959.7421036068323|24404&4&2042.6290716994336|24405&4&1504.6210842981768|24406&4&1212.3962565073944|24411&4&429.93196042932925|24412&4&0.0|24418&4&1643.1583739680207|24420&4&944.4102609290867|24429&4&6006.733377201884|24430&4&2341.312303845314|24432&4&1219.0623563664592|24434&4&193.13001415908076|24435&4&717.9880233158879|24441&4&158.51094689700295|24456&4&1386.580240629944|24460&4&1105.5180268679474|24468&4&1279.6100046509086|24470&4&630.392397787902|24479&4&2471.473720870764,2|24400&4&968.0082789739039|24401&4&1442.3791144565025|24411&4&643.1943739387278|24415&4&2420.8446478955143|24431&4&5602.868457380117|24443&4&501.3374014333927|24450&4&4259.406539502237|24459&4&1626.170375771575|24465&4&1303.00542167997|24467&4&1019.8771499886969|24470&4&113.3359349404272|24472&4&2623.371629765862|24477&4&1511.362640524112|24483&4&3590.9818981652443|24491&4&1089.0295305401007|24493&4&7036.437601941167|24511&4&389.9813192675317,2|24416&4&1751.0296532255038|24418&4&2259.719878186972|24449&4&971.341660542195|24480&4&2515.0319497455594|24483&4&3172.228085378796|24485&4&1724.7170990679651|24489&4&3790.0483470467316,2|24417&4&3156.528380828252|24433&4&2740.986860229582|24443&4&5920.774990212817|24444&4&151.83684174478338|24446&4&2718.6414966798598|24452&4&2932.635137260205|24454&4&120.7262093681374|24457&4&85.12015589174074|24459&4&208.38321739933184|24479&4&3682.4739262542544|24494&4&1000.7830066829074,2|24417&4&2072.4766881105224|24419&4&1858.6621644677705|24424&4&946.6109628472124|24427&4&64.26759854024627|24431&4&997.3997294445361|24433&4&83.95597567075194|24435&4&3513.1784893057297|24459&4&617.0906688545186,2|24397&4&987.3907857455458|24399&4&209.6476041253709|24402&4&2752.407804633924|24419&4&484.95072163763933|24422&4&176.03317522957883|24435&4&160.94590025226353|24437&4&414.07096655752963|24439&4&1777.340216293238|24442&4&679.894688160746|24445&4&3530.640158738603|24451&4&3144.452319084031|24452&4&3145.634135652508|24461&4&6045.609231760482|24463&4&1116.9033195767684|24467&4&2140.6225129721515|24477&4&1528.3489793253307|24478&4&2389.1496754389073|24479&4&857.6526070391246|24483&4&370.1373547785033|24486&4&1676.3457018665918|24494&4&315.8882658422742,2|24403&4&1314.9872218685628|24427&4&165.72082081991567|24432&4&978.1956875451655|24434&4&3989.4212022332576|24438&4&112.16575744538187|24440&4&2469.898022306941|24453&4&6854.523336061672|24454&4&1529.9461632646824|24460&4&925.748069437275|24464&4&549.7888948106304|24470&4&673.7108127708644|24482&4&2070.273982785631
364|4,130,1,1,1,1,1,1,1,1,1,1,1,1,1,1,1,1,1,1,1,1,1,1,1,1,1,1,1,1,1,1,1,1,1,1,1,1,1,1,1,1,1,1,1,1,1,1,1,1,1,1,1,1,1,1,1,1,1,1,1,1,1,1,1,1,1,1,1,1,1,1,1,1,1,1,1,1,1,1,1,1,1,1,1,1,1,1,1,1,1,1,1,1,1,1,1,1,1,1,1,1,0,0,0,0,0,0,0,0,0,0,0,0,0,0,0,0,0,0,0,0,2|24398&4&271.7780848760505|24405&4&1028.866084178682|24408&4&360.07379728192893|24410&4&3717.104254931093|24426&4&619.3749471063629|24428&4&2938.706161162405|24436&4&3195.5159837825227|24448&4&1830.969139553763|24449&4&593.3887026585816|24455&4&2504.314389025049|24462&4&2460.8113875016056|24471&4&2034.4392113988977|24476&4&4897.574225548536|24484&4&7682.937331084127|24487&4&10.71601680145978|24488&4&12.268385771516504,2|24399&4&3749.3573335244737|24400&4&1405.2287366147716|24401&4&703.8721812457308|24409&4&3613.2516902251646|24413&4&681.8073069285405|24421&4&0.0|24427&4&3961.3424054128673|24451&4&790.8443058206481|24473&4&3165.7451541622827|24477&4&1.2079226507921703E-13,2|24402&4&300.24213951381677|24404&4&396.4204252899954|24407&4&1387.793108402219|24423&4&7179.952241247294|24430&4&2127.485397570669|24460&4&243.9758232131655|24465&4&85.0416060623624|24478&4&721.8458271090442|24485&4&5361.237168215475,2|24399&4&909.2293613117358|24404&4&2522.402346341534|24405&4&1425.8117943455477|24406&4&1090.6717274779573|24411&4&407.6990502908392|24418&4&1428.4948004882315|24420&4&868.3410464496744|24429&4&6021.969594042783|24430&4&2785.230205164067|24432&4&1154.849738847552|24434&4&89.73935277044264|24435&4&678.0997997983385|24441&4&145.85928203719732|24456&4&1313.3655754729984|24460&4&1035.481325576475|24468&4&1170.6537656789833|24470&4&559.0949269213329|24479&4&2626.4260029906973,2|24400&4&1313.0364141046957|24401&4&1362.4459908876815|24411&4&598.3168409532356|24415&4&2769.375828560297|24431&4&6768.947626093264|24443&4&359.0842646205705|24450&4&4558.399032731187|24459&4&1535.0904606876798|24465&4&1232.5934976709132|24467&4&956.0342580658529|24470&4&104.61778609885587|24472&4&2441.896928229049|24477&4&1916.0130411185773|24483&4&3367.027476916431|24491&4&964.9473887415968|24493&4&6637.967700614276|24511&4&348.4224670752429,2|24416&4&2083.7012316002338|24418&4&2466.2058330073596|24449&4&917.0773856506817|24480&4&2501.0452719393224|24483&4&2755.480466854261|24485&4&2246.4586873582975|24489&4&3673.21510456768,2|24417&4&3475.969904573247|24433&4&2717.2203546302644|24443&4&5485.979987189104|24444&4&176.78178615594794|24446&4&2464.0203614754414|24452&4&3966.397444369715|24454&4&683.7604980386724|24457&4&0.0|24459&4&189.4392885448471|24479&4&3269.636152499601|24494&4&896.6059819220226,2|24405&4&5.071133374490046|24417&4&1818.8244625216316|24419&4&1638.4007798466312|24424&4&818.3971422099976|24427&4&31.001481402850064|24431&4&760.985955890796|24433&4&45.48539030883564|24435&4&3186.816555509484|24459&4&515.9071046518911,2|24397&4&930.2646007963067|24399&4&1144.5814985587183|24402&4&3168.700945317544|24419&4&456.4242086001311|24422&4&0.0|24435&4&152.89860523965035|24437&4&353.87799042130945|24439&4&1837.2835202472609|24442&4&615.4852894477254|24445&4&3241.5847001766406|24451&4&3158.1078193270005|24452&4&2768.2945936435312|24461&4&6315.816612739772|24463&4&1049.9134454250702|24467&4&1925.8076237030966|24477&4&1309.5281880889374|24478&4&2526.2948326404035|24479&4&804.8173417285734|24483&4&1169.6414101887478|24486&4&2566.2090375548464|24494&4&297.64340007643295,2|24403&4&1211.823021511832|24427&4&130.20828463083643|24432&4&902.5644987358767|24434&4&4352.213129579322|24438&4&84.12431808403645|24440&4&2728.6617051193225|24453&4&6179.695506137102|24454&4&1298.672754881846|24460&4&808.0370355428304|24464&4&513.5108940771719|24465&4&24.055231243014305|24470&4&630.6754966755018|24482&4&1836.5679770658853
365|4,130,1,1,1,1,1,1,1,1,1,1,1,1,1,1,1,1,1,1,1,1,1,1,1,1,1,1,1,1,1,1,1,1,1,1,1,1,1,1,1,1,1,1,1,1,1,1,1,1,1,1,1,1,1,1,1,1,1,1,1,1,1,1,1,1,1,1,1,1,1,1,1,1,1,1,1,1,1,1,1,1,1,1,1,1,1,1,1,1,1,1,1,1,1,1,1,1,1,1,1,1,0,0,0,0,0,0,0,0,0,0,0,0,0,0,0,0,0,0,0,0,2|24398&4&0.0|24405&4&884.8540202882344|24408&4&335.843746964857|24410&4&3433.8216871867376|24426&4&533.2911447938814|24428&4&3372.32584322609|24436&4&2950.0182531988253|24448&4&1650.9747172406862|24449&4&469.39339335884176|24455&4&2635.5278963541787|24462&4&2233.1462244766453|24471&4&2239.627508392973|24476&4&4468.922965886924|24484&4&8412.535501474747|24487&4&10.085662871962146|24488&4&11.40200489835934,2|24399&4&3324.5186791697624|24400&4&1169.072652627412|24401&4&622.1975278967737|24409&4&3847.6332082480785|24413&4&585.1365069740838|24421&4&54.42286473671154|24427&4&4179.056921333019|24430&4&496.6523060036693|24451&4&654.11756929679|24467&4&391.2670173932165|24473&4&3533.71506738632,2|24402&4&195.8418465225669|24404&4&306.2239488111719|24407&4&1286.9290837761444|24423&4&8123.280511754361|24430&4&1826.373114220211|24460&4&164.81825819156518|24465&4&55.04887661281023|24478&4&548.6148071656648|24485&4&4835.068537587924,2|24399&4&858.7166190166394|24404&4&3129.4403969779833|24405&4&1347.002504392919|24406&4&1245.512217863689|24411&4&385.4661401523491|24418&4&1216.0694034077565|24420&4&792.2718319702622|24429&4&6474.337228555113|24430&4&2633.857063810046|24432&4&1090.6371213286452|24434&4&21.62089276438245|24435&4&638.2115762807891|24441&4&133.20761717739168|24456&4&1240.150910316053|24460&4&965.4446242850028|24468&4&1061.6975267070577|24470&4&487.7974560547639|24479&4&3148.1936596953983,2|24400&4&1757.6528988422835|24401&4&1282.5128673188606|24411&4&553.4393079677433|24415&4&2544.669379313561|24431&4&7740.367012058779|24443&4&216.8311278077483|24450&4&4805.962537893124|24459&4&1552.9528754815829|24465&4&1162.1815736618564|24467&4&892.1913661430088|24470&4&95.89963725728455|24472&4&2970.590145714902|24477&4&2034.6459418712577|24483&4&3143.073055667618|24491&4&840.8652469430926|24493&4&6111.159673365261|24511&4&306.86361488295404,2|24416&4&1939.7920942696737|24418&4&2829.395101268492|24449&4&1343.9523798658165|24454&4&616.9183501519667|24480&4&3021.684050877394|24483&4&2372.7045028999246|24485&4&2459.1083867056086|24489&4&3372.5385125977673,2|24417&4&4618.089779283341|24433&4&2491.7575077821475|24443&4&5460.47754046093|24444&4&162.34836924943465|24446&4&2209.399226271023|24452&4&4379.454064509957|24454&4&648.7805788441818|24459&4&170.49535969036236|24479&4&2896.6818491728936|24494&4&792.4289571611374,2|24405&4&570.2259363945976|24416&4&182.8354741359442|24417&4&1577.8783207854992|24419&4&1418.1393952254919|24424&4&690.1833215727827|24427&4&-7.105427357601002E-15|24431&4&577.8195457928181|24433&4&19.950967955048114|24435&4&2865.6187331056444|24459&4&414.7235404492635|24476&4&851.308810435353|24492&4&5.36558584046004,2|24397&4&873.1384158470673|24399&4&1994.9669536992396|24402&4&3975.041085368798|24419&4&427.8976955626229|24435&4&495.822425487268|24437&4&293.6850142850893|24439&4&1644.018181740661|24442&4&712.286726037164|24445&4&2952.5292416146776|24451&4&3308.004583225409|24452&4&2437.673774604783|24461&4&5858.978872222087|24463&4&982.923571273372|24467&4&1710.9927344340422|24477&4&1090.7073968525438|24478&4&2459.050323532734|24479&4&751.9820764180222|24483&4&2058.0723678257773|24486&4&3020.3794373035676|24494&4&641.6022422087601,2|24403&4&1108.6588211551016|24427&4&94.69574844175716|24432&4&826.9333099265883|24434&4&4555.5159168526|24438&4&439.38291377162534|24440&4&2581.26325953575|24453&4&5504.867676212532|24454&4&1075.1593696868053|24460&4&690.3260016483858|24464&4&478.57648355618056|24465&4&22.85246968086359|24470&4&587.640180580139|24482&4&2766.396719290493
366|4,130,1,1,1,1,1,1,1,1,1,1,1,1,1,1,1,1,1,1,1,1,1,1,1,1,1,1,1,1,1,1,1,1,1,1,1,1,1,1,1,1,1,1,1,1,1,1,1,1,1,1,1,1,1,1,1,1,1,1,1,1,1,1,1,1,1,1,1,1,1,1,1,1,1,1,1,1,1,1,1,1,1,1,1,1,1,1,1,1,1,1,1,1,1,1,1,1,1,1,1,1,0,0,0,0,0,0,0,0,0,0,0,0,0,0,0,0,0,0,0,0,2|24405&4&758.315698540938|24408&4&582.2125394763411|24410&4&3167.173719619282|24426&4&595.1297776973429|24428&4&3129.449500500258|24436&4&2707.8694959270624|24448&4&1470.9802949276095|24449&4&358.5750919944189|24455&4&2765.0475941280292|24462&4&2005.4810614516848|24471&4&2093.210309247088|24476&4&4067.6458050026195|24484&4&7743.834225524543|24487&4&9.455308942464512|24488&4&288.45157130436394,2|24399&4&2933.009069827188|24400&4&968.272962718378|24401&4&540.5228745478165|24409&4&3465.204863952453|24413&4&639.852245680664|24417&4&1302.2245613094697|24421&4&51.70172149987596|24427&4&3878.8977166154436|24430&4&658.0917411957419|24451&4&537.3175033027561|24467&4&371.7036665235557|24473&4&3215.118338168978,2|24402&4&124.45474404127873|24404&4&232.22739285553217|24407&4&1554.503709661636|24423&4&8495.686815258852|24430&4&1547.1085741083882|24445&4&242.41944929723195|24460&4&85.66069316996482|24465&4&25.056147163258057|24478&4&376.81075589855675|24485&4&4308.899906960372,2|24399&4&808.2038767215429|24404&4&3321.8106173218753|24405&4&1268.1932144402904|24406&4&1533.170597174874|24411&4&363.23323001385904|24412&4&8.790001498304179|24418&4&1011.7755208252951|24420&4&716.2026174908499|24429&4&6527.27154434745|24430&4&2482.483922456025|24432&4&1026.424503809738|24434&4&1.4921397450962104E-13|24435&4&598.3233527632398|24441&4&120.55595231758605|24456&4&1166.9362451591073|24460&4&1016.3084571506183|24468&4&952.7412877351323|24470&4&416.4999851881949|24479&4&2968.005830895063,2|24400&4&2091.055047734593|24401&4&1202.5797437500396|24411&4&511.9880839126602|24415&4&2319.9629300668257|24431&4&8006.439776372466|24443&4&81.67496431668869|24450&4&4446.733960349558|24459&4&1468.6595957895643|24465&4&1091.7696496527997|24467&4&828.3484742201647|24470&4&87.18148841571323|24472&4&2696.938541551469|24477&4&2518.2931374952286|24483&4&2919.1186344188054|24491&4&716.7831051445888|24493&4&6512.080659559591|24511&4&265.30476269066514,2|24409&4&346.82200689683077|24410&4&2.3733440862204134|24416&4&1809.4171622888348|24418&4&3297.0676028298785|24449&4&1413.545551446878|24454&4&1006.8606025364999|24472&4&362.71568057360673|24480&4&3166.424315379675|24483&4&2020.2767909123713|24485&4&2326.2623080883773|24489&4&3071.8619206278554,2|24417&4&4331.542695877248|24433&4&2266.2946609340315|24443&4&5931.366703841808|24444&4&147.91495234292134|24446&4&1954.7780910666047|24452&4&4138.059206234945|24454&4&613.8006596496914|24459&4&151.55143083587762|24479&4&2536.5145679546786|24494&4&698.1562888231254,2|24405&4&654.7778236056173|24416&4&607.036076917127|24417&4&1358.4367490102145|24419&4&1197.8780106043525|24424&4&732.8905406678165|24431&4&453.6028827374006|24433&4&-1.1368683772161603E-13|24435&4&2554.5741965569705|24456&4&231.9526810185286|24459&4&313.53997624663594|24476&4&1383.3695028835623|24492&4&5.097306548437038,2|24397&4&1150.1161800756947|24399&4&1985.7415723880138|24402&4&4777.866256466092|24419&4&763.9460084476253|24435&4&988.6027231975665|24437&4&233.49203814886914|24439&4&1450.7528432340614|24442&4&639.8167855590204|24445&4&2686.2668620238496|24451&4&3227.2304104111927|24452&4&2153.8374904386146|24461&4&5411.388552325754|24463&4&915.9336971216736|24467&4&1524.8712807836207|24477&4&877.3702469519269|24478&4&2983.978195499777|24479&4&699.1468111074711|24483&4&1951.273035352723|24486&4&3280.924964449594|24494&4&739.8791759532478,2|24403&4&1005.494620798371|24427&4&59.1832122526779|24432&4&751.3021211172997|24434&4&4528.872564974745|24438&4&1062.4452936016373|24440&4&2365.5300904001665|24453&4&5595.519191339379|24454&4&873.164878939371|24460&4&572.6149677539413|24464&4&443.64207303518924|24465&4&126.33869116384838|24470&4&544.6048644847764|24482&4&2984.78169597243
367|4,130,1,1,1,1,1,1,1,1,1,1,1,1,1,1,1,1,1,1,1,1,1,1,1,1,1,1,1,1,1,1,1,1,1,1,1,1,1,1,1,1,1,1,1,1,1,1,1,1,1,1,1,1,1,1,1,1,1,1,1,1,1,1,1,1,1,1,1,1,1,1,1,1,1,1,1,1,1,1,1,1,1,1,1,1,1,1,1,1,1,1,1,1,1,1,1,1,1,1,1,1,0,0,0,0,0,0,0,0,0,0,0,0,0,0,0,0,0,0,0,0,2|24405&4&631.7773767936417|24408&4&729.3683979721404|24410&4&2900.525752051826|24426&4&1285.6343474422729|24428&4&2890.6590928320843|24436&4&2827.585218908854|24448&4&1290.9858726145328|24449&4&253.87203203870166|24455&4&2980.5732417585937|24462&4&1906.5446329427457|24471&4&1880.4939674418042|24476&4&3676.874804668103|24484&4&7198.136748900481|24487&4&8.824955012966878|24488&4&273.68939306724866,2|24399&4&2541.6043356459713|24400&4&767.4732728093444|24401&4&458.8482211988594|24409&4&3114.416653930418|24413&4&1163.7409627444376|24417&4&1237.1133332439963|24421&4&48.98057826304038|24427&4&3578.738511897867|24430&4&669.1955128615027|24451&4&437.8926241459018|24467&4&352.14031565389485|24473&4&3114.275487050071|24495&4&229.96422499436437,2|24402&4&82.36460968077884|24404&4&180.51691941254487|24407&4&1614.843874921557|24423&4&8826.071744318237|24428&4&467.03904397651456|24430&4&1299.2262850423413|24445&4&532.0937378423882|24460&4&16.43657113820754|24465&4&0.060020023532660643|24478&4&231.20628456679498|24485&4&3788.540939478789,2|24399&4&757.6911344264464|24404&4&3242.0051171463356|24405&4&1189.3839244876613|24406&4&1459.9915372399532|24411&4&341.000319875369|24412&4&0.0|24418&4&830.7011740104479|24420&4&640.1334030114378|24429&4&6016.546915768311|24430&4&2331.1107811020042|24432&4&962.2118862908311|24435&4&558.4351292456904|24441&4&107.90428745778041|24456&4&1093.7215800021618|24460&4&1893.9176309607037|24468&4&843.7850487632068|24470&4&345.20251432162587|24479&4&3196.1603467398136,2|24400&4&2273.180182758725|24401&4&1122.6466201812186|24411&4&470.92458102360206|24415&4&2095.2564808200896|24431&4&8417.165289757333|24443&4&19.909335324486484|24450&4&4087.505382805991|24459&4&2116.416111155837|24465&4&1021.357725643743|24467&4&764.5055822973206|24470&4&78.46333957414191|24472&4&2423.2869373880358|24477&4&2988.0726419983484|24483&4&2695.1642131699923|24491&4&592.7009633460848|24493&4&6337.46977067493|24511&4&223.74591049837636,2|24409&4&329.4809065519892|24410&4&612.5914329973824|24416&4&1700.8888685919244|24418&4&3526.36194829776|24438&4&159.06585416244036|24449&4&1698.007513637237|24454&4&1056.3015413061826|24472&4&850.0651544864909|24480&4&3362.9719461420073|24483&4&1674.8565532763193|24485&4&2190.0221380562675|24489&4&2771.185328657943,2|24417&4&4044.9956124711543|24433&4&2264.3594039469767|24443&4&5868.929456204732|24444&4&133.48153543640802|24446&4&1901.361496669011|24452&4&4502.515951523477|24454&4&578.8207404552008|24459&4&132.6075019813929|24479&4&2183.303780482839|24494&4&603.8836204851132,2|24405&4&789.4302128231062|24416&4&576.2271843859309|24417&4&1175.5865564965027|24419&4&987.5518313915106|24424&4&1149.6288362594128|24431&4&358.89556987842275|24435&4&2249.4060794239485|24456&4&237.90817197830148|24459&4&212.3564120440084|24476&4&1768.4463027683582|24492&4&4.829027256414036|24500&4&546.4634071309019,2|24397&4&1076.284797667562|24399&4&2729.8222457104366|24402&4&4577.043278366432|24419&4&1235.8649894799514|24435&4&1462.5140863468828|24437&4&173.299062012649|24439&4&1257.4875047274613|24442&4&567.346845080877|24445&4&2421.656722188475|24451&4&2990.0859905031775|24452&4&1876.0101643115067|24461&4&5355.5664632578955|24463&4&848.9438229699753|24467&4&1338.7498271331992|24477&4&679.054326473671|24478&4&3070.8744637341174|24479&4&646.31154579692|24483&4&1844.4737028796685|24486&4&3133.782892081378|24494&4&696.7925255472364,2|24403&4&1082.0723837732417|24427&4&23.670676063598634|24432&4&675.6709323080113|24434&4&4463.210526839306|24438&4&981.7254114406549|24440&4&2149.7969212645826|24453&4&6583.5268087894565|24454&4&719.6381456267096|24460&4&454.9039338594968|24464&4&408.707662514198|24465&4&664.4265283726339|24470&4&501.5695483894136|24482&4&3199.842073777668
368|4,130,1,1,1,1,1,1,1,1,1,1,1,1,1,1,1,1,1,1,1,1,1,1,1,1,1,1,1,1,1,1,1,1,1,1,1,1,1,1,1,1,1,1,1,1,1,1,1,1,1,1,1,1,1,1,1,1,1,1,1,1,1,1,1,1,1,1,1,1,1,1,1,1,1,1,1,1,1,1,1,1,1,1,1,1,1,1,1,1,1,1,1,1,1,1,1,1,1,1,1,1,0,0,0,0,0,0,0,0,0,0,0,0,0,0,0,0,0,0,0,0,2|24405&4&505.2390550463452|24408&4&682.3626129659258|24410&4&2654.9842134190753|24426&4&1195.5855121048185|24428&4&2676.1750608282314|24436&4&3107.726226226725|24447&4&38.053277965977905|24448&4&1110.991450301456|24449&4&161.68741499928947|24455&4&2759.8451216069448|24462&4&2134.648020646379|24471&4&1667.77762563652|24476&4&3306.017542592286|24484&4&7379.576586855841|24487&4&8.194601083469244|24488&4&258.92721483013344,2|24399&4&2170.6062163194206|24400&4&578.238549369097|24401&4&377.17356784990227|24409&4&2775.584289108108|24413&4&1365.787923630667|24417&4&1172.002105178523|24421&4&0.0|24427&4&3660.898708341674|24430&4&1274.898134966764|24451&4&338.4677449890474|24452&4&391.430579743866|24467&4&762.2471559953835|24473&4&3126.3888023569784|24495&4&218.46601374464615,2|24402&4&49.232450544441285|24404&4&128.80644596955761|24407&4&1484.2141955394172|24423&4&8759.51915414205|24426&4&172.99450058810987|24428&4&459.1905610008487|24430&4&1051.3439959762945|24445&4&663.0430379017619|24460&4&-1.1368683772161603E-13|24465&4&-4.3021142204224816E-16|24478&4&112.16627200394964|24485&4&3287.0292667876784|24489&4&484.2257490008325|24491&4&606.5609739688368,2|24399&4&707.1783921313499|24404&4&3127.6782515653|24405&4&1110.5746345350326|24406&4&1511.9805475218263|24411&4&318.76740973687896|24412&4&148.13217365085492|24418&4&674.8956147266146|24420&4&564.0641885320256|24429&4&5505.822287189176|24430&4&2179.7376397479834|24432&4&897.9992687719241|24435&4&518.546905728141|24441&4&0.0|24456&4&1020.5069148452162|24460&4&2229.160977376413|24468&4&734.8288097912814|24470&4&273.9050434550569|24479&4&4227.053551836732,2|24400&4&2122.2142661771277|24401&4&1042.7134966123976|24411&4&429.86107813454385|24415&4&2351.4008454801005|24431&4&7839.084329123304|24443&4&-1.1368683772161603E-13|24450&4&3753.94350048248|24459&4&2411.720829773852|24465&4&950.9458016346863|24467&4&700.6626903744765|24470&4&69.74519073257059|24472&4&2155.758981803243|24477&4&3569.1080691170687|24483&4&2471.2097919211787|24491&4&468.61882154758086|24493&4&5820.585739513231|24511&4&182.1870583060875,2|24409&4&472.62995952722974|24410&4&749.4181451679825|24414&4&134.5259811102569|24416&4&1592.3605748950135|24418&4&3937.9118422890456|24437&4&810.7966279420959|24438&4&165.4018431970218|24449&4&2087.6821150916344|24454&4&1493.627501334|24472&4&806.6551075607322|24480&4&3477.393283592897|24483&4&1357.3222425911927|24485&4&2053.781968024158|24489&4&2489.5843242545457,2|24417&4&3758.448529065062|24433&4&2037.496050501533|24443&4&5669.432201175009|24444&4&119.04811852989472|24446&4&2860.6427631188244|24452&4&4230.828513070289|24454&4&543.8408212607104|24459&4&113.66357312690816|24479&4&1858.0356148062217|24494&4&509.610952147101,2|24405&4&1172.2087765412546|24416&4&545.4182918547347|24417&4&992.8853910433157|24419&4&810.5910232311194|24424&4&1026.29934011354|24431&4&305.867216277151|24435&4&1992.6852483965652|24456&4&225.43288167684008|24459&4&130.68073512575523|24476&4&2587.6090366996805|24492&4&34.02517117277344|24500&4&862.6261531913025,2|24397&4&1002.4534152594296|24399&4&4209.150306661484|24402&4&4230.634377505432|24419&4&1773.144600354143|24435&4&1384.7281270795|24437&4&113.10608587642884|24439&4&1241.9195869945497|24442&4&895.9187114738086|24445&4&2157.046582353101|24451&4&2752.9415705951624|24452&4&1643.5299299972394|24461&4&5966.593610700581|24463&4&781.953948818277|24467&4&1152.6283734827775|24477&4&514.5439545383704|24478&4&3503.0072686887643|24479&4&593.4762804863688|24483&4&2282.566896144934|24486&4&3108.2822698512027|24494&4&653.7058751412247,2|24403&4&0.0|24427&4&-4.973799150320701E-14|24432&4&600.0397434987227|24434&4&4575.010835880695|24438&4&929.0469686410179|24440&4&1935.0912127831502|24453&4&6579.515525592089|24454&4&571.5636993138498|24460&4&337.1928999650522|24464&4&373.77325199320666|24465&4&904.5739918197786|24470&4&458.534232294051|24482&4&3383.024826737551
369|4,130,1,1,1,1,1,1,1,1,1,1,1,1,1,1,1,1,1,1,1,1,1,1,1,1,1,1,1,1,1,1,1,1,1,1,1,1,1,1,1,1,1,1,1,1,1,1,1,1,1,1,1,1,1,1,1,1,1,1,1,1,1,1,1,1,1,1,1,1,1,1,1,1,1,1,1,1,1,1,1,1,1,1,1,1,1,1,1,1,1,1,1,1,1,1,1,1,1,1,1,1,0,0,0,0,0,0,0,0,0,0,0,0,0,0,0,0,0,0,0,0,2|24405&4&392.28935711569096|24408&4&635.3568279597112|24410&4&2419.733205483867|24426&4&1113.3005755147585|24428&4&2461.691028824378|24436&4&3057.1612715578867|24447&4&36.15061406767901|24448&4&930.9970279883796|24449&4&96.26389469501824|24455&4&2782.2676141111724|24462&4&2181.0335464087193|24471&4&1526.4617911895525|24476&4&2966.474429410776|24484&4&6954.674576619638|24487&4&7.5642471539716105|24488&4&412.01960038059383,2|24399&4&1850.3241471096208|24400&4&389.0038259288496|24401&4&295.89719056827647|24409&4&2436.7519242857975|24413&4&1872.922521926665|24417&4&1106.8908771130496|24427&4&3557.272365293293|24430&4&1681.4952896945745|24451&4&239.042865832193|24452&4&864.2307716771586|24467&4&721.2002955651653|24473&4&3360.512494908288|24495&4&206.96780249492792,2|24402&4&16.10029140810375|24404&4&91.96310159618079|24407&4&1353.5845161572772|24423&4&8018.5855203374795|24426&4&164.34477555870438|24428&4&435.06343534086494|24430&4&819.1417559869894|24445&4&627.9243006076625|24478&4&44.06549707250055|24485&4&2791.329867403956|24489&4&892.8581316837117|24491&4&576.232925270395,2|24399&4&656.6656498362535|24404&4&2998.9827828951584|24405&4&1031.765344582404|24406&4&2013.9807874410558|24411&4&296.5344995983889|24412&4&140.72556496831217|24418&4&534.5251586962081|24420&4&776.9039469733882|24429&4&4995.097658610038|24430&4&2028.3644983939625|24432&4&833.786651253017|24435&4&478.65868221059173|24441&4&110.51224964730004|24456&4&947.2922496882707|24460&4&2814.435005320979|24468&4&778.6113785522044|24470&4&202.60757258848787|24479&4&5653.933070644058,2|24400&4&3478.0529157865044|24401&4&1116.206946489608|24411&4&388.79757524548563|24415&4&2366.3083484967287|24431&4&7261.003368489273|24450&4&4074.156085487005|24459&4&2700.7968030952475|24465&4&880.5338776256297|24467&4&636.8197984516324|24470&4&61.02704189099927|24472&4&1894.864016578585|24477&4&4207.845378948401|24483&4&2247.2553706723656|24491&4&362.38499204472777|24493&4&5314.462209415703|24511&4&140.62820611379863,2|24409&4&925.5817076216074|24410&4&710.4095292988636|24414&4&699.2346969395578|24416&4&1483.8322811981031|24418&4&4132.881714471182|24437&4&770.2567965449912|24438&4&156.7340864017646|24449&4&2386.8783053354277|24454&4&2213.1421418035948|24472&4&763.2450606349737|24480&4&4489.825710673043|24483&4&1081.2552739605537|24485&4&1917.541797992048|24489&4&2232.733264963533,2|24417&4&3471.9014456589684|24433&4&1810.6326970560895|24443&4&6222.644674371202|24444&4&104.61470162338142|24446&4&3190.036680374073|24452&4&3959.1410746171005|24454&4&508.86090206621986|24459&4&94.71964427242344|24479&4&1570.8266780047852|24494&4&415.3382838090888,2|24405&4&1670.3557686089366|24416&4&514.6093993235385|24417&4&810.1842255901287|24419&4&667.61604963433|24424&4&1546.903571217781|24431&4&252.8388626758795|24435&4&1735.9644173691822|24456&4&212.95759137537866|24459&4&64.35185549046615|24476&4&3048.915281226468|24492&4&32.28367072033132|24500&4&894.965816081415,2|24397&4&928.6220328512968|24399&4&4721.763861284837|24402&4&4083.275830470964|24419&4&1670.7263535901905|24435&4&1306.942167812117|24437&4&79.38436931296434|24439&4&1776.9585532689075|24442&4&818.2267942858499|24445&4&1906.9487455276596|24451&4&2886.8752605405157|24452&4&1424.181714229066|24461&4&6503.889689746765|24463&4&1104.46404321217|24467&4&969.5341701377296|24477&4&372.0471405752951|24478&4&3800.105439071255|24479&4&540.6410151758175|24483&4&2885.531935170757|24486&4&3630.0479635291067|24494&4&610.6192247352133,2|24403&4&283.9609220616669|24432&4&524.4085546894341|24434&4&4147.30055237534|24438&4&876.3685258413809|24440&4&1720.3855043017177|24453&4&7255.366744694555|24454&4&432.20312154401074|24460&4&219.48186607060765|24464&4&338.83884147221534|24465&4&857.2199823813257|24470&4&415.4989161986882|24482&4&3113.593713850112
370|4,130,1,1,1,1,1,1,1,1,1,1,1,1,1,1,1,1,1,1,1,1,1,1,1,1,1,1,1,1,1,1,1,1,1,1,1,1,1,1,1,1,1,1,1,1,1,1,1,1,1,1,1,1,1,1,1,1,1,1,1,1,1,1,1,1,1,1,1,1,1,1,1,1,1,1,1,1,1,1,1,1,1,1,1,1,1,1,1,1,1,1,1,1,1,1,1,1,1,1,1,1,0,0,0,0,0,0,0,0,0,0,0,0,0,0,0,0,0,0,0,0,2|24405&4&305.12350682475966|24408&4&616.4642368136238|24410&4&2184.911580341532|24426&4&1031.0156389246986|24428&4&2247.2069968205246|24436&4&2799.641014920194|24447&4&34.24795016938011|24448&4&751.0026056753029|24449&4&48.51367291976392|24455&4&2897.631672800725|24462&4&2470.112151650844|24471&4&1485.6945320440268|24476&4&2632.150447204634|24484&4&6269.325527784249|24487&4&6.933893224473977|24488&4&388.8646939540998,2|24399&4&1575.5678513433486|24400&4&241.89686811274598|24401&4&220.12028276169275|24409&4&2097.919559463487|24413&4&1739.9987178126016|24417&4&1041.7796490475762|24427&4&3227.2147489312847|24430&4&1918.2635974029133|24433&4&419.72615347500414|24451&4&167.00714681757|24452&4&1200.3585066630794|24467&4&710.276209654946|24473&4&3443.190185781955|24495&4&195.4695912452097,2|24402&4&-2.8421709430404007E-14|24404&4&55.11975722280391|24407&4&1222.9548367751374|24423&4&7692.833077354657|24426&4&340.5671045869218|24428&4&410.93630968088115|24430&4&613.0770207321447|24445&4&971.1779568768843|24448&4&1033.445376430962|24478&4&1.5631940186722204E-13|24485&4&2310.1175918337203|24489&4&1389.7620380830092|24491&4&545.9048765719531,2|24399&4&606.152907541157|24404&4&3107.970469055178|24405&4&952.9560546297749|24406&4&2086.376895814695|24411&4&274.3015894598988|24412&4&133.31895628576942|24418&4&401.19387097931076|24420&4&686.9931022847543|24429&4&4484.373030030902|24430&4&1876.991357039942|24432&4&769.57403373411|24435&4&438.77045869304243|24441&4&104.98663716493503|24456&4&874.0775845313252|24460&4&3597.8724037686693|24468&4&662.0181991936365|24470&4&131.31010172191884|24479&4&6071.662901027911,2|24400&4&4231.343636519221|24401&4&1028.6024942484855|24411&4&347.7340723564274|24415&4&2127.8945692035486|24431&4&6852.71787752363|24450&4&3759.3410125371693|24459&4&2904.079572529643|24465&4&810.1219536165729|24467&4&572.9769065287883|24470&4&52.30889304942795|24472&4&1633.9690513539272|24477&4&4278.946586249302|24483&4&2023.3009494235525|24491&4&256.1511625418747|24493&4&4842.673801481595|24511&4&105.81547899575628,2|24409&4&876.3002318055006|24410&4&671.4009134297447|24414&4&663.9366471398043|24416&4&1375.3039875011928|24418&4&4149.2960570945515|24437&4&782.7010116711302|24438&4&148.06632960650745|24449&4&2484.6098064932658|24454&4&2091.4176146156733|24472&4&719.835013709215|24480&4&5146.737241587568|24483&4&827.0890283621818|24484&4&1597.7036653419332|24485&4&3915.714380894492|24489&4&1987.0245846030466,2|24417&4&3185.354362252876|24433&4&1583.7693436106458|24443&4&6045.377988558776|24444&4&546.567058093661|24446&4&3304.3118540753476|24452&4&3687.453636163912|24454&4&473.8809828717294|24459&4&75.77571541793871|24479&4&1332.894167550574|24494&4&321.0656154710766,2|24405&4&2037.6174972955514|24416&4&483.8005067923423|24417&4&627.4830601369417|24419&4&532.9399473829513|24424&4&2023.4420519498622|24431&4&199.81050907460804|24435&4&1479.2435863417988|24456&4&200.48230107391726|24459&4&37.68372167133009|24476&4&2879.0816699321053|24492&4&30.542170267889198|24500&4&939.566334492559,2|24397&4&854.7906504431644|24399&4&5660.767925478136|24402&4&3954.9963013895294|24419&4&2336.207190554253|24435&4&1315.3391692741152|24437&4&45.66265274949974|24439&4&1933.9390465970891|24442&4&740.5348770978912|24445&4&1656.8509087022185|24451&4&3107.218672961504|24452&4&1223.8513797050432|24461&4&6489.850084475563|24463&4&1023.0600530648487|24467&4&799.0123068039575|24477&4&281.6789267158789|24478&4&5056.426489196038|24479&4&487.8057498652664|24483&4&3436.4552955177173|24486&4&4024.0601970967855|24494&4&984.7038751741593,2|24403&4&269.76287595858355|24432&4&448.77736588014557|24434&4&4275.565728714293|24438&4&823.690083041744|24440&4&1505.6797958202853|24453&4&7346.683530815857|24454&4&329.5176804894241|24460&4&128.34833885286022|24464&4&303.904430951224|24465&4&809.865972942873|24470&4&524.1528336316139|24482&4&3069.658688814085
371|4,130,1,1,1,1,1,1,1,1,1,1,1,1,1,1,1,1,1,1,1,1,1,1,1,1,1,1,1,1,1,1,1,1,1,1,1,1,1,1,1,1,1,1,1,1,1,1,1,1,1,1,1,1,1,1,1,1,1,1,1,1,1,1,1,1,1,1,1,1,1,1,1,1,1,1,1,1,1,1,1,1,1,1,1,1,1,1,1,1,1,1,1,1,1,1,1,1,1,1,1,1,0,0,0,0,0,0,0,0,0,0,0,0,0,0,0,0,0,0,0,0,2|24405&4&252.94784580446887|24408&4&619.7841066837691|24410&4&1950.0899551991965|24426&4&956.4219995542253|24428&4&2034.3482643939346|24436&4&2542.120758282502|24447&4&32.345286271081214|24448&4&630.4998396046519|24449&4&19.54085451261642|24455&4&2794.6449292297348|24462&4&2240.253054370457|24471&4&1984.7174741247118|24475&4&12.83522348236341|24476&4&2297.8264649984926|24484&4&5646.904470718725|24487&4&6.303539294976343|24488&4&365.7097875276057,2|24399&4&1349.068251004297|24400&4&152.6140506638198|24401&4&144.83914349756594|24409&4&1759.0871946411767|24413&4&1607.0749136985373|24417&4&1054.5104291547314|24427&4&2897.157132569277|24430&4&2698.730902466172|24433&4&398.7398458012539|24451&4&110.12031158650966|24452&4&1137.152499128905|24456&4&9.94643441795698|24462&4&702.9321139577327|24467&4&667.7232104987279|24473&4&3108.1156263450057|24485&4&1510.343955400655|24495&4&183.97137999549147,2|24404&4&18.276412849427047|24407&4&1092.3251573929977|24423&4&7743.339385783998|24426&4&651.5846211250771|24428&4&794.1256438851406|24430&4&418.45725812841454|24445&4&1145.9269755364496|24448&4&1214.4709437252216|24485&4&1910.608959244813|24489&4&1816.3119952837856|24491&4&1384.5675228886162,2|24399&4&555.6401652460605|24404&4&3223.3460628199|24405&4&874.1467646771462|24406&4&2054.503607121133|24411&4&252.06867932140878|24412&4&126.05270418919895|24418&4&287.30172660328657|24420&4&767.7851449583579|24429&4&3973.648401451766|24430&4&1725.6182156859209|24432&4&705.361416215203|24435&4&398.8822351754931|24441&4&99.46102468257003|24456&4&800.8629193743797|24460&4&4019.7417842874165|24468&4&1350.9048033788686|24470&4&68.97037539763184|24479&4&5964.444546056866,2|24400&4&3956.0576483468813|24401&4&1106.1660855479145|24411&4&306.6705694673692|24415&4&2055.3395792660012|24431&4&7721.682179937058|24450&4&3857.710175361759|24459&4&2986.6197034155925|24465&4&739.7100296075162|24467&4&509.1340146059442|24470&4&43.59074420785663|24472&4&1373.0740861292693|24477&4&4448.805721231527|24483&4&1799.3465281747392|24491&4&149.91733303902168|24493&4&4607.1250617155065|24511&4&79.04555576947882,2|24409&4&1507.7162983181927|24410&4&632.3922975606258|24414&4&628.6385973400508|24416&4&1266.7756938042821|24418&4&4076.2789076071585|24437&4&0.0|24438&4&139.39857281125026|24449&4&2709.8310227291868|24454&4&1969.693087427752|24472&4&1277.4890321974183|24480&4&4780.271797800095|24483&4&607.6487286789825|24484&4&1517.8184820748365|24485&4&3672.753573215655|24489&4&1747.10447413107,2|24417&4&2898.8072788467825|24433&4&1356.9059901652024|24443&4&5969.266824034287|24444&4&520.0262287157345|24446&4&3286.589834358046|24452&4&3415.7661977107227|24454&4&438.9010636772389|24459&4&56.83178656345399|24479&4&1128.5629814391075|24484&4&1440.0212254049156|24494&4&247.68212166837256,2|24405&4&2183.408635259427|24416&4&452.9916142611461|24417&4&444.7818946837547|24419&4&418.28555436789867|24424&4&1901.8968999509866|24431&4&146.78215547333653|24435&4&1222.5227553144157|24456&4&188.00701077245583|24459&4&16.23905100746293|24476&4&2709.2480586377424|24492&4&28.800669815447073|24500&4&976.5552468340975,2|24397&4&780.9592680350318|24399&4&5570.1397258422185|24402&4&3907.377426269414|24419&4&2739.0087369472567|24435&4&2040.9345408692507|24437&4&0.0|24439&4&2016.815129182342|24442&4&662.8429599099327|24445&4&1412.5199225254853|24451&4&3467.0918135001193|24452&4&1033.2160375884155|24461&4&6474.750113368154|24463&4&941.6560629175275|24467&4&633.4536975940276|24477&4&227.3542282873548|24478&4&4977.135759721943|24479&4&434.9704845547152|24483&4&3916.907807492287|24486&4&4032.8577541415316|24494&4&1248.0210122501026,2|24403&4&255.5648298555002|24432&4&373.146177070857|24434&4&3834.826903717287|24438&4&771.0116402421071|24440&4&1370.912789267197|24453&4&7884.714336266924|24454&4&231.12773713737425|24460&4&79.4786105214988|24464&4&268.9700204302327|24465&4&762.5119635044202|24470&4&997.7823629612667|24482&4&3040.633433066546
372|4,130,1,1,1,1,1,1,1,1,1,1,1,1,1,1,1,1,1,1,1,1,1,1,1,1,1,1,1,1,1,1,1,1,1,1,1,1,1,1,1,1,1,1,1,1,1,1,1,1,1,1,1,1,1,1,1,1,1,1,1,1,1,1,1,1,1,1,1,1,1,1,1,1,1,1,1,1,1,1,1,1,1,1,1,1,1,1,1,1,1,1,1,1,1,1,1,1,1,1,1,1,0,0,0,0,0,0,0,0,0,0,0,0,0,0,0,0,0,0,0,0,2|24405&4&215.47037237482533|24408&4&578.3651123375804|24410&4&1715.2683300568615|24426&4&885.6817371335583|24428&4&1821.4895319673446|24436&4&2284.6005016448094|24447&4&30.442622372782317|24448&4&520.1020851114355|24449&4&6.437993144532523|24455&4&2584.9797519676213|24462&4&2040.5701810120654|24471&4&2604.717118314529|24475&4&12.19346230824524|24476&4&1963.5024827923512|24484&4&5087.121198609657|24487&4&5.673185365478709|24488&4&952.0187606562585,2|24399&4&1150.361198952287|24400&4&505.4473190031714|24401&4&87.2374764683631|24409&4&1444.442482909172|24413&4&1474.1511095844735|24417&4&1761.135174611055|24427&4&3091.2020077763614|24430&4&3012.941759514511|24433&4&762.6461942597952|24451&4&66.01642249223245|24452&4&2134.0651140549203|24456&4&9.44911269705913|24462&4&715.9374464638605|24467&4&625.1702113425094|24473&4&2773.041066908055|24485&4&2441.596561036861|24495&4&172.47316874577325,2|24404&4&1.0395116808541711|24407&4&962.160797118504|24423&4&9329.796680859734|24426&4&624.3086192758864|24428&4&1451.0812009351666|24430&4&257.017885165115|24445&4&1660.5797917224058|24448&4&1473.9279193538594|24476&4&1164.5781156265095|24485&4&1556.369208373867|24489&4&1981.5934646219598|24491&4&1515.274843750186,2|24399&4&505.1274229509641|24404&4&3112.6983774541277|24405&4&795.3374747245173|24406&4&2328.4939128862607|24411&4&229.83576918291874|24412&4&118.63907767735759|24418&4&175.45818195607202|24420&4&680.2312886002862|24429&4&4032.5943276139783|24430&4&1574.2450743319005|24432&4&641.148798696296|24435&4&358.9940116579438|24441&4&173.86837521112466|24456&4&727.6482542174342|24460&4&3755.411638627952|24468&4&2113.365286990148|24470&4&0.0|24479&4&5565.71196122497,2|24400&4&3680.7716601745415|24401&4&1694.9280767794612|24411&4&265.60706657831105|24415&4&2425.3152561725024|24431&4&7537.469850037714|24450&4&3929.5227504802515|24459&4&2929.348930498002|24465&4&669.2981055984594|24467&4&445.29112268310007|24470&4&0.0|24472&4&1126.4072288963494|24477&4&4395.245306432737|24483&4&1575.3921069259259|24491&4&84.24712568392614|24493&4&4150.293475597313|24511&4&59.176592602885556,2|24409&4&2754.1467809759383|24410&4&593.3836816915068|24414&4&593.3405475402972|24416&4&1158.2474001073715|24418&4&4717.409043846144|24438&4&130.73081601599307|24449&4&2711.6197908082927|24454&4&1847.9685602398308|24472&4&2366.836475539771|24480&4&4415.820312992935|24483&4&388.2084289957831|24484&4&1437.93329880774|24485&4&3429.7927655368167|24489&4&1529.9125756017518,2|24417&4&2612.2601954406896|24433&4&1130.042636719759|24443&4&5825.988378603218|24444&4&0.0|24446&4&3019.528240451216|24452&4&3144.078759257534|24454&4&403.9211444827484|24459&4&37.887857708969264|24479&4&931.8946503583096|24484&4&2167.567856420996|24494&4&184.94693949080164,2|24405&4&2055.417787070573|24412&4&4.150351229872971|24416&4&422.1827217299499|24417&4&280.930939505644|24419&4&319.15067616461323|24424&4&1782.0020911793983|24431&4&93.75380187206504|24435&4&992.4730115757732|24456&4&175.53172047099443|24459&4&0.6742783034855626|24476&4&2539.4144473433794|24492&4&0.0|24500&4&1029.349133340309,2|24397&4&707.1278856268991|24399&4&5449.58831283213|24402&4&4213.738440673454|24419&4&3327.9877622208896|24435&4&2774.193570034818|24439&4&1829.8102714197794|24442&4&585.1510427219741|24445&4&1171.0826253869577|24451&4&3155.6227235668334|24452&4&848.6957798602466|24461&4&6102.2180728014955|24463&4&860.2520727702063|24467&4&467.89508838409773|24477&4&189.46185690612896|24478&4&4610.626052774539|24479&4&382.13521924416403|24483&4&5879.137592628489|24486&4&3742.1552631632335|24494&4&1615.4173304509234,2|24403&4&241.36678375241684|24432&4&297.5149882615684|24434&4&3690.346023262643|24438&4&718.3331974424701|24440&4&1708.4305921916541|24453&4&7594.285866539985|24454&4&132.73779378532438|24460&4&64.73654713784029|24464&4&234.03560990924137|24465&4&715.1579540659675|24470&4&0.0|24482&4&2994.7275705451957
373|4,130,1,1,1,1,1,1,1,1,1,1,1,1,1,1,1,1,1,1,1,1,1,1,1,1,1,1,1,1,1,1,1,1,1,1,1,1,1,1,1,1,1,1,1,1,1,1,1,1,1,1,1,1,1,1,1,1,1,1,1,1,1,1,1,1,1,1,1,1,1,1,1,1,1,1,1,1,1,1,1,1,1,1,1,1,1,1,1,1,1,1,1,1,1,1,1,1,1,1,1,1,0,0,0,0,0,0,0,0,0,0,0,0,0,0,0,0,0,0,0,0,2|24405&4&177.99289894518176|24408&4&536.9461179913918|24410&4&1480.4467049145264|24426&4&820.853049536614|24428&4&1632.7090817028409|24436&4&2027.0802450071174|24447&4&0.0|24448&4&425.98337677867056|24449&4&2.6275414728513566|24455&4&2375.314574705508|24462&4&1840.8873076536736|24471&4&2907.2826821260123|24475&4&11.551701134127068|24476&4&1674.2601983565353|24481&4&94.40530231192866|24484&4&4563.720236566017|24487&4&5.042831435981075|24488&4&0.0,2|24399&4&971.8087198106401|24400&4&740.9344637482236|24401&4&59.154222063375606|24409&4&1201.4137765639891|24413&4&1341.2273054704092|24417&4&2157.2363225837835|24427&4&3739.657463450061|24430&4&4199.807177253383|24433&4&2060.7895267889107|24451&4&21.91253339795518|24452&4&2017.853175397736|24453&4&220.2163529218401|24456&4&37.014181361078556|24462&4&678.3832438557731|24467&4&1363.006765542872|24473&4&2976.2710492946944|24485&4&2453.0847892197|24492&4&104.0589636368231|24495&4&160.97495749605503,2|24404&4&-7.549516567451064E-15|24407&4&831.9964368440106|24423&4&10869.203954092874|24426&4&589.6166059252466|24428&4&1419.5155512165115|24430&4&131.27148040570043|24445&4&2060.6376963553466|24448&4&1864.881903327085|24476&4&1870.9042444342801|24485&4&1232.0621848381313|24489&4&1870.4625662455137|24491&4&2002.2639728705665,2|24399&4&454.6146806558677|24404&4&2944.2327612415847|24405&4&716.5281847718885|24406&4&2152.4676849793295|24411&4&207.60285904442867|24412&4&111.22545116551622|24418&4&107.21040472745071|24420&4&653.245906596778|24429&4&3693.4606130350367|24430&4&1422.8719329778796|24432&4&613.649840851497|24435&4&319.1057881403945|24441&4&164.34611457821364|24456&4&654.4335890604887|24460&4&3491.081492968486|24468&4&2008.541759906706|24479&4&5166.979376393073,2|24400&4&3405.4856720022017|24401&4&1564.8339800788262|24411&4&224.54356368925284|24415&4&2341.697015488003|24431&4&7396.3172987317075|24450&4&3583.9677101021534|24459&4&2702.9815304370295|24465&4&598.8861815894027|24467&4&381.448230760256|24472&4&917.3530454058484|24477&4&4074.5601936697744|24483&4&1351.4376856771128|24491&4&43.06034933989151|24493&4&3688.0351793678105|24511&4&39.30762943629233,2|24409&4&2954.1443197943295|24410&4&688.5857799290662|24414&4&558.0424977405436|24416&4&1049.719106410461|24418&4&5069.654632416843|24438&4&122.06305922073587|24449&4&2520.296743635107|24454&4&1878.9259914822924|24472&4&2990.7819250398065|24480&4&4051.3688281857735|24483&4&232.7339479321442|24484&4&1358.0481155406433|24485&4&3186.8319578579794|24489&4&1332.874992888818|24496&4&48.595576760628774,2|24417&4&2325.7131120345966|24433&4&919.5805632868596|24443&4&6032.434549181509|24444&4&0.0|24446&4&2752.466646544386|24452&4&2872.391320804345|24454&4&368.9412252882579|24459&4&18.94392885448454|24479&4&748.0491112552976|24484&4&2055.589410536434|24494&4&135.01928297714497,2|24405&4&1927.4269388817193|24412&4&3.9428336683793224|24416&4&391.3738291987537|24417&4&146.8656602462698|24419&4&246.2334101865568|24424&4&1662.1072824078096|24431&4&49.12553554701803|24435&4&792.910612526074|24456&4&163.05643016953303|24459&4&4.218847493575595E-15|24476&4&2369.5808360490164|24500&4&966.3501091792108,2|24397&4&633.2965032187666|24399&4&5097.012591419498|24402&4&3837.0237113805183|24419&4&3121.210271295597|24435&4&2657.566402201519|24439&4&2046.9428096092265|24442&4&507.45912553401547|24445&4&962.0449779138035|24451&4&3328.9291240816883|24452&4&687.7405151755471|24461&4&5526.495319518172|24463&4&778.8480826228849|24467&4&302.33647917416783|24477&4&151.56948552490311|24478&4&4244.116345827133|24479&4&329.29995393361287|24483&4&6011.771483570439|24486&4&3451.452772184935|24494&4&1512.7237648126893,2|24403&4&227.16873764933348|24432&4&221.88379945227985|24434&4&4242.949906757347|24438&4&665.6547546428333|24440&4&2261.1919018451913|24453&4&6897.271645473641|24454&4&61.781063510144996|24460&4&49.994483754181445|24464&4&199.10119938825005|24465&4&667.8039446275147|24470&4&230.3255214113032|24482&4&2814.4569702377757
374|4,130,1,1,1,1,1,1,1,1,1,1,1,1,1,1,1,1,1,1,1,1,1,1,1,1,1,1,1,1,1,1,1,1,1,1,1,1,1,1,1,1,1,1,1,1,1,1,1,1,1,1,1,1,1,1,1,1,1,1,1,1,1,1,1,1,1,1,1,1,1,1,1,1,1,1,1,1,1,1,1,1,1,1,1,1,1,1,1,1,1,1,1,1,1,1,1,1,1,1,1,1,0,0,0,0,0,0,0,0,0,0,0,0,0,0,0,0,0,0,0,0,2|24405&4&140.5154255155382|24408&4&495.5271236452032|24410&4&1245.6250797721912|24426&4&756.0243619396697|24428&4&1443.9286314383369|24436&4&1970.7707460789995|24448&4&344.599603543957|24449&4&1.4210854715202004E-14|24455&4&2165.649397443395|24462&4&1641.2044342952818|24471&4&3196.2550729780687|24475&4&10.909939960008897|24476&4&1441.8109138763075|24481&4&89.68503719633223|24484&4&4040.319274522377|24487&4&4.412477506483441|24488&4&24.12315253272429,2|24399&4&793.2562406689933|24400&4&1192.049339714039|24401&4&39.856179751512826|24409&4&996.2791930311021|24413&4&1680.3959745642583|24417&4&3208.02980509842|24427&4&4108.432372196402|24430&4&5041.746618940126|24433&4&2489.638007355603|24451&4&-9.237055564881302E-14|24452&4&1901.6412367405521|24453&4&1229.4052260564638|24456&4&105.53309264664297|24462&4&1028.1322634349358|24467&4&2129.268550802699|24473&4&3276.5682185419914|24485&4&3525.2813282607744|24492&4&98.85601545498194|24495&4&239.18074812896077,2|24407&4&701.8320765695171|24423&4&10049.253306057431|24426&4&554.924592574607|24428&4&1377.1984883180921|24430&4&43.474380201359665|24445&4&2369.4585558206754|24448&4&1761.9165683162798|24476&4&2256.640621623882|24485&4&926.641320040899|24489&4&1926.9882202168815|24491&4&2282.2511239797263,2|24399&4&404.10193836077127|24404&4&2977.0289331103677|24405&4&637.7188948192597|24406&4&1988.3242603885674|24411&4&185.36994890593863|24412&4&103.81182465367485|24418&4&78.69772909063107|24420&4&1180.8139576566118|24429&4&3791.947853214262|24430&4&1271.4987916238588|24432&4&1600.630303264587|24435&4&279.2175646228452|24441&4&154.8238539453027|24456&4&581.2189239035431|24460&4&3226.751347309021|24468&4&1869.100368852077|24479&4&4768.246791561178,2|24400&4&3130.199683829862|24401&4&1434.7398833781913|24411&4&183.48006080019462|24415&4&2606.1901014974437|24431&4&7219.652724742741|24450&4&3251.2288637260885|24459&4&2629.950603897734|24465&4&528.4742575803459|24467&4&317.60533883741186|24472&4&750.7682703145804|24477&4&3753.875080906813|24483&4&1127.4832644282997|24491&4&18.50352369635908|24493&4&3607.096488790413|24511&4&19.438666269699112,2|24409&4&3003.9879892914505|24410&4&642.8666283546135|24414&4&522.74444794079|24416&4&941.1908127135506|24418&4&4694.671539473024|24438&4&113.39530242547866|24449&4&2328.973696461921|24454&4&2426.7962493866307|24472&4&3253.42218225805|24480&4&3686.9173433786136|24483&4&140.35907872747353|24484&4&1278.1629322735466|24485&4&2943.871150179142|24489&4&1135.837410175884|24496&4&46.165797922597335,2|24417&4&2039.1660286285035|24433&4&763.1956514470444|24443&4&6061.394895756984|24444&4&0.0|24446&4&2797.843768106384|24452&4&2600.7038823511566|24454&4&333.96130609376735|24459&4&-1.8474111129762605E-13|24479&4&564.2035721522857|24484&4&1943.6109646518719|24494&4&85.09162646348844,2|24405&4&1799.4360906928655|24412&4&3.7353161068856737|24416&4&360.5649366675575|24417&4&58.376713910928935|24419&4&174.74183449530315|24424&4&1542.2124736362211|24431&4&24.525867283793488|24435&4&644.1057417578838|24448&4&310.3995623103875|24456&4&150.5811398680716|24476&4&2199.747224754654|24494&4&131.97141560896137|24500&4&903.3510850181126,2|24397&4&728.095701364399|24399&4&4906.094914046789|24402&4&4159.404298761224|24419&4&2914.432780370305|24435&4&2489.8678681101883|24439&4&1979.7822876917903|24442&4&1159.4558450968082|24445&4&770.2838578496276|24451&4&3388.314467615338|24452&4&534.6778804308549|24461&4&5533.109343064885|24463&4&697.4440924755638|24467&4&177.09455863466297|24477&4&113.67711414367727|24478&4&3877.6066388797285|24479&4&276.46468862306165|24483&4&6438.229610840956|24486&4&3160.7502812066364|24494&4&1410.030199174455,2|24403&4&212.97069154625012|24432&4&146.2526106429913|24434&4&4585.103475643713|24438&4&612.9763118431963|24440&4&2057.8832244998307|24453&4&6202.82144582344|24454&4&6.593433568881976|24460&4&35.2524203705226|24464&4&165.91766615687504|24465&4&620.449935189062|24470&4&218.80924534073804|24482&4&2763.834631427672
375|4,130,1,1,1,1,1,1,1,1,1,1,1,1,1,1,1,1,1,1,1,1,1,1,1,1,1,1,1,1,1,1,1,1,1,1,1,1,1,1,1,1,1,1,1,1,1,1,1,1,1,1,1,1,1,1,1,1,1,1,1,1,1,1,1,1,1,1,1,1,1,1,1,1,1,1,1,1,1,1,1,1,1,1,1,1,1,1,1,1,1,1,1,1,1,1,1,1,1,1,1,1,0,0,0,0,0,0,0,0,0,0,0,0,0,0,0,0,0,0,0,0,2|24405&4&103.03795208589466|24408&4&454.1081292990145|24410&4&1010.8034546298561|24426&4&691.1956743427254|24428&4&1255.148181173833|24433&4&98.02466793964572|24436&4&2209.2106448297645|24448&4&276.8658751709719|24455&4&1955.984220181282|24462&4&1452.8136347393752|24471&4&3707.5878054930963|24475&4&10.268178785890726|24476&4&1214.5325756956684|24481&4&0.0|24484&4&3516.918312478737|24487&4&3.782123576985807|24488&4&22.916994906088075|24495&4&167.84620267131345,2|24399&4&649.2447820220195|24400&4&1419.365891716071|24401&4&20.558137439650114|24407&4&430.7176991592278|24409&4&802.2127658423917|24413&4&1981.5499102147323|24417&4&4601.916317029802|24427&4&3738.936324023926|24430&4&5731.200570802886|24433&4&2355.6884464898876|24452&4&1823.0906298572538|24453&4&1389.5532341661406|24456&4&100.11168378021384|24462&4&1095.353486132562|24467&4&2005.3043608744576|24473&4&3581.8086001678394|24480&4&634.3815127020487|24485&4&3332.312473374892|24492&4&0.0|24495&4&223.19733678511136,2|24407&4&571.6677162950235|24423&4&9239.974983285478|24426&4&520.2325792239674|24428&4&1293.2507133062043|24430&4&2.7000623958883807E-13|24445&4&2290.7983757588104|24448&4&1658.951233305474|24476&4&2136.0743123780826|24485&4&670.8086263936223|24489&4&2149.0582315045067|24491&4&2405.1211744333887,2|24399&4&353.58919606567486|24404&4&2876.5162544595582|24405&4&558.9096048666308|24406&4&1841.8394982699142|24411&4&163.1370387674486|24412&4&96.39819814183349|24418&4&55.187587499419045|24420&4&1084.1326857233503|24429&4&4597.453458304221|24430&4&1120.125650269838|24432&4&2755.283054384062|24435&4&239.32934110529587|24441&4&145.30159331239167|24456&4&508.00425874659766|24460&4&2962.4212016495558|24468&4&1729.6589777974484|24479&4&4369.514206729281,2|24400&4&2854.913695657522|24401&4&1540.0956713420726|24411&4&142.41655791113644|24415&4&2400.291250138086|24431&4&6738.035964229397|24450&4&2918.490017350024|24459&4&2395.916380160678|24465&4&458.0623335712891|24467&4&253.76244691456782|24472&4&607.7760271351658|24477&4&3770.9198258339657|24483&4&903.5288431794866|24491&4&6.3786713515604285|24493&4&3146.3862562616787|24511&4&6.406449515800839,2|24409&4&3680.689894830609|24410&4&597.1474767801606|24414&4&487.4463981410365|24416&4&832.6625190166401|24418&4&4319.688446529204|24438&4&104.72754563022147|24449&4&2137.650649288735|24454&4&2429.118628376598|24472&4&3668.9752509524797|24480&4&3328.452796127143|24483&4&79.26004247222085|24484&4&1198.27774900645|24485&4&2700.9103425003045|24489&4&957.9954525014123|24496&4&43.736019084565896,2|24415&4&71.53933333346527|24417&4&1752.6189452224105|24433&4&641.1338523381374|24443&4&5774.868677716619|24446&4&2611.9536934392163|24452&4&2329.0164438979677|24454&4&298.98138689927686|24479&4&380.3580330492737|24484&4&1831.6325187673096|24494&4&35.65729445226145,2|24405&4&1671.4452425040117|24412&4&3.527798545392025|24416&4&329.7560441363613|24417&4&4.405364961712621E-13|24419&4&107.24663917691784|24424&4&1422.3176648646327|24431&4&-1.6342482922482304E-13|24435&4&507.11184712508276|24448&4&294.87958419486813|24456&4&138.10584956661023|24468&4&30.180812479376527|24476&4&2029.913613460291|24485&4&1191.3641937862872|24494&4&540.0978787167616|24500&4&924.5845282216873,2|24397&4&889.5259259157876|24399&4&4545.43629043216|24402&4&4261.37417423931|24419&4&2707.655289445012|24435&4&2322.1693340188576|24439&4&1800.9924730370715|24442&4&1237.2450882931118|24445&4&594.1557906305972|24451&4&4216.256432283872|24452&4&387.9832865382002|24461&4&5014.6832683129005|24463&4&616.0401023282425|24467&4&88.30148243444205|24477&4&75.78474276245143|24478&4&3511.0969319323235|24479&4&223.62942331251043|24483&4&6248.726544840894|24486&4&2870.0477902283383|24494&4&1307.336633536221,2|24403&4&198.77264544316677|24432&4&70.62142183370274|24434&4&5674.8631217782395|24438&4&560.2978690435593|24440&4&1927.290240737289|24453&4&5591.758611812379|24454&4&0.4811162652688574|24460&4&20.510356986863755|24464&4&132.73413292550003|24465&4&650.5713898075928|24470&4&208.15076080829334|24482&4&2933.584182510167
376|4,130,1,1,1,1,1,1,1,1,1,1,1,1,1,1,1,1,1,1,1,1,1,1,1,1,1,1,1,1,1,1,1,1,1,1,1,1,1,1,1,1,1,1,1,1,1,1,1,1,1,1,1,1,1,1,1,1,1,1,1,1,1,1,1,1,1,1,1,1,1,1,1,1,1,1,1,1,1,1,1,1,1,1,1,1,1,1,1,1,1,1,1,1,1,1,1,1,1,1,1,1,0,0,0,0,0,0,0,0,0,0,0,0,0,0,0,0,0,0,0,0,2|24405&4&65.5604786562511|24408&4&412.6891349528259|24410&4&778.0423770150421|24419&4&798.1734313332802|24426&4&626.3669867457811|24428&4&1066.367730909329|24431&4&1017.7451481860203|24433&4&647.7137308014193|24436&4&2624.4284781132055|24448&4&218.4980493869352|24450&4&150.89258127807125|24455&4&1746.3190429191689|24462&4&1269.1449741574997|24471&4&3444.9725375039893|24475&4&9.626417611772554|24476&4&987.2542375150293|24484&4&2993.517350435097|24487&4&3.151769647488173|24488&4&21.71083727945186|24495&4&166.59191346867033,2|24399&4&514.8558459359631|24400&4&1342.394376322752|24401&4&10.153601121854546|24407&4&1278.6271550940028|24409&4&645.7940236297009|24413&4&1849.6514018918883|24417&4&4479.683974686875|24427&4&3377.797368871972|24430&4&5382.72045147119|24433&4&2221.7388856241723|24452&4&1977.5195205395542|24453&4&1803.2384208625351|24456&4&94.69027491378472|24462&4&1848.1056735691413|24467&4&3024.0369202946263|24473&4&4404.526721574686|24480&4&1455.9246428104293|24485&4&3139.343618489009|24495&4&207.21392544126192,2|24407&4&441.50335602052996|24423&4&8443.817544591722|24426&4&485.5405658733278|24428&4&1858.3517209129132|24445&4&2150.912628884047|24448&4&1555.9858982946687|24476&4&2015.5080031322832|24485&4&476.97934752101776|24489&4&2012.4653186465966|24491&4&2524.4175138562127,2|24399&4&303.07645377057844|24404&4&3079.0743806280657|24405&4&480.10031491400207|24406&4&1695.3547361512615|24411&4&140.90412862895852|24412&4&88.98457162999212|24418&4&31.677445908207048|24420&4&987.4514137900888|24429&4&5703.150168611603|24430&4&968.7525089158172|24432&4&3201.049046411088|24435&4&199.44111758774653|24441&4&138.7762635920492|24456&4&434.78959358965216|24460&4&2698.0910559900904|24468&4&1602.2777752711443|24479&4&5338.439207524989,2|24400&4&2579.6277074851823|24401&4&1398.2290804082118|24411&4&101.35305502207824|24415&4&2194.392398778728|24431&4&5988.394176613502|24450&4&2585.7511709739597|24459&4&2346.4058545860935|24465&4&395.58710108880143|24467&4&189.91955499172371|24472&4&506.02246366775364|24477&4&3433.348220186497|24483&4&679.5744219306735|24491&4&5.1514348342607263E-14|24493&4&3280.292268957961|24511&4&0.0,2|24409&4&3459.7966404866384|24410&4&1333.506536951781|24414&4&452.14834834128294|24416&4&724.1342253197296|24418&4&3944.7053535853847|24438&4&96.05978883496428|24449&4&1946.327602115549|24454&4&2257.621436703964|24472&4&4339.144597717084|24480&4&3014.922684543338|24483&4&39.63002123611061|24484&4&1118.3925657393534|24485&4&2457.949534821467|24489&4&793.7135547259608|24496&4&41.30624024653446,2|24415&4&95.1517433943645|24417&4&1466.0718618163176|24433&4&520.93178010041|24443&4&5179.163591727825|24446&4&3193.5380908919624|24452&4&2057.3290054447793|24454&4&264.00146770478636|24479&4&196.55684509557804|24484&4&2436.66038807006|24490&4&803.6253518487417|24494&4&10.912946847321336,2|24405&4&1543.454394315158|24412&4&3.3202809838983764|24413&4&81.78928401197402|24416&4&298.94715160516506|24419&4&39.75144385853255|24424&4&1302.4228560930444|24435&4&370.11795249228174|24439&4&605.6707207996105|24448&4&279.35960607934874|24456&4&125.63055926514882|24468&4&281.9172990970289|24470&4&207.1839743169444|24476&4&1860.080002165928|24485&4&1206.1734368494072|24494&4&770.9816358782202|24500&4&857.3738806923556,2|24397&4&795.0783576806064|24399&4&4184.77766681753|24402&4&3885.708896064452|24419&4&2500.8777985197194|24435&4&2154.470799927527|24439&4&1644.0853897636266|24442&4&1154.3624498672543|24445&4&422.9340293869499|24451&4&4680.910112232283|24452&4&276.31100950189125|24461&4&4515.065516435367|24463&4&534.6361121809214|24467&4&40.56224816964347|24477&4&37.89237138122558|24478&4&3823.1382537474037|24479&4&170.7941580019592|24483&4&5821.553720517313|24486&4&2843.0402558963883|24494&4&1204.6430678979868,2|24403&4&184.5745993400834|24432&4&25.98581157157103|24434&4&5894.768304421729|24438&4&507.61942624392236|24440&4&1747.8935237008436|24453&4&5023.484163058205|24454&4&-3.4416913763379853E-15|24460&4&8.117055064969986|24464&4&99.55059969412503|24465&4&599.3436071662909|24470&4&196.59159516082215|24482&4&3252.3770040274467
377|4,130,1,1,1,1,1,1,1,1,1,1,1,1,1,1,1,1,1,1,1,1,1,1,1,1,1,1,1,1,1,1,1,1,1,1,1,1,1,1,1,1,1,1,1,1,1,1,1,1,1,1,1,1,1,1,1,1,1,1,1,1,1,1,1,1,1,1,1,1,1,1,1,1,1,1,1,1,1,1,1,1,1,1,1,1,1,1,1,1,1,1,1,1,1,1,1,1,1,1,1,1,0,0,0,0,0,0,0,0,0,0,0,0,0,0,0,0,0,0,0,0,2|24405&4&28.08300522660755|24408&4&646.4656202876599|24410&4&580.4757865036522|24419&4&1463.4583885421746|24426&4&561.5382991488368|24428&4&902.0121091257672|24431&4&1638.8989807075463|24433&4&1451.6198672268583|24436&4&2907.629901917224|24447&4&39.2892724095393|24448&4&160.13022360289858|24450&4&615.3577550144823|24455&4&1536.6538656570553|24462&4&1107.979651137332|24471&4&3368.391541047239|24475&4&71.57617505523275|24476&4&759.9758993343904|24484&4&2537.4175495203735|24487&4&2.521415717990539|24488&4&20.504679652815643|24495&4&157.84270228855854,2|24399&4&380.46690984990664|24400&4&1394.129661269201|24401&4&-6.750155989720952E-14|24407&4&1657.0697922371214|24409&4&489.3752814170098|24413&4&1718.3808782462497|24417&4&4449.147440021365|24427&4&3107.964800115158|24430&4&5034.240332139495|24433&4&2087.789324758457|24452&4&1845.7983204972668|24453&4&2269.3734579501015|24456&4&89.26886604735562|24462&4&2095.0479428039844|24467&4&3600.0111875611437|24473&4&4984.679252707423|24480&4&1465.8321173753204|24485&4&2946.3747636031258|24495&4&191.23051409741248,2|24407&4&382.87449534951793|24409&4&1002.4546580034785|24423&4&7665.004030347402|24426&4&450.8485525226881|24428&4&1741.9515067700952|24445&4&2007.0121144393268|24448&4&1453.0205632838633|24476&4&2535.8529100212104|24485&4&283.15006864841314|24489&4&1895.3522697144936|24491&4&2366.2754402480477,2|24399&4&252.563711475482|24404&4&2772.261822289221|24405&4&401.2910249613732|24406&4&1654.9649563230587|24411&4&441.14024906606164|24412&4&81.57094511815075|24418&4&15.492957025795683|24420&4&0.0|24429&4&7077.622613737819|24430&4&823.2308715431277|24432&4&2987.2750155161057|24435&4&159.5528940701972|24441&4&129.10415641350977|24456&4&361.57492843270666|24460&4&2433.760910330625|24468&4&1474.8965727448406|24479&4&4871.323743411713,2|24400&4&2325.291540539194|24401&4&1557.436528855429|24411&4&60.28955213302004|24415&4&1988.4935474193705|24431&4&5323.322267636879|24450&4&2253.0123245978953|24459&4&2436.4833559038243|24465&4&333.1118686063138|24467&4&126.07666306887964|24472&4&433.617916078145|24477&4&3465.6645953916795|24483&4&455.62000068186035|24493&4&3210.898155434407,2|24409&4&3238.903386142668|24410&4&1554.2295489429325|24414&4&416.85029854152936|24416&4&615.6059316228191|24418&4&3569.7222606415658|24438&4&87.39203203970709|24449&4&1755.0045549423637|24454&4&2086.1242450313293|24472&4&4573.201983736685|24480&4&2738.7850024142685|24483&4&2.2737367544323206E-13|24484&4&1038.5073824722567|24485&4&2214.988727142629|24489&4&633.3122282262989|24496&4&38.87646140850302,2|24415&4&90.21530789131262|24417&4&1198.0725160671354|24418&4&298.70303572742046|24433&4&424.82281795516263|24443&4&5289.921663634872|24445&4&733.0995164813912|24446&4&3492.718846887078|24452&4&1785.6415669915903|24454&4&229.02154851029582|24479&4&68.14950794615044|24484&4&2921.039121970873|24490&4&1589.0816010217911|24494&4&7.2752978982143235,2|24405&4&1758.939350683957|24412&4&3.112763422404728|24413&4&77.69981981137532|24416&4&268.1382590739688|24419&4&1.1831005071594858|24424&4&1182.5280473214557|24435&4&233.1240578594807|24439&4&714.1575851476227|24448&4&376.9863025569339|24456&4&113.15526896368743|24468&4&267.745982110979|24470&4&196.82477560109717|24476&4&1690.246390871565|24479&4&1416.3294817660003|24485&4&2381.1904959924314|24494&4&1083.2177676951792|24500&4&790.163233163024,2|24397&4&700.6307894454251|24399&4&3824.119043202901|24402&4&3510.0436178895925|24419&4&2294.100307594427|24422&4&18.06493867157891|24435&4&1986.7722658361963|24439&4&1500.5797208361103|24442&4&1071.4798114413966|24445&4&261.65537224846844|24451&4&4320.880000807379|24452&4&193.39488638848096|24461&4&5016.539929563735|24463&4&453.23212203360004|24467&4&0.0|24477&4&-2.7000623958883807E-13|24478&4&3477.1156802328974|24479&4&117.95889269140801|24483&4&6180.20761274731|24486&4&2947.2514306769526|24494&4&1101.9495022597528,2|24403&4&170.37655323700005|24432&4&16.769222305765876|24434&4&5799.522633349865|24438&4&454.94098344428545|24440&4&1743.6296943088378|24453&4&4493.674862979399|24460&4&6.039613253960852E-14|24464&4&0.0|24465&4&548.115824524989|24470&4&185.03242951335096|24482&4&4054.4386822900133
378|4,130,1,1,1,1,1,1,1,1,1,1,1,1,1,1,1,1,1,1,1,1,1,1,1,1,1,1,1,1,1,1,1,1,1,1,1,1,1,1,1,1,1,1,1,1,1,1,1,1,1,1,1,1,1,1,1,1,1,1,1,1,1,1,1,1,1,1,1,1,1,1,1,1,1,1,1,1,1,1,1,1,1,1,1,1,1,1,1,1,1,1,1,1,1,1,1,1,1,1,1,1,0,0,0,0,0,0,0,0,0,0,0,0,0,0,0,0,0,0,0,0,2|24405&4&-1.6342482922482304E-13|24408&4&591.2868519574201|24410&4&406.4102915985171|24419&4&1545.182528528667|24426&4&496.7096115518925|24428&4&743.8039756310078|24431&4&1554.4096688017041|24433&4&1377.1622747851702|24436&4&3069.807789199294|24447&4&37.32480878906234|24448&4&107.61556859031474|24450&4&677.0791571582677|24455&4&1326.9886883949423|24462&4&953.3169579267561|24471&4&3113.141680147486|24475&4&67.80483795023567|24476&4&552.3866966368428|24484&4&2109.4935139352738|24487&4&1.891061788492905|24488&4&19.298522026179427|24495&4&264.4725205867644,2|24399&4&250.44644870097346|24400&4&1310.7228058588937|24407&4&1717.042989661732|24409&4&363.1522291455468|24413&4&1587.1103546006111|24417&4&5364.670990989805|24427&4&3032.5134152872597|24430&4&4685.7602128078|24433&4&1953.8397638927415|24452&4&1868.694091041511|24453&4&3423.6887223323965|24456&4&83.8474571809265|24462&4&2321.653570419095|24467&4&3843.181738698565|24473&4&4604.58650347059|24480&4&1449.6048237321656|24485&4&2753.405908717243|24495&4&175.24710275356307,2|24407&4&336.416226454|24409&4&2160.7817920928255|24423&4&6892.233709237611|24426&4&416.15653917204855|24428&4&1741.7265969186444|24445&4&1863.1115999946062|24448&4&1350.055228273058|24476&4&2383.2410399686746|24485&4&147.08290231783283|24489&4&2213.2427839754337|24491&4&2208.133366639883,2|24399&4&202.05096918038555|24404&4&2883.9575010486205|24405&4&322.4817350087444|24406&4&1503.1754450898836|24411&4&402.78388739879193|24412&4&74.15731860630937|24418&4&-3.552713678800501E-15|24429&4&7003.303572353036|24430&4&681.0688867202166|24432&4&3137.8408545707725|24435&4&119.66467055264786|24441&4&119.43204923497036|24456&4&288.36026327576116|24460&4&2169.4307646711595|24468&4&1352.144481300939|24479&4&4404.2082792984365,2|24400&4&2097.678479193499|24401&4&1528.640435924283|24411&4&19.226049243961832|24415&4&1782.5946960600131|24431&4&6183.691479229916|24450&4&1948.0890178321988|24459&4&2180.5230473367487|24460&4&565.7725310918574|24465&4&270.6366361238261|24467&4&62.23377114603558|24472&4&373.731771892247|24477&4&3880.821560887171|24483&4&231.66557943304724|24493&4&3476.019110391103,2|24409&4&3018.010131798698|24410&4&2149.998312588636|24414&4&381.5522487417758|24416&4&507.07763792590856|24418&4&3194.7391676977463|24438&4&78.7242752444499|24449&4&1563.6815077691776|24454&4&1914.6270533586946|24472&4&4282.32195056522|24480&4&2463.766720591839|24484&4&958.6221992051601|24485&4&1972.027919463792|24489&4&475.046669376331|24496&4&0.0,2|24415&4&85.27887238826074|24417&4&948.1654732689262|24418&4&981.5040885202625|24433&4&359.149930788045|24443&4&5891.617585219625|24445&4&1092.6100236751458|24446&4&3385.6217129072647|24452&4&1513.9541285384016|24454&4&194.04162931580527|24479&4&-4.831690603168681E-13|24484&4&4570.973923197571|24490&4&1507.6184575910797|24494&4&3.6376489491071755,2|24405&4&2441.615568702166|24412&4&2.905245860911079|24413&4&73.61035561077662|24416&4&237.32936654277262|24419&4&8.43769498715119E-15|24423&4&175.14952466612613|24424&4&1062.6332385498674|24435&4&116.29435786362602|24439&4&761.5971270104951|24448&4&670.1472326435355|24456&4&100.67997866222603|24468&4&253.5746651249291|24470&4&455.5298924391772|24476&4&1520.412779577202|24479&4&2213.0948849416936|24485&4&2255.9882065919974|24494&4&1025.3479220748209|24500&4&722.9525856336923,2|24397&4&606.1832212102438|24399&4&3765.1662583223824|24402&4&3190.3106925129296|24419&4&2087.322816669134|24420&4&629.8484186880202|24422&4&17.161691737999966|24435&4&1819.0737317448654|24439&4&1361.8948167166789|24442&4&990.7294039300424|24445&4&136.79922193542194|24451&4&3977.4360131931444|24452&4&110.47876327507089|24461&4&4504.278202902851|24463&4&555.0448656887296|24478&4&3133.1420959999423|24479&4&65.12362738085682|24483&4&7670.0047087638895|24486&4&2666.5629787168873|24494&4&999.2559366215186,2|24403&4&156.1785071339167|24432&4&7.5526330399606785|24434&4&5364.712703681324|24438&4&402.26254064464854|24440&4&1826.3890040118868|24453&4&4014.385698083844|24465&4&496.88804188368704|24470&4&173.47326386587977|24482&4&4196.328657465115
379|4,130,1,1,1,1,1,1,1,1,1,1,1,1,1,1,1,1,1,1,1,1,1,1,1,1,1,1,1,1,1,1,1,1,1,1,1,1,1,1,1,1,1,1,1,1,1,1,1,1,1,1,1,1,1,1,1,1,1,1,1,1,1,1,1,1,1,1,1,1,1,1,1,1,1,1,1,1,1,1,1,1,1,1,1,1,1,1,1,1,1,1,1,1,1,1,1,1,1,1,1,1,0,0,0,0,0,0,0,0,0,0,0,0,0,0,0,0,0,0,0,0,2|24408&4&536.1080836271803|24410&4&263.0548665561452|24419&4&1462.1695508736284|24426&4&431.88092395494823|24428&4&587.7099782042158|24431&4&1469.920356895862|24433&4&1302.7046823434823|24436&4&2799.637834296901|24447&4&35.360345168585376|24448&4&62.37691636044015|24450&4&899.1582624835563|24455&4&1204.5561795390329|24462&4&817.5258997061904|24471&4&2857.891819247734|24475&4&0.0|24476&4&354.4662903433608|24484&4&1720.1657115970802|24487&4&1.260707858995271|24488&4&18.09236439954321|24495&4&560.9116324415313,2|24399&4&135.62817765456006|24400&4&1227.3159504485866|24407&4&1622.504603757623|24409&4&305.67745569974494|24413&4&1455.8398309549725|24417&4&5012.975164131533|24427&4&3413.9898709418676|24430&4&4337.280093476104|24433&4&1819.890203027026|24452&4&2268.3359386641105|24453&4&3234.0402341691106|24456&4&78.42604831449738|24462&4&2182.7866648302183|24467&4&4005.5916979649496|24473&4&4245.689501248418|24480&4&1573.4865234192391|24485&4&2560.4370538313606|24495&4&159.26369140971366,2|24407&4&289.9579575584821|24409&4&2050.2365658431754|24423&4&6154.422764870835|24426&4&381.4645258214089|24428&4&1619.517617561258|24445&4&1719.2110855498856|24448&4&1247.0898932622526|24465&4&85.90234480105744|24476&4&3319.414177202717|24485&4&40.65910294500981|24489&4&3282.5868812551694|24491&4&2049.991293031718,2|24399&4&151.5382268852891|24404&4&2977.1729951096177|24405&4&243.67244505611555|24406&4&1351.3859338567079|24411&4&826.6047189738172|24412&4&66.74369209446802|24429&4&6566.642152077386|24430&4&538.9069018973055|24432&4&3441.6787386327455|24435&4&79.77644703509853|24441&4&181.998150229038|24456&4&215.14559811881566|24460&4&1937.082679892|24468&4&1229.3923898570376|24479&4&3937.0928151851595,2|24400&4&1877.9226997094006|24401&4&1564.253729616932|24411&4&12.817366162641424|24415&4&1576.6958447006555|24431&4&6199.343083862558|24450&4&1643.165711066502|24459&4&1988.51323218745|24460&4&1031.3292445261466|24461&4&1459.6855963288008|24465&4&208.16140364133844|24467&4&17.474183102668775|24471&4&266.234742121095|24472&4&313.8456277063489|24477&4&3575.7833550263044|24483&4&80.20101642443065|24493&4&4130.81754257347,2|24409&4&2797.116877454727|24410&4&2988.6464353172673|24414&4&346.25419894202224|24416&4&402.23871144382014|24418&4&2819.756074753927|24438&4&70.0565184491927|24449&4&1414.4441965922608|24454&4&1761.95993071475|24472&4&3991.4419173937526|24480&4&2188.7484387694094|24484&4&878.7370159380635|24485&4&1729.0671117849542|24489&4&327.88914907928483,2|24415&4&614.6547781132825|24417&4&757.8581714218327|24418&4&1328.6091873846422|24428&4&242.14966595208648|24433&4&293.47704362092736|24443&4&6231.701531376421|24445&4&1413.508946397631|24446&4&3381.824633019626|24452&4&1242.266690085213|24454&4&159.06171012131475|24484&4&4868.1788624601495|24490&4&1426.1553141603683|24494&4&2.7533531010703882E-14,2|24405&4&2304.5148471754055|24412&4&2.6977282994174305|24413&4&69.52089141017792|24416&4&206.5204740115764|24423&4&1051.0577751749706|24424&4&1175.1150852527048|24435&4&58.14717893181318|24439&4&969.8095469881075|24448&4&633.2530087017722|24456&4&88.20468836076464|24468&4&353.6569560555391|24470&4&581.2074267549217|24476&4&1350.5791682828392|24479&4&2321.906547541496|24485&4&3557.3761783012396|24494&4&967.4780764544624|24500&4&655.7419381043605,2|24397&4&1061.2805999720958|24399&4&3389.4223427710485|24402&4&3511.484563229159|24419&4&1880.5453257438417|24420&4&634.4629087093601|24422&4&49.31853659115231|24435&4&2575.2517728082776|24439&4&1224.4652342621484|24442&4&909.9789964186881|24445&4&43.2272308910106|24451&4&3619.1268769703465|24452&4&39.229059811112116|24461&4&4036.7464549748465|24463&4&464.4800388512858|24478&4&2799.458007342262|24479&4&12.288362070305617|24483&4&7870.565901116879|24486&4&2385.874526756822|24494&4&896.5623709832844,2|24399&4&719.071760791473|24403&4&141.98046103083334|24432&4&-1.7763568394002505E-15|24434&4&4940.454302408827|24438&4&349.58409784501157|24440&4&2004.6384055862504|24453&4&4258.894247312044|24465&4&445.66025924238517|24470&4&161.91409821840858|24482&4&3885.447271474099
380|4,130,1,1,1,1,1,1,1,1,1,1,1,1,1,1,1,1,1,1,1,1,1,1,1,1,1,1,1,1,1,1,1,1,1,1,1,1,1,1,1,1,1,1,1,1,1,1,1,1,1,1,1,1,1,1,1,1,1,1,1,1,1,1,1,1,1,1,1,1,1,1,1,1,1,1,1,1,1,1,1,1,1,1,1,1,1,1,1,1,1,1,1,1,1,1,1,1,1,1,1,1,0,0,0,0,0,0,0,0,0,0,0,0,0,0,0,0,0,0,0,0,2|24408&4&480.9293152969406|24410&4&131.70417798978968|24419&4&1748.9901886151679|24426&4&367.05223635800394|24428&4&439.92985674182717|24431&4&1385.4310449900195|24433&4&1228.2470899017944|24436&4&2870.018449022189|24447&4&33.39588154810841|24448&4&19.373842071085733|24450&4&1317.6763931017827|24455&4&2209.3247390554448|24462&4&686.9515516970321|24471&4&2606.205594535757|24475&4&122.988315967254|24476&4&199.32379113934888|24484&4&1355.0436490795394|24487&4&0.0|24488&4&16.886206772906995|24495&4&530.8456060620639,2|24399&4&41.56327902659224|24400&4&1245.5197734760382|24407&4&1527.9662178535145|24409&4&248.20268225394238|24413&4&1324.5693073093341|24417&4&4661.279337273263|24427&4&3645.99152396552|24430&4&3988.799974144409|24433&4&1685.9406421613107|24452&4&2628.1429035505553|24453&4&3044.3917460058256|24456&4&152.93668589070103|24462&4&2469.043494730443|24467&4&3895.157269977976|24473&4&3901.193329097745|24480&4&1867.0376375107994|24485&4&2367.4681989454775|24495&4&143.28028006586422,2|24407&4&243.49968866296422|24409&4&1939.6913395935258|24423&4&5437.335789163464|24426&4&346.77251247076924|24428&4&1497.3086382038716|24445&4&1575.310571105165|24448&4&1144.124558251447|24465&4&248.94280381209865|24476&4&4722.933603108404|24485&4&2.7000623958883807E-13|24489&4&3551.5855057794515|24491&4&1891.8492194235532,2|24399&4&101.02548459019266|24404&4&2693.2629339436226|24405&4&165.85136924114187|24406&4&1199.5964226235326|24411&4&808.079153446367|24412&4&0.0|24429&4&7071.865580747131|24430&4&396.7449170743944|24432&4&3442.454209746385|24435&4&39.8882235175492|24441&4&0.0|24456&4&141.93093296187016|24460&4&1729.8944144676063|24468&4&1107.7253016271386|24479&4&3469.9773510718837,2|24400&4&1658.1669202253026|24401&4&1407.3770677249074|24411&4&6.408683081320732|24415&4&1389.496349163895|24431&4&5540.014685588118|24450&4&1348.468072875987|24459&4&2032.968984019633|24460&4&1239.3657480458298|24461&4&1596.3905313699674|24465&4&145.68617115885075|24467&4&5.6843418860808015E-14|24471&4&504.6010474905011|24472&4&253.95948352045085|24477&4&3564.1584752607496|24483&4&16.63351382843033|24493&4&4860.463896243515,2|24409&4&2576.2236231107563|24410&4&3770.416367629231|24414&4&483.7722829969623|24416&4&297.3997849617317|24418&4&2462.4852846167933|24438&4&61.388761653935504|24449&4&1647.7866538692406|24454&4&2162.7237819424636|24472&4&3700.5618842222866|24480&4&1913.7301569469796|24484&4&798.8518326709668|24485&4&1486.1063041061168|24489&4&211.43086187806884,2|24415&4&804.8236633383938|24416&4&64.10151020228125|24417&4&584.7141082110456|24418&4&1411.380486493586|24428&4&1198.050615899218|24433&4&227.80415645380967|24443&4&6285.0196122298075|24445&4&1877.4431039177557|24446&4&3579.725866175422|24452&4&970.5792516320244|24454&4&124.0817909268242|24484&4&5203.150700128586|24490&4&1344.692170729657,2|24405&4&2211.526550885385|24412&4&0.0|24413&4&65.43142720957923|24416&4&175.71158148038018|24423&4&998.0670126045568|24424&4&1058.1080227177133|24435&4&-9.947598300641403E-14|24439&4&1643.7845106767754|24448&4&868.876587934182|24456&4&75.72939805930324|24468&4&333.77295867365626|24470&4&549.9205148209137|24476&4&1180.7455569884762|24479&4&2196.560618062431|24485&4&4166.0488899496695|24494&4&1222.2924708228281|24500&4&588.531290575029,2|24397&4&1607.224526895855|24399&4&3013.6784272197137|24402&4&4123.63769446765|24419&4&1673.767834818549|24420&4&601.165142227172|24422&4&80.190000491585|24435&4&3918.934538929412|24439&4&1096.870137620789|24442&4&0.0|24445&4&-9.947598300641403E-14|24451&4&3260.81774074755|24452&4&2.7000623958883807E-13|24461&4&3614.4311685049397|24463&4&570.0390394113202|24478&4&2972.6238914148107|24479&4&8.171241461241152E-14|24483&4&9294.912055376486|24486&4&2245.441470981842|24494&4&793.8688053450503,2|24399&4&1355.5756014565445|24403&4&506.66297912369146|24431&4&1259.7422949066286|24434&4&4516.195901136332|24438&4&296.90565504537466|24440&4&2348.3002919892374|24453&4&5644.463849151412|24465&4&394.4324766010833|24470&4&150.35493257093736|24482&4&3574.565885483083
381|4,130,1,1,1,1,1,1,1,1,1,1,1,1,1,1,1,1,1,1,1,1,1,1,1,1,1,1,1,1,1,1,1,1,1,1,1,1,1,1,1,1,1,1,1,1,1,1,1,1,1,1,1,1,1,1,1,1,1,1,1,1,1,1,1,1,1,1,1,1,1,1,1,1,1,1,1,1,1,1,1,1,1,1,1,1,1,1,1,1,1,1,1,1,1,1,1,1,1,1,1,1,0,0,0,0,0,0,0,0,0,0,0,0,0,0,0,0,0,0,0,0,2|24408&4&425.7505469667009|24410&4&43.72608579045335|24419&4&1647.4855301903006|24426&4&302.22354876105965|24428&4&307.9785628006763|24431&4&1300.941733084177|24433&4&1229.9152781460032|24436&4&2975.5523412345237|24447&4&31.431417927631447|24448&4&8.526512829121202E-14|24450&4&1837.5816056895565|24455&4&2485.573274972384|24462&4&571.4862823526325|24471&4&2370.6690157294347|24475&4&116.8389001688913|24476&4&122.7772611827769|24484&4&1039.8884438999269|24488&4&15.68004914627078|24495&4&500.7795796825965,2|24399&4&0.0|24400&4&1783.0653532591139|24407&4&1528.6390748582007|24409&4&192.3974708209883|24413&4&1193.2987836636955|24417&4&4309.583510414992|24427&4&4080.498939715065|24430&4&3640.319854812714|24433&4&1551.9910812955954|24452&4&3315.4799000652356|24453&4&2854.7432578425396|24456&4&683.9162203027353|24462&4&2627.6176545949893|24467&4&3625.282581658821|24473&4&3682.227289739908|24480&4&2200.0767751326657|24485&4&2174.4993440595945|24495&4&127.29686872201479,2|24407&4&197.04141976744634|24409&4&1829.1461133438756|24423&4&4723.940613674693|24426&4&312.0804991201297|24428&4&1375.0996588464852|24445&4&1431.410056660445|24448&4&1041.1592232406417|24465&4&374.0238161638049|24476&4&5509.182592919176|24489&4&3632.7733017705145|24491&4&1733.7071458153882,2|24399&4&50.512742295096224|24404&4&2409.3528727776275|24405&4&91.45241362183933|24406&4&1400.2595026546282|24411&4&1150.865263100512|24429&4&6999.550649166541|24430&4&254.58293225148327|24432&4&3335.737450639849|24435&4&-1.2789769243681803E-13|24456&4&68.71626780492463|24460&4&1531.5829240713206|24468&4&986.0582133972396|24479&4&3002.861886958607,2|24400&4&1438.4111407412047|24401&4&1396.1507345245043|24411&4&4.085620730620576E-14|24415&4&1210.861989152897|24431&4&4896.691877323878|24450&4&1074.4578161602067|24459&4&2376.9853463526138|24460&4&1255.506376137812|24461&4&1512.921790810647|24465&4&83.21093867636307|24471&4&600.2544985502709|24472&4&194.07333933455277|24477&4&3491.5933870254553|24483&4&8.316756914215116|24493&4&5806.407218855251,2|24409&4&2355.330368766786|24410&4&4174.811040348019|24414&4&1653.005731828056|24416&4&193.30182742496976|24418&4&2112.9911700815946|24438&4&52.72100485867831|24449&4&1459.7970391719164|24454&4&1961.6249595008057|24472&4&3409.6818510508206|24480&4&1639.6544682096414|24484&4&718.9666494038702|24485&4&1243.1454964272793|24489&4&116.38986236412183,2|24415&4&762.0805638844599|24416&4&60.89643469216718|24417&4&424.2219338949151|24418&4&1918.4997503259624|24428&4&1705.429019597031|24433&4&162.13126928669192|24443&4&7117.164965530392|24445&4&2056.4582537822052|24446&4&3656.294802808916|24452&4&698.8918131788357|24454&4&92.21348296494676|24484&4&6050.570539927942|24490&4&1263.2290272989455,2|24405&4&2547.184799768761|24413&4&193.9378039915316|24416&4&144.90268894918395|24423&4&1380.854512096499|24424&4&1022.9043604392243|24435&4&995.5385268142643|24439&4&1553.4503230525866|24448&4&905.0658353953872|24456&4&63.25410775784184|24461&4&576.3230115717815|24468&4&395.97080073322513|24470&4&518.6336028869057|24476&4&1010.9119456941133|24479&4&2796.3837564807345|24485&4&4333.392724032355|24494&4&1272.2908033622334|24500&4&521.3206430456974,2|24397&4&1655.4267301926097|24399&4&2637.934511668379|24402&4&4400.529478242897|24419&4&1495.5168569307648|24420&4&567.867375744984|24422&4&75.96236319750207|24435&4&3627.1634196318346|24439&4&982.7096817161178|24451&4&3634.3278242497936|24461&4&3196.578467576661|24463&4&491.9986825361212|24478&4&2661.785907368169|24483&4&8634.36509248037|24486&4&1976.364107908956|24494&4&703.6945576496848,2|24399&4&2172.819891241438|24403&4&935.2493007553155|24431&4&1704.9617752713202|24434&4&4091.937499863836|24438&4&244.22721224573775|24440&4&2151.5534831668447|24453&4&5111.619544739517|24465&4&343.20469395978137|24470&4&138.79576692346618|24482&4&3263.684499492068
382|4,130,1,1,1,1,1,1,1,1,1,1,1,1,1,1,1,1,1,1,1,1,1,1,1,1,1,1,1,1,1,1,1,1,1,1,1,1,1,1,1,1,1,1,1,1,1,1,1,1,1,1,1,1,1,1,1,1,1,1,1,1,1,1,1,1,1,1,1,1,1,1,1,1,1,1,1,1,1,1,1,1,1,1,1,1,1,1,1,1,1,1,1,1,1,1,1,1,1,1,1,1,0,0,0,0,0,0,0,0,0,0,0,0,0,0,0,0,0,0,0,0,2|24408&4&370.5717786364611|24410&4&-3.552713678800501E-13|24419&4&1545.9808717654332|24426&4&237.39486116411535|24428&4&200.1836058294306|24431&4&1216.4524211783348|24433&4&1617.1580386658568|24436&4&3146.169597246958|24447&4&0.0|24450&4&2570.3672544191522|24455&4&2443.7663425429096|24462&4&472.9799312596269|24471&4&2144.212638774692|24475&4&0.0|24476&4&78.07449288460262|24484&4&752.4321791979314|24488&4&14.473891519634567|24495&4&470.71355330312906,2|24400&4&1663.276315471155|24407&4&1627.3801789417398|24409&4&136.59225938803422|24413&4&1062.0282600180572|24417&4&3957.887683556721|24421&4&6.2117315445108545|24427&4&4344.977008937458|24430&4&3965.2539432404624|24433&4&1418.04152042988|24452&4&4687.460394775039|24453&4&2665.094769679254|24456&4&0.0|24462&4&2486.6388735099745|24467&4&3355.407893339666|24473&4&3366.3628463350374|24480&4&2066.5889197728834|24485&4&1981.5304891737123|24495&4&111.31345737816537,2|24407&4&150.58315087192844|24409&4&1718.6008870942255|24423&4&4046.7132410512036|24426&4&529.5321646231564|24428&4&1252.8906794890988|24445&4&1287.5095422157242|24448&4&938.1938882298364|24465&4&760.1694854946754|24476&4&5167.911513308996|24489&4&3709.7213399324537|24491&4&1575.565072207223,2|24399&4&-2.1316282072803006E-13|24404&4&2125.442811611632|24405&4&40.61322839992857|24406&4&1239.6443022206404|24411&4&0.0|24429&4&6447.018674906744|24430&4&112.42094742857215|24432&4&3080.803619232809|24456&4&0.0|24460&4&1337.289479703328|24468&4&871.2911399945381|24479&4&2582.619218351177,2|24400&4&1218.6553612571067|24401&4&2461.8177665498642|24415&4&1032.227629141899|24431&4&4319.8220403827645|24450&4&828.7401302532703|24459&4&2598.1003797888625|24460&4&1185.3659931551038|24461&4&1429.4530502513267|24465&4&28.345582953589464|24471&4&986.6440129244143|24472&4&134.1871951486547|24477&4&3459.9222430545087|24483&4&1.4210854715202004E-14|24493&4&6862.047135359789,2|24409&4&2134.437114422815|24410&4&5012.39706184|24414&4&1548.4082600693887|24416&4&89.20386988820778|24418&4&1783.6514430718923|24438&4&537.5839043056299|24449&4&1284.048912191166|24454&4&1760.5261370591481|24472&4&3149.979125107495|24480&4&1384.1013372275577|24484&4&639.0814661367735|24485&4&1015.0099691431619|24489&4&50.15196685864727,2|24415&4&1311.5230480742725|24416&4&1111.7055818885397|24417&4&281.09797234000365|24418&4&2637.4411014313728|24428&4&1911.6878450689057|24429&4&219.78591974510573|24433&4&97.42633549666022|24443&4&7623.928605954763|24445&4&1940.098130151835|24446&4&3363.442316486571|24452&4&444.6461151565848|24454&4&60.34517500306935|24457&4&83.03187124197426|24484&4&6076.40119076835|24490&4&1181.7658838682341,2|24405&4&2544.8504019960046|24412&4&62.48894994259444|24413&4&207.7320908789017|24416&4&114.09379641798773|24423&4&3078.012029499034|24424&4&901.8071278914075|24435&4&1355.7891500501864|24439&4&1684.8490911375995|24448&4&891.2240322324191|24456&4&0.0|24461&4&1325.1551450392383|24468&4&1061.456709394019|24470&4&487.34669095289775|24476&4&841.0783343997502|24479&4&4221.910015684099|24485&4&4732.122966749917|24494&4&1192.611626234479|24500&4&454.1099955163656,2|24397&4&1549.102666798053|24399&4&2262.190596117044|24402&4&4000.3238791471795|24419&4&1317.2658790429803|24420&4&534.569609262796|24422&4&0.0|24435&4&3335.392300334257|24439&4&868.5492258114465|24451&4&3667.144098240802|24461&4&2790.123897576028|24463&4&742.7466890075618|24478&4&2375.2287801481248|24483&4&8268.355077586353|24486&4&1712.444718541738|24494&4&619.245857777292,2|24399&4&3187.532250442196|24403&4&879.0208066452099|24431&4&1898.4452550939804|24434&4&3667.67909859134|24438&4&191.5487694461008|24440&4&2013.7000157170578|24449&4&30.591571086616113|24453&4&4893.78784833439|24465&4&291.97691131847944|24470&4&127.23660127599501|24482&4&2952.8031135010524
383|4,130,1,1,1,1,1,1,1,1,1,1,1,1,1,1,1,1,1,1,1,1,1,1,1,1,1,1,1,1,1,1,1,1,1,1,1,1,1,1,1,1,1,1,1,1,1,1,1,1,1,1,1,1,1,1,1,1,1,1,1,1,1,1,1,1,1,1,1,1,1,1,1,1,1,1,1,1,1,1,1,1,1,1,1,1,1,1,1,1,1,1,1,1,1,1,1,1,1,1,1,1,0,0,0,0,0,0,0,0,0,0,0,0,0,0,0,0,0,0,0,0,2|24408&4&756.5052824707116|24419&4&1444.4762133405657|24426&4&177.50818040743886|24428&4&92.38864885818506|24431&4&1131.9631092724924|24433&4&1625.6605852961459|24436&4&3396.6488878897444|24450&4&2818.714135541025|24455&4&2690.669301429564|24462&4&404.07863209288917|24471&4&1929.0972188841772|24476&4&33.37172458642836|24484&4&502.6484342298008|24488&4&13.267733892998352|24495&4&440.64752692366164,2|24400&4&2115.866909195371|24407&4&1518.1792282855372|24409&4&80.78704795508017|24413&4&930.7577363724184|24417&4&3713.140090779853|24421&4&704.3509743469667|24427&4&4556.85530274691|24430&4&4735.7291688341975|24433&4&1284.0919595641647|24452&4&5983.359778011271|24453&4&2475.4462815159686|24462&4&2539.3823888972697|24467&4&3085.5332050205116|24473&4&3050.4984029301672|24480&4&1933.1010644130997|24485&4&1788.561634287829|24495&4&95.33004603431596,2|24407&4&109.80696032227675|24409&4&1608.0556608445756|24423&4&3447.2497607552973|24426&4&923.9832813358485|24428&4&1130.6817001317124|24445&4&1143.6090277710039|24448&4&835.2285532190308|24465&4&1532.8272391155263|24476&4&5141.078934793385|24489&4&4018.120483374475|24491&4&1417.4229985990582,2|24404&4&2418.0941467086727|24405&4&3.694822225952521E-13|24406&4&1214.9494724784327|24411&4&136.63337817929911|24429&4&5926.325719974724|24430&4&28.347192508227565|24432&4&2825.869787825768|24460&4&1142.9960353353354|24468&4&778.0250608985482|24479&4&2245.0384379303046,2|24400&4&998.8995817730089|24401&4&2301.178677697252|24415&4&878.4676420522421|24431&4&3755.798865034885|24450&4&633.2741854738263|24459&4&2755.694145376786|24460&4&1115.2256101723954|24461&4&1345.9843096920065|24465&4&9.237055564881302E-14|24471&4&933.752788774184|24472&4&87.6167693101487|24477&4&3517.6996122417167|24493&4&7485.447687346452,2|24409&4&1913.543860078844|24410&4&4843.440377714297|24414&4&1443.8107883107214|24416&4&23.37940106521937|24418&4&1485.8143032071616|24438&4&546.9147723597703|24449&4&1115.7137046899377|24454&4&1749.0186473052554|24472&4&2933.228009711085|24480&4&1139.103284857511|24484&4&559.1962828696769|24485&4&811.2755489638753|24489&4&9.158700028214177,2|24415&4&1467.6719314303398|24416&4&1850.0264568423077|24417&4&161.68051254634165|24418&4&2836.527668636049|24428&4&2843.184900466963|24429&4&208.79662375785045|24433&4&54.310105650726356|24443&4&7023.631156652205|24445&4&1823.738006521465|24446&4&3070.5898301642264|24452&4&242.73678576508973|24454&4&28.476867041191934|24456&4&270.0831191883384|24457&4&78.88027767987555|24484&4&6633.9950630113035|24490&4&1100.3027404375227,2|24405&4&2881.9739349874612|24412&4&59.364502445464716|24413&4&195.7871574723206|24416&4&83.28490388679151|24423&4&4254.7355676016305|24424&4&789.4473508051822|24435&4&1285.5108462306414|24439&4&1764.8411570060323|24448&4&834.3177611030837|24461&4&2452.7303101637854|24468&4&1002.9949201393262|24470&4&456.05977901888974|24476&4&671.2447231053875|24479&4&4305.977105995137|24485&4&5576.050529473647|24494&4&1112.9324491067248|24500&4&386.899347987034,2|24397&4&1442.7786034034966|24399&4&1886.4466805657094|24402&4&3605.9963728062066|24419&4&1139.0149011551957|24420&4&501.27184278060787|24422&4&53.499161979973294|24435&4&3043.621181036679|24439&4&754.3887699067752|24451&4&3704.097460229737|24461&4&2400.4790195935166|24463&4&877.396170786582|24478&4&2831.651504971058|24483&4&7856.343772095624|24486&4&1642.9485897149852|24494&4&534.7971579048992,2|24399&4&3017.1832606974776|24403&4&822.7923125351042|24431&4&3298.2847916992723|24434&4&4465.21815976162|24438&4&138.8703266464639|24440&4&2372.512182199766|24449&4&89.74660783854674|24453&4&5123.606260118343|24465&4&240.74912867717754|24470&4&115.67743562852382|24482&4&2789.0127215111106
384|4,130,1,1,1,1,1,1,1,1,1,1,1,1,1,1,1,1,1,1,1,1,1,1,1,1,1,1,1,1,1,1,1,1,1,1,1,1,1,1,1,1,1,1,1,1,1,1,1,1,1,1,1,1,1,1,1,1,1,1,1,1,1,1,1,1,1,1,1,1,1,1,1,1,1,1,1,1,1,1,1,1,1,1,1,1,1,1,1,1,1,1,1,1,1,1,1,1,1,1,1,1,0,0,0,0,0,0,0,0,0,0,0,0,0,0,0,0,0,0,0,0,2|24398&4&244.75247176578392|24408&4&679.2709005322473|24419&4&1342.971554915698|24426&4&131.28210486537984|24428&4&33.70844072082147|24431&4&1047.47379736665|24433&4&1729.2561215277233|24436&4&3707.065178634895|24450&4&2655.7683576587087|24455&4&2922.862708031229|24462&4&335.1773329261514|24471&4&1716.0720444412125|24476&4&-1.4210854715202004E-14|24484&4&320.5736711424737|24488&4&12.061576266362138|24495&4&410.5815005441942,2|24400&4&2296.5015098286485|24407&4&1486.6027144869863|24409&4&30.589099838000525|24413&4&799.48721272678|24417&4&3504.327163554767|24421&4&0.0|24427&4&4204.175566531345|24430&4&4295.94703634886|24433&4&1150.1423986984491|24452&4&5585.551867435843|24453&4&2285.7977933526836|24462&4&2350.0427037752333|24467&4&2815.658516701357|24473&4&2734.6339595252966|24480&4&2380.3210905103624|24485&4&1595.5927794019465|24495&4&79.34663469046654,2|24407&4&69.03076977262504|24409&4&2170.0061034268447|24423&4&2884.9772122250415|24426&4&854.5965683422248|24428&4&1008.4727207743258|24445&4&999.7085133262835|24448&4&732.2632182082255|24465&4&1452.3688855708253|24476&4&5204.426927860012|24489&4&3941.0447407399433|24491&4&1259.2809249908933,2|24404&4&3024.4676805646313|24406&4&1163.6129080612998|24411&4&129.80170927033416|24429&4&5405.632765042704|24430&4&0.0|24432&4&2610.9050004467927|24450&4&1253.7244941952022|24460&4&948.7025909673425|24468&4&684.7589818025584|24479&4&1910.317033820479,2|24400&4&789.3276971240745|24401&4&2140.53958884464|24415&4&745.995051189837|24431&4&3244.9921934565255|24450&4&498.4341441248587|24459&4&2505.89750815425|24460&4&1045.0852271896872|24461&4&1262.515569132686|24471&4&880.8615646239537|24472&4&41.046343471642786|24477&4&3139.1447379138053|24493&4&6978.757295420335,2|24409&4&1692.6506057348736|24410&4&4517.241268473353|24414&4&1339.2133165520538|24416&4&2.5579538487363607E-13|24418&4&1232.116734184116|24438&4&723.5677014513631|24449&4&955.3132922730633|24454&4&2389.290768651267|24472&4&2929.7794699025108|24480&4&894.1052324874645|24484&4&479.31109960258027|24485&4&657.2531796331499|24489&4&0.0,2|24415&4&1978.149173338309|24416&4&2045.465274594553|24417&4&68.03175991029511|24418&4&2908.8161510616624|24428&4&3876.8341861045956|24429&4&583.022641919163|24433&4&33.52913847915919|24443&4&6423.333707349646|24445&4&1707.377882891095|24446&4&2777.7373438418817|24452&4&122.0420966495434|24454&4&2.2026824808563106E-13|24456&4&256.57896322892145|24457&4&74.72868411777684|24484&4&6569.772072398577|24490&4&1018.8395970068113,2|24405&4&2699.372345412946|24412&4&0.0|24413&4&183.84222406573954|24416&4&52.4760113555953|24423&4&4695.456155051448|24424&4&677.0875737189567|24430&4&640.1599554084182|24435&4&1215.2325424110963|24439&4&1654.3496765324794|24448&4&964.2952674071437|24452&4&1397.8127846312882|24461&4&2325.268058887622|24468&4&944.5331308846332|24470&4&424.7728670848818|24476&4&501.4111118110245|24479&4&4500.333896314805|24485&4&6022.154980256204|24494&4&1033.2532719789704|24500&4&319.68870045770234,2|24397&4&1336.4545400089398|24399&4&1521.1851452206433|24402&4&3568.2700702262237|24419&4&960.7639232674114|24420&4&467.9740762984198|24422&4&50.82420388097463|24435&4&2759.897356751714|24439&4&642.2535661554356|24451&4&3821.238477565066|24461&4&2061.0027582482953|24463&4&815.5360366060137|24478&4&2624.680831830786|24483&4&7647.408029720897|24486&4&2343.0008110518042|24494&4&450.3484580325064,2|24399&4&3409.6123968528914|24403&4&766.5638184249985|24431&4&4960.888328153289|24434&4&5269.843375084238|24438&4&86.19188384682698|24440&4&2442.992728002635|24449&4&107.13421467706706|24453&4&4603.448963096652|24465&4&189.52134603587564|24470&4&104.11826998105265|24482&4&2931.54380183609
385|4,130,1,1,1,1,1,1,1,1,1,1,1,1,1,1,1,1,1,1,1,1,1,1,1,1,1,1,1,1,1,1,1,1,1,1,1,1,1,1,1,1,1,1,1,1,1,1,1,1,1,1,1,1,1,1,1,1,1,1,1,1,1,1,1,1,1,1,1,1,1,1,1,1,1,1,1,1,1,1,1,1,1,1,1,1,1,1,1,1,1,1,1,1,1,1,1,1,1,1,1,1,0,0,0,0,0,0,0,0,0,0,0,0,0,0,0,0,0,0,0,0,2|24398&4&0.0|24408&4&616.6875528293542|24419&4&1241.4668964908303|24426&4&85.05602932332073|24428&4&1.4210854715202004E-14|24431&4&962.9844854608076|24433&4&1898.5239312894862|24436&4&3440.105325500139|24450&4&2492.822579776393|24455&4&3219.76122981757|24462&4&266.27603375941374|24471&4&1503.0468699982478|24484&4&191.23604373447097|24488&4&10.855418639725924|24495&4&380.5154741647268,2|24400&4&2638.3334669412607|24407&4&1373.5205419879005|24409&4&1.6342482922482304E-13|24413&4&668.2166890811413|24417&4&4584.896999020876|24427&4&4400.242157896275|24430&4&3856.1649038635223|24433&4&1016.1928378327339|24452&4&5187.743956860416|24453&4&2096.149305189398|24462&4&2160.7030186531965|24467&4&3318.335909937265|24473&4&3070.0600164142525|24480&4&3504.9059231086003|24485&4&1402.6239245160637|24495&4&63.36322334661712,2|24407&4&38.701795927452714|24409&4&2909.188930690383|24413&4&26.549384820772275|24423&4&2364.732114658918|24426&4&785.2098553486012|24428&4&886.2637414169394|24434&4&685.5497090200956|24445&4&855.8079988815631|24448&4&629.29788319742|24465&4&1371.9105320261244|24476&4&5394.3984154755835|24489&4&3620.308241616495|24491&4&1101.1388513827283,2|24404&4&3631.438794427986|24406&4&1538.3652615094925|24411&4&122.9700403613692|24429&4&4909.287512112256|24432&4&2395.9402130678172|24450&4&1813.4148209531231|24460&4&754.4091465993498|24468&4&591.4929027065688|24479&4&1589.9629468168225,2|24400&4&600.2929244078503|24401&4&1979.900499992028|24415&4&641.7797354327924|24431&4&2809.870396755139|24450&4&395.3490473459225|24459&4&2256.342636177762|24460&4&974.944844206979|24461&4&1179.0468285733657|24471&4&1435.6645706088138|24472&4&3.979039320256561E-13|24477&4&3044.494375837821|24493&4&6478.44869835962,2|24409&4&1471.7573513909028|24410&4&4191.042159232408|24414&4&1234.6158447933865|24418&4&994.807739098129|24438&4&880.2901890479318|24449&4&794.912879856189|24454&4&2479.850618005481|24472&4&3783.939877274048|24480&4&663.3995483049289|24484&4&399.42591633548363|24485&4&533.7648116343465,2|24415&4&1864.6589974203935|24416&4&2325.221730044941|24417&4&6.821210263296962E-13|24418&4&3034.1620032222745|24428&4&4494.290679460355|24429&4&2242.1118354072805|24433&4&22.352758986106153|24443&4&5823.036258047087|24445&4&1747.234498342084|24446&4&2484.884857519536|24452&4&60.58516035635444|24456&4&243.07480726950453|24457&4&0.0|24484&4&7112.653738768685|24490&4&937.3764535760998,2|24405&4&3138.673997286066|24413&4&171.89729065915847|24416&4&21.667118824399083|24423&4&5734.785774785246|24424&4&564.7277966327313|24430&4&1464.6929024980905|24435&4&1144.9542385915513|24439&4&1543.8581960589265|24448&4&1080.6053189149668|24452&4&1908.1902897519471|24461&4&2309.071772779433|24468&4&1087.0949395651678|24470&4&393.48595515087385|24476&4&331.5775005166616|24479&4&4384.441634098933|24485&4&5958.7749673138005|24494&4&996.2488657786956|24500&4&252.47805292837063,2|24397&4&1230.130476614383|24399&4&1203.1944236075576|24402&4&4798.712350543266|24419&4&782.512945379627|24420&4&434.6763098162317|24422&4&48.149245781975964|24435&4&2476.1735324667497|24439&4&542.1759168069826|24451&4&4057.1092331140844|24461&4&1762.5229545136965|24463&4&753.6759024254457|24478&4&2687.6326831789524|24483&4&7738.8529391509055|24486&4&3400.7479151621965|24494&4&365.89975816011355,2|24399&4&4365.95575102327|24403&4&710.3353243148929|24431&4&5859.398933988659|24434&4&4792.4704261797215|24438&4&33.513441047190064|24440&4&2438.440838703864|24449&4&671.1137428097386|24453&4&4462.089000943855|24465&4&139.49632495672444|24470&4&92.55910433358147|24482&4&3459.623052377099
386|4,130,1,1,1,1,1,1,1,1,1,1,1,1,1,1,1,1,1,1,1,1,1,1,1,1,1,1,1,1,1,1,1,1,1,1,1,1,1,1,1,1,1,1,1,1,1,1,1,1,1,1,1,1,1,1,1,1,1,1,1,1,1,1,1,1,1,1,1,1,1,1,1,1,1,1,1,1,1,1,1,1,1,1,1,1,1,1,1,1,1,1,1,1,1,1,1,1,1,1,1,1,0,0,0,0,0,0,0,0,0,0,0,0,0,0,0,0,0,0,0,0,2|24408&4&715.5601552652731|24419&4&1307.8882049983665|24426&4&38.82995378126161|24431&4&878.4951735549653|24433&4&2248.308372334771|24436&4&3155.400217394359|24438&4&738.6742333277471|24450&4&2329.8768018940777|24455&4&2969.276162900963|24462&4&197.37473459267596|24471&4&1310.3452982246704|24484&4&129.79840362285552|24488&4&81.15808318009836|24495&4&350.4494477852594,2|24400&4&2448.1387112040493|24407&4&1724.0392293801815|24413&4&536.9461654355027|24417&4&5293.009072011975|24427&4&4047.7735604523414|24430&4&3441.2153866783683|24433&4&882.2432769670185|24452&4&4789.936046284988|24453&4&1906.5008170261126|24462&4&1971.36333353116|24467&4&3029.3969684100175|24473&4&2756.8402818871605|24480&4&3820.034418702902|24485&4&1209.6550696301808|24495&4&47.3798120027677,2|24407&4&9.531582487957039|24409&4&3253.8677603782603|24412&4&79.49338473901217|24413&4&29.58370226806352|24416&4&389.2825198209595|24423&4&1926.9947581188983|24426&4&872.8134935028627|24428&4&764.0547620595529|24434&4&651.2722235690909|24445&4&711.9074844368427|24448&4&526.3325481866145|24465&4&1612.7280417578386|24476&4&5110.897134533013|24489&4&3299.5717424930463|24491&4&942.9967777745633,2|24404&4&3800.1279002541414|24406&4&1717.1190564614176|24411&4&116.13837145240424|24429&4&4459.920171557052|24432&4&2180.975425688842|24450&4&1719.609768669979|24460&4&560.1157022313571|24468&4&498.22682361057906|24479&4&1303.0353115038824,2|24400&4&437.80153670131074|24401&4&1819.2614111394155|24415&4&537.5644196757477|24431&4&2444.484729537189|24434&4&395.292397760576|24450&4&321.8863502046695|24459&4&2012.4887342035163|24460&4&904.8044612242708|24461&4&1095.5780880140455|24471&4&1352.3886349518293|24477&4&3003.729186020448|24493&4&6328.102769095167,2|24409&4&1250.8640970469326|24410&4&3864.8430499914634|24414&4&1130.0183730347192|24418&4&782.54191231809|24438&4&824.0652385325812|24449&4&658.5694308946472|24454&4&2957.363349380133|24472&4&3468.035422936532|24480&4&474.0509944084511|24484&4&319.540733068387|24485&4&426.8825505869104,2|24415&4&1751.1688215024778|24416&4&2195.5554948431763|24418&4&3358.2457010965963|24428&4&4237.802768949697|24429&4&2836.811762653645|24433&4&11.176379493053076|24443&4&6133.0909163477045|24445&4&1887.5190636094128|24446&4&2192.032371197192|24452&4&30.29258017817733|24456&4&388.53391924257977|24484&4&6672.65128875771|24490&4&855.9133101453883,2|24405&4&2868.599980113887|24413&4&159.95235725257737|24416&4&7.815970093361102E-14|24423&4&7038.294434637262|24424&4&876.2347998884928|24430&4&1542.2031409203996|24435&4&1074.6759347720063|24439&4&1433.3667155853736|24448&4&1005.2268333385205|24452&4&1809.2862433027717|24461&4&2281.468687516351|24468&4&1018.5819704137135|24470&4&362.19904321686585|24476&4&204.30932974406613|24479&4&4096.455938163374|24485&4&5556.539299038033|24494&4&914.4359501045672|24500&4&185.26740539903898,2|24397&4&1222.5828625358035|24399&4&930.6106344484109|24402&4&5273.204448950165|24419&4&604.2619674918425|24420&4&401.3785433340436|24422&4&45.4742876829773|24435&4&2209.998263944797|24439&4&442.0982674585297|24451&4&3907.7008792874394|24452&4&163.88825234882233|24461&4&1468.6355177355058|24463&4&691.8157682448774|24478&4&3037.6658300351246|24483&4&7041.706707694615|24486&4&3214.143952478376|24494&4&299.5612436826291,2|24399&4&4109.72629247304|24403&4&654.1068302047872|24431&4&6179.97427871284|24434&4&4343.81907724741|24438&4&-1.7053025658242404E-13|24440&4&2248.7218488063263|24449&4&785.7664347297191|24453&4&5090.928905038738|24465&4&89.47130387757325|24470&4&80.9999386861103|24482&4&4012.069154128298
387|4,130,1,1,1,1,1,1,1,1,1,1,1,1,1,1,1,1,1,1,1,1,1,1,1,1,1,1,1,1,1,1,1,1,1,1,1,1,1,1,1,1,1,1,1,1,1,1,1,1,1,1,1,1,1,1,1,1,1,1,1,1,1,1,1,1,1,1,1,1,1,1,1,1,1,1,1,1,1,1,1,1,1,1,1,1,1,1,1,1,1,1,1,1,1,1,1,1,1,1,1,1,0,0,0,0,0,0,0,0,0,0,0,0,0,0,0,0,0,0,0,0,2|24408&4&776.8209571555587|24419&4&2013.5600098547116|24426&4&-3.410605131648481E-13|24431&4&794.0058616491228|24433&4&2296.5193609028947|24436&4&2882.7924367084374|24438&4&1091.325110012577|24450&4&2166.9310240117616|24455&4&3263.6141024519357|24462&4&128.47343542593825|24471&4&1120.800828482493|24484&4&68.3607635112404|24488&4&76.37648444511171|24495&4&724.8015921755339,2|24400&4&2652.8725347113796|24407&4&1723.6063118377792|24413&4&413.24496872291616|24417&4&4880.380393042875|24427&4&4047.506677313232|24430&4&3035.5794720178274|24433&4&748.2937161013031|24452&4&4392.12813570956|24453&4&1716.852328862827|24462&4&1874.0994811216922|24467&4&2740.4580268827713|24473&4&2443.6205473600694|24480&4&4305.104408089045|24485&4&1016.6862147442981|24495&4&31.39640065891828,2|24407&4&9.237055564881302E-14|24409&4&3038.8792847779323|24412&4&75.51871550206157|24413&4&411.81958197281466|24416&4&369.81839382991154|24423&4&1545.0421301297692|24426&4&1806.7309354765055|24428&4&641.8457827021664|24434&4&616.9947381180862|24445&4&580.127942456984|24448&4&423.36721317580907|24465&4&0.0|24476&4&5138.009231005842|24489&4&3196.837801950317|24491&4&1017.030758099767,2|24404&4&3695.7235251685725|24406&4&1707.2625854655641|24411&4&109.30670254343929|24429&4&4038.5270705004923|24432&4&1966.0106383098666|24450&4&1625.804716386835|24460&4&371.8672845712187|24468&4&404.96074451458935|24479&4&1016.107676190942,2|24400&4&297.61998646267693|24401&4&1722.899168703977|24415&4&433.34910391870295|24431&4&2117.054667194258|24434&4&808.5657079557577|24450&4&248.42365306341648|24459&4&1814.6612049303974|24460&4&1433.956542508432|24461&4&1719.7075471081757|24471&4&1269.1126992948443|24477&4&3493.468939011709|24493&4&6018.950753481079|24494&4&126.06517798409817,2|24409&4&1047.3119430478034|24410&4&3732.48857876993|24414&4&1025.4209012760518|24418&4&601.7955739243093|24438&4&767.8402880172308|24449&4&529.6217024295008|24454&4&2832.9773526618446|24472&4&3114.3976256402457|24480&4&307.8346902122768|24484&4&239.65554980129033|24485&4&320.1619129401827,2|24415&4&1637.678645584562|24416&4&2065.889259641412|24418&4&3570.2217788770686|24428&4&4037.181161849431|24429&4&2686.623890614812|24433&4&0.0|24443&4&6079.141021269908|24445&4&1750.1253267323868|24446&4&2781.2797822419034|24452&4&1.7053025658242404E-13|24456&4&367.08159988653824|24484&4&6497.292683480389|24490&4&774.4501667146769,2|24405&4&2604.179756034917|24413&4&148.0074238459963|24423&4&7852.791904353396|24424&4&1326.1987608663962|24430&4&1557.4439474939013|24435&4&2061.839243359019|24439&4&1322.8752351118205|24448&4&929.8483477620738|24452&4&1710.382196853596|24461&4&2143.1720147682154|24468&4&950.0690012622592|24470&4&330.9121312828579|24476&4&105.7724656199697|24479&4&4320.499027257058|24485&4&5154.303630762267|24494&4&832.6230344304389|24500&4&118.05675786970733,2|24397&4&1128.0251741343413|24399&4&662.723582543312|24402&4&5164.593118372705|24419&4&444.23973090018353|24420&4&368.08077685185555|24422&4&42.79932958397863|24435&4&1969.74180284714|24439&4&342.0206181100768|24451&4&3552.972094240845|24452&4&1140.5363620705066|24461&4&1179.3650571401495|24463&4&629.9556340643093|24478&4&3144.454334790064|24483&4&6860.879908824871|24486&4&2938.5502564643475|24494&4&239.95432845040654,2|24399&4&4434.941575339062|24403&4&597.8783360946816|24431&4&7364.400465064316|24434&4&3913.8281013283595|24440&4&2059.0028589087883|24449&4&1241.5260125474833|24453&4&5418.5908124889775|24465&4&0.0|24470&4&69.44077303863912|24482&4&4309.835514720636
388|4,130,1,1,1,1,1,1,1,1,1,1,1,1,1,1,1,1,1,1,1,1,1,1,1,1,1,1,1,1,1,1,1,1,1,1,1,1,1,1,1,1,1,1,1,1,1,1,1,1,1,1,1,1,1,1,1,1,1,1,1,1,1,1,1,1,1,1,1,1,1,1,1,1,1,1,1,1,1,1,1,1,1,1,1,1,1,1,1,1,1,1,1,1,1,1,1,1,1,1,1,1,0,0,0,0,0,0,0,0,0,0,0,0,0,0,0,0,0,0,0,0,2|24408&4&723.0211963869334|24419&4&2780.239795239916|24431&4&709.5165497432804|24433&4&2130.308630088977|24436&4&2882.38742417824|24437&4&629.7591021866965|24438&4&1034.9121689286287|24447&4&25.80596232768923|24450&4&2003.9852461294463|24455&4&3025.7211898699416|24462&4&66.00857298500162|24471&4&931.2563587403157|24484&4&13.073313365932336|24488&4&71.59488571012506|24495&4&674.5146572575794,2|24400&4&2442.931350011942|24407&4&1580.5526314465628|24413&4&320.95021420789334|24417&4&4450.734385699156|24427&4&4264.787017446991|24430&4&2632.2060568318134|24433&4&614.3441552355877|24452&4&3994.320225134133|24453&4&1527.2038406995418|24462&4&2307.176428464796|24467&4&2451.519085355524|24473&4&2221.0033145463794|24480&4&4652.553610131774|24485&4&823.7173598584154|24492&4&22.83193036455308|24495&4&26.91120056478716,2|24409&4&2823.890809177604|24412&4&0.0|24413&4&1045.9024347251582|24416&4&350.35426783886356|24423&4&1216.5785062334971|24426&4&1788.6196269014642|24428&4&542.988755543606|24434&4&582.7172526670814|24445&4&463.43816352762593|24448&4&320.40187816500367|24465&4&34.74673776140787|24476&4&5433.552484827351|24489&4&3578.976842897238|24491&4&1122.8792056065672,2|24404&4&3491.309356504467|24405&4&454.11243578414724|24406&4&1904.4483673436157|24411&4&102.47503363447433|24429&4&3617.133969443932|24432&4&1751.0458509308917|24439&4&645.5125797375636|24441&4&120.00190007651767|24450&4&1911.447150535082|24460&4&231.30341200155073|24468&4&311.69466541859964|24479&4&749.5971581102559,2|24400&4&173.29991487193507|24401&4&1654.421581582506|24415&4&329.13378816165823|24431&4&1836.7106274236553|24434&4&767.1491915635685|24450&4&174.96095592216344|24459&4&2310.407400368033|24460&4&1884.8672187499824|24461&4&2931.1644072077656|24471&4&1185.8367636378593|24477&4&4215.055736244186|24486&4&32.68225541142715|24493&4&5711.112320918019|24494&4&119.76191908489326,2|24409&4&843.7597890486743|24410&4&3507.4636617586784|24414&4&920.8234295173845|24418&4&442.22579053142505|24438&4&719.5686302100022|24449&4&419.1829200160345|24454&4&2854.5023269858643|24472&4&2786.034091241037|24480&4&167.9887177682795|24484&4&159.77036653419367|24485&4&213.441275293455,2|24415&4&2067.5304927846933|24416&4&1936.2230244396476|24418&4&4335.521581680717|24428&4&3777.899936168252|24429&4&2536.436018575979|24443&4&6049.367128062407|24445&4&1799.3988091998792|24446&4&3307.418884692232|24456&4&345.6292805304967|24484&4&6464.411659611671|24490&4&692.9870232839655,2|24405&4&2348.2010398041407|24413&4&136.06249043941523|24423&4&7388.598610357557|24424&4&1367.8682887401776|24430&4&1856.2592296558798|24435&4&1938.6888589191458|24439&4&1212.3837546382674|24448&4&854.4698621856271|24452&4&1611.4781504044204|24461&4&2004.8753420200794|24468&4&881.556032110805|24470&4&299.6252193488499|24476&4&30.05427884862654|24479&4&5332.089264115317|24485&4&4752.0679624865|24494&4&750.8101187563104|24500&4&78.16928069692094,2|24397&4&1033.4674857328791|24399&4&437.43340748664593|24402&4&4795.892884724965|24419&4&310.15120607682275|24420&4&334.78301036966747|24422&4&40.12437148497997|24435&4&1895.4273540859683|24439&4&241.94296876162386|24442&4&498.05896231686836|24451&4&3198.2433091942503|24452&4&1618.290814798941|24455&4&63.35172193541507|24461&4&914.5308330781929|24463&4&691.0665532146909|24478&4&3676.131692968254|24483&4&7615.526207943249|24486&4&2668.2243531060126|24494&4&180.34741321818402,2|24399&4&5252.971510754341|24403&4&789.7732937184227|24431&4&7149.681515236325|24434&4&3501.479582760352|24440&4&1869.2838690112503|24449&4&1758.9284939982222|24453&4&5870.599934386039|24470&4&57.88160739116793|24482&4&4305.165226426359
389|4,130,1,1,1,1,1,1,1,1,1,1,1,1,1,1,1,1,1,1,1,1,1,1,1,1,1,1,1,1,1,1,1,1,1,1,1,1,1,1,1,1,1,1,1,1,1,1,1,1,1,1,1,1,1,1,1,1,1,1,1,1,1,1,1,1,1,1,1,1,1,1,1,1,1,1,1,1,1,1,1,1,1,1,1,1,1,1,1,1,1,1,1,1,1,1,1,1,1,1,1,1,0,0,0,0,0,0,0,0,0,0,0,0,0,0,0,0,0,0,0,0,2|24408&4&669.2214356183077|24419&4&2583.692231375132|24431&4&625.0272378374381|24433&4&1964.0978992750597|24436&4&2627.68366597578|24437&4&653.0594721448665|24438&4&978.4992278446805|24447&4&24.515664211304767|24450&4&1841.0394682471303|24455&4&2787.8282772879465|24462&4&26.062826440069355|24471&4&741.7118889981382|24484&4&0.0|24488&4&164.62916243977304|24495&4&624.227722339625,2|24400&4&3903.791055252739|24407&4&1437.4989510553464|24413&4&244.71674459070022|24417&4&4021.088378355436|24427&4&3884.4563531812382|24430&4&2260.9382086160294|24433&4&480.39459436987227|24452&4&3616.083843545899|24453&4&1337.5553525362564|24462&4&2210.699328920954|24467&4&2346.090894378203|24473&4&2401.7311561593897|24480&4&5746.519771203565|24485&4&630.7485049725326|24492&4&21.690333846325426|24495&4&22.42600047065596,2|24409&4&2608.9023335772754|24413&4&1771.539237333333|24416&4&330.8901418478156|24423&4&921.1340341612732|24426&4&1663.9913074735082|24428&4&444.90690184620325|24434&4&548.4397672160767|24445&4&354.65638637700476|24448&4&217.43654315419823|24463&4&324.221577919311|24465&4&33.009400873337476|24476&4&5415.811979357833|24489&4&3452.4405750498267|24491&4&969.6764118095939,2|24404&4&3252.861588585126|24405&4&915.9928281564537|24406&4&2256.054241174365|24411&4&95.64336472550937|24424&4&786.4324172170305|24429&4&3195.7408683873728|24432&4&1536.0810635519163|24439&4&1521.3995685336076|24441&4&0.0|24450&4&2546.1687936278386|24460&4&113.69002040715854|24468&4&218.42858632260993|24479&4&544.6615475860455,2|24400&4&48.979843281193205|24401&4&1829.3947981247793|24415&4&248.96101309995083|24431&4&1556.3665876530529|24434&4&725.7326751713792|24450&4&102.41145255599962|24459&4&2625.2329634518946|24460&4&2471.8152223712177|24461&4&3054.4747106672803|24471&4&1245.8077307991318|24477&4&4916.880683024866|24486&4&188.62461540675716|24493&4&5503.406385769427|24494&4&113.45866018568836,2|24409&4&648.2321427155491|24410&4&3206.57562055808|24414&4&1148.0794280656373|24418&4&314.00416731565167|24438&4&672.0114364899089|24449&4&333.4391629200339|24454&4&2609.6591447853534|24472&4&2457.670556841828|24480&4&50.57886905790497|24484&4&79.885183267097|24485&4&106.72063764672731,2|24415&4&1926.873215710875|24416&4&1806.556789237883|24418&4&4376.054534235234|24428&4&3518.6187104870737|24429&4&2386.248146537145|24443&4&6853.427118686333|24445&4&1652.671711355627|24446&4&3613.9762553575265|24456&4&324.1769611744552|24484&4&7009.650144532235|24490&4&611.523879853254,2|24405&4&2113.492215539|24413&4&124.11755703283416|24423&4&6916.216903478664|24424&4&1232.566323675887|24430&4&2635.9184087532058|24435&4&1815.5384744792727|24439&4&1101.8922741647145|24448&4&779.0913766091808|24452&4&1512.574103955245|24461&4&1866.578669271943|24468&4&1289.6121902022458|24470&4&268.3383074148419|24476&4&4.973799150320701E-14|24479&4&6248.248619334265|24485&4&4349.8322942107325|24494&4&668.9972030821822|24500&4&55.456099344981716,2|24397&4&938.9097973314168|24399&4&293.63232250226565|24402&4&4941.154558834151|24419&4&206.56111010226786|24420&4&301.48524388747944|24422&4&37.4494133859813|24435&4&1674.458658492322|24439&4&150.75019045185527|24442&4&473.15601420102496|24451&4&3006.1673081868908|24452&4&2349.5730021680138|24455&4&419.6057724584916|24461&4&707.3213312904061|24463&4&623.0578663675752|24478&4&3756.2169369386147|24483&4&7574.181211416098|24486&4&2409.5117045430584|24494&4&120.74049798596147,2|24399&4&5374.266871107135|24403&4&816.0946604819766|24431&4&6845.5738201120785|24434&4&3115.4073026766464|24440&4&1679.5648791137128|24449&4&2181.0504504133955|24453&4&7424.6791786110525|24470&4&46.32244174369674|24482&4&3954.120090952755
390|4,130,1,1,1,1,1,1,1,1,1,1,1,1,1,1,1,1,1,1,1,1,1,1,1,1,1,1,1,1,1,1,1,1,1,1,1,1,1,1,1,1,1,1,1,1,1,1,1,1,1,1,1,1,1,1,1,1,1,1,1,1,1,1,1,1,1,1,1,1,1,1,1,1,1,1,1,1,1,1,1,1,1,1,1,1,1,1,1,1,1,1,1,1,1,1,1,1,1,1,1,1,0,0,0,0,0,0,0,0,0,0,0,0,0,0,0,0,0,0,0,0,2|24408&4&746.2724950511486|24417&4&185.68432807207046|24419&4&2387.144667510349|24431&4&540.5379259315957|24433&4&2078.148111554021|24436&4&2459.94647123724|24437&4&626.4824867197909|24438&4&922.0862867607323|24447&4&23.225366094920304|24450&4&1678.0936903648144|24455&4&2562.092895338745|24462&4&1.2079226507921703E-13|24471&4&555.7374446238766|24488&4&154.95676993155465|24495&4&573.9407874216704,2|24400&4&3610.3098260562892|24407&4&1294.4452706641302|24413&4&200.01529527459408|24417&4&3591.442371011717|24427&4&3514.908130501849|24430&4&1913.4259323501128|24433&4&346.4450335041569|24452&4&3262.4660480036887|24453&4&1147.9068643729709|24462&4&1978.9639610373072|24467&4&2380.647363769521|24473&4&2929.0431425421757|24480&4&6241.477790331298|24485&4&437.7796500866498|24492&4&20.548737328097772|24495&4&17.940800376524763,2|24409&4&2393.9138579769474|24413&4&1679.1081173187906|24416&4&311.4260158567676|24423&4&625.6895620890494|24426&4&1852.4798952235956|24428&4&346.82504814880053|24434&4&514.162281765072|24445&4&245.87460922638365|24448&4&114.4712081433928|24463&4&308.01049902334546|24465&4&31.27206398526708|24476&4&4922.104998415564|24489&4&3446.787430577255|24491&4&1063.5371587264449,2|24404&4&2960.0217030279696|24405&4&1443.2053877926023|24406&4&2551.2749691430813|24411&4&88.81169581654441|24424&4&1168.8210357117987|24429&4&2774.3477673308125|24432&4&1321.1162761729408|24439&4&2051.7032481992533|24450&4&2396.016413538251|24460&4&32.67616791324795|24468&4&132.79944761326269|24479&4&424.17890568165507|24493&4&423.5469751400401,2|24400&4&2.1316282072803006E-13|24401&4&1651.2646826750927|24415&4&181.10629320111076|24431&4&1276.0225478824505|24434&4&684.3161587791899|24450&4&61.387897774426015|24459&4&2892.1921267831885|24460&4&3391.8111375921276|24461&4&3264.048709634059|24471&4&1430.7772154366996|24477&4&5181.205930510159|24486&4&957.8076570566795|24493&4&5020.069266240632|24494&4&624.5966796981457,2|24409&4&476.62036418768514|24410&4&2905.687579357481|24414&4&1062.5236475441534|24418&4&207.86911119538723|24438&4&624.4542427698157|24449&4&269.10126184684225|24454&4&2688.752175306973|24462&4&310.8242867904355|24472&4&2495.241864499717|24480&4&0.0|24484&4&3.410605131648481E-13|24485&4&-3.694822225952521E-13,2|24415&4&1786.215938637057|24416&4&1676.890554036119|24418&4&4379.7992961081545|24428&4&3387.9556975207456|24429&4&2236.060274498312|24443&4&6998.683556512753|24444&4&306.600733874921|24445&4&1677.3452583922247|24446&4&3836.497377669682|24456&4&364.22760736341064|24484&4&7611.135506527144|24490&4&530.0607364225426,2|24405&4&1906.8851992552536|24413&4&112.17262362625308|24423&4&6804.133191137464|24424&4&1129.0700117983577|24430&4&2647.319852572274|24435&4&1692.3880900394|24439&4&991.4007936911614|24448&4&1808.746621025173|24452&4&1413.6700575060695|24461&4&1728.2819965238073|24468&4&1197.2707646886468|24470&4&237.05139548083395|24479&4&6658.690507292482|24485&4&5057.248665187193|24494&4&587.1842874080539|24500&4&36.58477444641768,2|24397&4&844.3521089299547|24399&4&187.05905677740117|24402&4&4976.661745184773|24419&4&461.72994755044306|24420&4&268.18747740529136|24422&4&34.774455286982636|24435&4&1558.185734061347|24439&4&95.60257158683712|24442&4&491.0043529971392|24451&4&3013.2341945646476|24452&4&2431.6743028669275|24455&4&691.5542133921488|24461&4&554.9115286076867|24463&4&574.524177947739|24478&4&4907.582879354021|24483&4&7740.024636603968|24486&4&2190.356289310657|24494&4&61.13358275373894,2|24399&4&5905.39053078325|24403&4&758.0654284631391|24431&4&6669.961369315727|24434&4&2729.3350225929403|24440&4&1489.8458892161746|24449&4&2418.6188840862537|24453&4&8453.526029104543|24470&4&34.76327609622556|24482&4&3838.80511874935
391|4,130,1,1,1,1,1,1,1,1,1,1,1,1,1,1,1,1,1,1,1,1,1,1,1,1,1,1,1,1,1,1,1,1,1,1,1,1,1,1,1,1,1,1,1,1,1,1,1,1,1,1,1,1,1,1,1,1,1,1,1,1,1,1,1,1,1,1,1,1,1,1,1,1,1,1,1,1,1,1,1,1,1,1,1,1,1,1,1,1,1,1,1,1,1,1,1,1,1,1,1,1,0,0,0,0,0,0,0,0,0,0,0,0,0,0,0,0,0,0,0,0,2|24401&4&259.29425174524897|24408&4&776.8695374373623|24417&4&664.1186891739219|24419&4&2190.5971036455658|24431&4&456.0486140257533|24433&4&1897.9243335854599|24436&4&2211.242149960026|24437&4&853.9358379163344|24438&4&865.673345676784|24447&4&21.93506797853584|24450&4&1515.147912482499|24455&4&2353.7341032314916|24471&4&378.5389556509986|24488&4&145.28437742333625|24495&4&523.6538525037158,2|24400&4&3316.8285968598398|24407&4&1151.3915902729138|24413&4&155.3138459584883|24417&4&3161.796363667998|24427&4&3145.3599078224606|24430&4&1582.3655642805847|24433&4&233.48178031219192|24452&4&2927.8641449624356|24453&4&958.2583762096854|24462&4&1747.2285931536605|24467&4&2091.091045308989|24473&4&2706.598872186278|24480&4&5803.353996104983|24485&4&244.81079520076702|24492&4&19.407140809870118|24495&4&13.455600282393565,2|24409&4&2722.9737091678344|24413&4&1586.6769973042483|24416&4&291.9618898657196|24423&4&351.0041495579129|24426&4&1743.2777566007958|24428&4&248.7431944513978|24434&4&479.88479631406716|24445&4&156.01145175392867|24448&4&63.178141954135114|24463&4&291.7994201273799|24465&4&29.534727097196686|24476&4&4504.985497377046|24489&4&3125.2920828024894|24491&4&1489.7435890245094,2|24404&4&3211.86522728642|24405&4&1688.159570263776|24406&4&2368.998241567693|24411&4&81.98002690757946|24424&4&1108.4139028831662|24429&4&2352.9546662742528|24432&4&1106.1514887939657|24439&4&1943.6201163461456|24450&4&2245.8640334486636|24460&4&-5.6843418860808015E-14|24468&4&47.1703089039154|24475&4&46.719296322431916|24479&4&341.91439640690123|24493&4&654.726303257906,2|24401&4&1473.134567225406|24415&4&113.25157330227077|24431&4&1004.168281595267|24434&4&642.8996423870005|24450&4&20.364342992852436|24459&4&2849.351162643941|24460&4&3762.6093741046193|24461&4&3565.9367873053425|24471&4&1892.0571599343127|24477&4&4789.91272111814|24486&4&1306.6552661734622|24493&4&4538.448902820008|24494&4&801.6051778946763,2|24409&4&305.0085856598213|24410&4&2604.7995381568826|24412&4&4.461177171824333|24414&4&976.9678670226692|24418&4&115.99717404746917|24438&4&576.8970490497222|24449&4&217.16627514330236|24450&4&46.863628148370026|24454&4&2469.774140853232|24462&4&1439.5808320158412|24472&4&2860.4848928352812|24477&4&521.3329062577002,2|24415&4&1645.5586615632392|24416&4&1547.2243188343546|24418&4&4058.138595087329|24428&4&3775.147081226367|24429&4&2085.872402459479|24443&4&6968.4871349487985|24444&4&0.0|24445&4&1813.2688280375776|24446&4&4068.81235317624|24456&4&339.70013973011925|24484&4&7954.767649853015|24490&4&448.5975929918312,2|24405&4&1723.2408181829176|24413&4&100.227690219672|24423&4&6726.477080605796|24424&4&1054.9919047905491|24430&4&3245.8915375300876|24435&4&1569.237705599527|24439&4&880.9093132176085|24448&4&1837.8677225757738|24452&4&1314.7660110568938|24461&4&1589.985323775671|24468&4&2418.2786854258193|24470&4&205.76448354682594|24479&4&6870.2205580228565|24485&4&6445.805903061486|24494&4&505.37137173392546|24500&4&22.36044159994923,2|24397&4&777.674314176917|24399&4&140.89452675352496|24402&4&4922.887841136829|24419&4&619.1715227020175|24420&4&234.8897109231033|24422&4&32.09949718798397|24435&4&2181.8037034618346|24439&4&56.999781181629416|24442&4&463.9638405356979|24451&4&2958.0139734156087|24452&4&2296.3507356360437|24455&4&730.5287233491836|24461&4&431.01745786543336|24463&4&525.9904895279029|24478&4&4908.408145229164|24483&4&7191.1805693222395|24486&4&2005.3040018660695|24494&4&22.3852325637644,2|24399&4&5730.769361941604|24403&4&698.8232466840122|24431&4&8204.661040050858|24434&4&2371.0615155014493|24440&4&1760.7848861849275|24449&4&2640.4409717925178|24453&4&9107.491225901722|24470&4&23.204110448754374|24482&4&3673.2973435005106
392|4,130,1,1,1,1,1,1,1,1,1,1,1,1,1,1,1,1,1,1,1,1,1,1,1,1,1,1,1,1,1,1,1,1,1,1,1,1,1,1,1,1,1,1,1,1,1,1,1,1,1,1,1,1,1,1,1,1,1,1,1,1,1,1,1,1,1,1,1,1,1,1,1,1,1,1,1,1,1,1,1,1,1,1,1,1,1,1,1,1,1,1,1,1,1,1,1,1,1,1,1,1,0,0,0,0,0,0,0,0,0,0,0,0,0,0,0,0,0,0,0,0,2|24401&4&697.8041587319367|24408&4&716.0427768565429|24417&4&1661.840024031132|24419&4&1994.0495397807822|24431&4&371.5593021199109|24433&4&1783.6660226033082|24436&4&1962.5378286828122|24437&4&806.2227851639359|24438&4&809.2604045928358|24447&4&20.644769862151378|24450&4&1352.2021346001832|24455&4&2151.1055523133628|24471&4&236.94454198803322|24488&4&636.285847832588|24495&4&473.36691758576137,2|24400&4&3023.3473676633903|24407&4&1008.3379098816972|24413&4&110.61239664238246|24417&4&2736.0424567329096|24427&4&2990.765800025949|24430&4&1295.7646496850102|24433&4&120.51852712022678|24452&4&2593.262241921183|24453&4&768.6098880463999|24462&4&1550.639830967901|24467&4&1801.5347268484575|24473&4&2398.771109813598|24480&4&5365.230201878669|24485&4&127.35913808491685|24492&4&18.265544291642463|24495&4&8.970400188262367,2|24409&4&4342.970970351338|24413&4&1494.2458772897057|24416&4&272.49776387467165|24418&4&680.9524042385328|24423&4&1462.0330438697856|24426&4&1627.5908155572818|24428&4&171.02716374720717|24434&4&445.60731086306237|24441&4&86.08819695485789|24445&4&77.58761306306518|24448&4&23.519967570668115|24463&4&275.58834123141435|24465&4&27.79739020912629|24476&4&5378.274595087594|24489&4&2914.0146588184316|24491&4&1666.786630358888,2|24404&4&3213.1592335110545|24405&4&1596.4874497060646|24406&4&2249.755662717769|24411&4&75.1483579986145|24424&4&1048.0067700545337|24429&4&1931.5615652176928|24432&4&891.1867014149901|24439&4&1835.5369844930376|24450&4&2095.7116533590765|24468&4&1.8151593717578292|24475&4&0.0|24479&4&273.5315171255211|24493&4&691.2766036859834,2|24401&4&1303.2628539527468|24415&4&53.325740129503075|24431&4&805.0907671346281|24434&4&1284.8001885428162|24450&4&1.1368683772161603E-13|24459&4&2736.670052948772|24460&4&3515.636633763481|24461&4&3548.0541549912823|24471&4&2394.555880392562|24477&4&4421.3730366800555|24486&4&1238.342763640227|24493&4&4069.2883780004527|24494&4&1164.5163032394669,2|24409&4&167.43168424839723|24410&4&2508.119723198089|24412&4&4.238118313233116|24414&4&891.4120865011851|24418&4&34.62993721497645|24438&4&529.3398553296289|24449&4&184.62883428180083|24450&4&528.5033997662396|24454&4&2622.9287251631545|24462&4&1489.5242926479018|24472&4&3621.996577111669|24477&4&539.0200991824158,2|24415&4&2236.1816888971007|24416&4&1417.55808363259|24418&4&3736.4778940665024|24428&4&4167.808932541548|24429&4&3356.342024898472|24443&4&6497.931856988034|24444&4&30.033510167629625|24445&4&2595.851159841862|24446&4&3739.2023925197163|24456&4&315.1726720968279|24484&4&7933.400607868791|24490&4&367.1344495611198,2|24405&4&1552.633674546426|24413&4&88.28275681309094|24423&4&6215.443449196312|24424&4&980.9137977827406|24430&4&4196.824141533027|24435&4&1446.0873211596543|24439&4&770.4178327440554|24448&4&2185.6045634237475|24452&4&1215.8619646077182|24461&4&1451.6886510275351|24468&4&3004.4937179629305|24470&4&488.86710881662395|24479&4&6536.028412991011|24485&4&7060.591805878128|24494&4&423.55845605979704|24500&4&12.63487010470086,2|24397&4&681.7226310930336|24399&4&106.6775560242259|24402&4&5114.990410385022|24419&4&1446.3907235112579|24420&4&201.59194444091526|24422&4&29.424539088985306|24435&4&1958.0182760156829|24439&4&31.264230855219537|24442&4&436.92332807425663|24451&4&2906.1423005016186|24452&4&2219.811452803531|24455&4&690.9973233119559|24461&4&334.96059911345935|24463&4&477.45680110806677|24478&4&4575.416242841027|24483&4&7874.089917026199|24486&4&1835.3395231258346|24494&4&-1.4921397450962104E-13,2|24399&4&5894.444135011285|24403&4&639.5810649048851|24431&4&8216.735938652875|24434&4&2012.7880084099588|24440&4&2068.6817284510544|24449&4&2543.3307743473165|24453&4&8939.548632523642|24470&4&11.644944801283192|24482&4&3324.9293690949307
393|4,130,1,1,1,1,1,1,1,1,1,1,1,1,1,1,1,1,1,1,1,1,1,1,1,1,1,1,1,1,1,1,1,1,1,1,1,1,1,1,1,1,1,1,1,1,1,1,1,1,1,1,1,1,1,1,1,1,1,1,1,1,1,1,1,1,1,1,1,1,1,1,1,1,1,1,1,1,1,1,1,1,1,1,1,1,1,1,1,1,1,1,1,1,1,1,1,1,1,1,1,1,0,0,0,0,0,0,0,0,0,0,0,0,0,0,0,0,0,0,0,0,2|24401&4&837.9249825243623|24408&4&655.2160162757234|24417&4&2698.6968816801927|24419&4&1797.5019759159984|24431&4&287.0699902140685|24433&4&2764.8115359156295|24436&4&1713.8335074055985|24437&4&758.5097324115372|24438&4&752.8474635088876|24447&4&19.354471745766915|24450&4&1189.2563567178672|24455&4&1948.4770013952339|24471&4&137.86020459007045|24481&4&84.66752067093167|24488&4&747.5929425890121|24495&4&423.0799826678069,2|24400&4&2751.2431743349853|24407&4&865.2842294904808|24413&4&65.91094732627667|24417&4&2349.0699534943433|24427&4&3167.134139378084|24430&4&1032.5333388363408|24433&4&26.799906734876057|24452&4&2311.66627000294|24453&4&578.9613998831144|24462&4&1356.4586656923418|24467&4&2353.801287358031|24473&4&3024.943595463566|24480&4&4927.106407652354|24485&4&60.24597113937906|24492&4&17.12394777341481|24495&4&4.4852000941311685,2|24409&4&4702.60997356894|24413&4&1407.7010945457687|24416&4&253.03363788362367|24418&4&1389.958194867435|24423&4&1958.5993832214958|24426&4&1512.257017918599|24428&4&128.38355832817786|24434&4&411.3298254120576|24441&4&0.0|24445&4&28.170248969192123|24448&4&0.0|24463&4&259.3772623354488|24465&4&26.060053321055896|24476&4&6164.715898332264|24489&4&2626.3968266486527|24491&4&2371.5010860506254|24496&4&67.43762287556478,2|24400&4&290.6965381902305|24404&4&3043.7587181043464|24405&4&1504.8153291483536|24406&4&2196.0304893231005|24411&4&68.31668908964954|24424&4&987.5996372259012|24429&4&1538.6519918982|24432&4&676.2219140360148|24439&4&2170.074560029301|24450&4&1945.5592732694893|24468&4&-3.1086244689504383E-15|24479&4&205.1486378441409|24493&4&770.7982117717713,2|24401&4&1167.6223829625726|24415&4&23.03175459246237|24431&4&629.7700104762216|24434&4&2371.0329196625594|24459&4&2513.450532176998|24460&4&3268.663893422342|24461&4&3609.2735766817323|24471&4&2782.5510432061747|24477&4&4065.553575954551|24486&4&1170.030261106992|24493&4&3600.3862679481035|24494&4&1101.604507408093,2|24409&4&96.3421246164884|24410&4&2425.3550453309463|24412&4&4.015059454641899|24414&4&805.8563059797009|24418&4&-2.8421709430404007E-13|24438&4&481.7826616095356|24449&4&161.287194146599|24450&4&501.9610707075566|24454&4&2861.184071247661|24462&4&1410.633212182642|24472&4&3611.031633849427|24477&4&510.76576195765074,2|24415&4&2613.8651402965415|24416&4&1287.8918484308258|24418&4&3414.8171930456774|24428&4&3864.2406171067596|24429&4&3135.121278135747|24443&4&6349.02594643665|24444&4&0.0|24445&4&2697.471201773832|24446&4&3409.5924318631924|24456&4&290.6452044635365|24484&4&7312.210140190083|24490&4&285.6713061304084,2|24405&4&1382.0265309099343|24413&4&76.33782340650986|24423&4&5704.409817786827|24424&4&906.8356907749321|24430&4&5432.984786601275|24435&4&1322.9369367197814|24439&4&659.9263522705025|24448&4&2352.061348938947|24452&4&1116.9579181585427|24461&4&1313.3919782793992|24468&4&2809.2736288686306|24470&4&654.6126145039586|24479&4&6004.273443182895|24485&4&6452.318862811083|24494&4&341.7455403856687|24500&4&8.423246736467263,2|24397&4&585.7709480091501|24399&4&83.50936188552404|24402&4&4675.104542735354|24419&4&1393.9284833802174|24420&4&168.29417795872723|24422&4&26.74958098998664|24435&4&2636.2348025781|24439&4&5.528680528809557|24442&4&526.1606407693002|24451&4&2946.1634346197916|24452&4&2206.487824745326|24455&4&651.4659232747284|24461&4&249.2754388466436|24463&4&428.9231126882306|24478&4&4242.424340452891|24483&4&7975.597579525053|24486&4&1665.3750443855997,2|24399&4&5445.287770075579|24403&4&580.3388831257582|24431&4&8341.315976481575|24434&4&1669.327398545586|24440&4&2900.335036412974|24449&4&2382.7570362750484|24453&4&8318.090279434868|24464&4&0.0|24470&4&0.08577915381200728|24482&4&3009.82911653143
394|4,130,1,1,1,1,1,1,1,1,1,1,1,1,1,1,1,1,1,1,1,1,1,1,1,1,1,1,1,1,1,1,1,1,1,1,1,1,1,1,1,1,1,1,1,1,1,1,1,1,1,1,1,1,1,1,1,1,1,1,1,1,1,1,1,1,1,1,1,1,1,1,1,1,1,1,1,1,1,1,1,1,1,1,1,1,1,1,1,1,1,1,1,1,1,1,1,1,1,1,1,1,0,0,0,0,0,0,0,0,0,0,0,0,0,0,0,0,0,0,0,0,2|24401&4&793.6035755904832|24408&4&594.3892556949039|24417&4&3725.2712645551524|24419&4&1600.954412051215|24431&4&202.58067830822614|24433&4&3533.0117620383007|24436&4&1587.7888624576067|24437&4&710.7966796591387|24438&4&696.4345224249394|24447&4&18.064173629382452|24450&4&1026.3105788355515|24455&4&1745.848450477105|24471&4&65.12500855631343|24480&4&227.26819169487044|24481&4&80.43414463738509|24488&4&705.5861979143945|24495&4&622.8520070213715,2|24400&4&2494.3759747676218|24407&4&722.2305490992643|24413&4&21.209498010170872|24417&4&1987.2917442629446|24427&4&3234.9803106747568|24430&4&837.4728399564485|24433&4&-1.6342482922482304E-13|24452&4&2030.0702980846963|24453&4&400.32372936592094|24462&4&1162.2775004167827|24467&4&3153.8177396016677|24473&4&3068.4315087769946|24480&4&4488.98261342604|24485&4&9.947598300641403E-14|24492&4&15.982351255187154|24495&4&-3.019806626980426E-14,2|24409&4&4518.119570602972|24413&4&1973.5048844219682|24416&4&233.5695118925757|24418&4&1318.7579041134668|24423&4&2348.732443970581|24426&4&1396.923220279916|24428&4&88.13993912013345|24434&4&377.0523399610528|24445&4&3.4799376245085285|24463&4&243.16618343948323|24465&4&24.3227164329855|24476&4&5630.38042702153|24489&4&2856.8178357596526|24491&4&2365.3615749718|24496&4&64.06574173178655,2|24400&4&1053.9079066822762|24404&4&2950.1149766373846|24405&4&1480.4122116096353|24406&4&2187.3144786241055|24411&4&61.485020180684586|24424&4&927.1925043972686|24429&4&1152.762027017109|24432&4&1901.3334312737657|24439&4&2080.8576742186924|24450&4&1795.406893179902|24479&4&136.7657585627607|24493&4&731.00554120855,2|24401&4&1031.9819119723982|24415&4&0.0|24431&4&481.5468384398258|24434&4&3269.0645861935977|24459&4&2907.715341302639|24460&4&3021.691153081203|24461&4&4852.822476404306|24471&4&2860.004373153057|24477&4&3709.734115229046|24486&4&1101.7177585737566|24493&4&3131.4841578957535|24494&4&1167.2698265224672,2|24409&4&42.74262666110171|24410&4&2109.5504397913137|24412&4&3.7920005960506824|24414&4&720.3005254582167|24438&4&434.2254678894423|24449&4&137.9455540113972|24450&4&475.4187416488737|24454&4&3693.9948594287007|24462&4&1487.2489132566325|24472&4&3781.613094992983|24477&4&482.51142473288576|24483&4&2165.668938962581,2|24415&4&2685.3422333427206|24416&4&1158.2256132290613|24418&4&3093.1564920248516|24428&4&3560.4272481984653|24429&4&3171.342602692409|24443&4&6401.276510688312|24445&4&2544.160788914446|24446&4&3681.1169913837603|24456&4&266.1177368302451|24484&4&6889.75596545756|24490&4&204.208162699697,2|24405&4&1211.4193872734427|24413&4&64.39288999992878|24423&4&5193.376186377344|24424&4&832.7575837671234|24430&4&5593.393859449492|24435&4&1199.7865522799084|24439&4&549.4348717969494|24448&4&2390.3061230976837|24452&4&1018.0538717093672|24461&4&1175.0953055312632|24468&4&2614.0535397743306|24470&4&666.3634807379439|24479&4&5472.518473374779|24485&4&6650.056596050423|24494&4&259.93262471154037|24500&4&4.2116233682336315,2|24397&4&992.4168900402167|24399&4&60.34116774682228|24402&4&5243.763869728616|24419&4&1318.1015034078484|24420&4&294.9354897118727|24422&4&24.074622890987975|24435&4&2565.578030984254|24439&4&3.730349362740526E-14|24442&4&0.0|24451&4&3163.5510944553826|24452&4&2210.276082191995|24455&4&611.9345232375008|24461&4&163.59027857982795|24463&4&380.38942426839446|24478&4&3909.432438064753|24483&4&7239.9777883567485|24486&4&1495.4105656453646,2|24399&4&5484.3692658321215|24403&4&521.0967013466312|24431&4&7705.642976053992|24434&4&1376.2745689671547|24440&4&2781.2661465321|24449&4&2222.183298202781|24453&4&9118.12239010721|24464&4&383.8382525002537|24470&4&0.04288957690602305|24482&4&2676.178910421467
395|4,130,1,1,1,1,1,1,1,1,1,1,1,1,1,1,1,1,1,1,1,1,1,1,1,1,1,1,1,1,1,1,1,1,1,1,1,1,1,1,1,1,1,1,1,1,1,1,1,1,1,1,1,1,1,1,1,1,1,1,1,1,1,1,1,1,1,1,1,1,1,1,1,1,1,1,1,1,1,1,1,1,1,1,1,1,1,1,1,1,1,1,1,1,1,1,1,1,1,1,1,1,0,0,0,0,0,0,0,0,0,0,0,0,0,0,0,0,0,0,0,0,2|24401&4&1130.7956091730816|24408&4&533.5624951140845|24417&4&5027.8696408777505|24419&4&1404.4068481864315|24431&4&118.09136640238378|24433&4&3428.9272948697744|24436&4&1909.2894660235042|24437&4&663.0836269067402|24438&4&640.0215813409911|24447&4&16.77387551299799|24450&4&863.3648009532358|24455&4&1543.2198995589763|24471&4&18.603427153235465|24480&4&1426.5133316778729|24481&4&76.20076860383851|24488&4&664.785610866413|24495&4&806.4253165284846,2|24400&4&2262.968096224349|24407&4&935.3981837142987|24413&4&-6.394884621840902E-14|24417&4&1684.7021604661668|24427&4&3075.215934041418|24430&4&696.7453948411656|24452&4&1748.474326166453|24453&4&272.69604338776355|24462&4&987.4614962505857|24467&4&2848.9492461154114|24473&4&3742.4387013908777|24480&4&4050.8588191997255|24492&4&0.0,2|24409&4&4671.437298099563|24413&4&2228.716496628913|24416&4&214.1053859015277|24418&4&1247.5576133594989|24423&4&2692.729051447038|24426&4&1281.589422641233|24428&4&49.87873477463519|24434&4&342.774854510048|24445&4&0.19117940809319292|24463&4&226.95510454351768|24465&4&22.585379544915106|24476&4&5120.154607445815|24489&4&2679.84781977435|24491&4&2453.039680712107|24496&4&60.693860588008306,2|24400&4&1414.487158096545|24404&4&2736.471890780866|24405&4&1385.3766409009745|24406&4&2016.7103620169003|24411&4&54.65335127171963|24424&4&866.785371568636|24429&4&796.1236987342478|24432&4&2666.7230687162473|24439&4&2648.7152738250816|24450&4&1645.2545130903147|24479&4&68.38287928138053|24493&4&947.3788170871962,2|24401&4&896.341440982224|24431&4&360.0005291223934|24434&4&4580.528593330026|24459&4&2661.2884277120784|24460&4&2774.718412740064|24461&4&4501.931884711368|24471&4&3574.408238675191|24477&4&3353.914654503541|24486&4&1033.4052560405212|24493&4&2681.648028126009|24494&4&1627.1134698677406,2|24409&4&2.7000623958883807E-13|24410&4&2024.45461807558|24412&4&3.5689417374594656|24414&4&634.7447449367326|24438&4&386.668274169349|24449&4&114.60391387619542|24450&4&628.0071389544205|24454&4&3491.436245500804|24462&4&1682.5037042887307|24472&4&3999.986864920696|24477&4&843.0778313538187|24483&4&2248.8774853801197,2|24415&4&2466.5535227375835|24416&4&1028.559378027297|24418&4&2771.4957910040257|24428&4&3224.5238849782772|24429&4&4184.921910612853|24443&4&6298.486828357198|24445&4&2306.7193479703556|24446&4&3512.425507158052|24456&4&241.59026919695373|24484&4&6205.708857294488|24490&4&122.7450192689856,2|24405&4&1040.8122436369513|24413&4&52.44795659334771|24423&4&4682.342554967859|24424&4&758.6794767593149|24430&4&5657.881593295227|24435&4&1076.6361678400358|24439&4&438.94339132339644|24448&4&2215.5385315578114|24452&4&919.1498252601916|24461&4&1036.7986327831268|24468&4&2580.6011348947013|24470&4&605.249754732056|24479&4&4940.763503566664|24485&4&6866.599730684665|24494&4&184.71827981786006|24500&4&0.0,2|24397&4&1230.3580537407972|24399&4&45.25587581011672|24402&4&5331.581719599444|24419&4&1242.2745234354798|24420&4&253.640769317918|24422&4&21.39966479198931|24435&4&2336.507230128281|24442&4&211.06857909938822|24451&4&3522.6793179358506|24452&4&2568.667342084905|24455&4&572.4031232002733|24461&4&106.8365898083932|24463&4&331.85573584855837|24478&4&3964.0478946249486|24483&4&6544.468156429151|24486&4&1325.4460869051297,2|24399&4&5010.801007861804|24403&4&461.85451956750427|24431&4&7069.969975626409|24434&4&1123.1506314739163|24440&4&2553.2770340575044|24449&4&2061.6095601305124|24453&4&8699.380505846435|24464&4&364.64633987524104|24470&4&-2.636779683484747E-16|24482&4&2718.0596694620044
396|4,130,1,1,1,1,1,1,1,1,1,1,1,1,1,1,1,1,1,1,1,1,1,1,1,1,1,1,1,1,1,1,1,1,1,1,1,1,1,1,1,1,1,1,1,1,1,1,1,1,1,1,1,1,1,1,1,1,1,1,1,1,1,1,1,1,1,1,1,1,1,1,1,1,1,1,1,1,1,1,1,1,1,1,1,1,1,1,1,1,1,1,1,1,1,1,1,1,1,1,1,1,0,0,0,0,0,0,0,0,0,0,0,0,0,0,0,0,0,0,0,0,2|24401&4&1067.3985302133783|24408&4&472.7357345332651|24417&4&4753.012202644694|24419&4&1207.859284321648|24431&4&33.60205449654141|24433&4&3574.693194721695|24436&4&3094.443473750037|24437&4&615.3705741543415|24438&4&583.6086402570429|24447&4&0.0|24450&4&700.4190230709199|24455&4&1340.5913486408476|24471&4&9.301713576617784|24480&4&2440.941687360221|24481&4&0.0|24488&4&623.9850238184315|24495&4&739.7095841610876,2|24400&4&2046.4583824212182|24407&4&2245.6719516350126|24417&4&1461.4152848465787|24427&4&3060.6511392507846|24430&4&605.4433816875237|24452&4&1468.7614208369039|24453&4&156.17679792434623|24462&4&818.8525214051431|24467&4&3693.871988134899|24473&4&4547.570152040442|24480&4&3644.4541006085133,2|24409&4&4265.48004850819|24413&4&2189.0368623023187|24416&4&194.64125991047973|24418&4&1176.357322605531|24423&4&2543.371973137868|24426&4&1166.2556250025502|24428&4&11.617530429136949|24434&4&308.4973690590432|24441&4&3.692297217520581|24445&4&1.1657341758564144E-15|24463&4&210.74402564755212|24465&4&20.84804265684471|24476&4&4609.928787870098|24489&4&2385.3817134904407|24491&4&2662.4681925505947|24496&4&0.0,2|24400&4&1852.9925032217845|24404&4&3214.7251058796137|24405&4&1290.3410701923137|24406&4&1846.1062454096952|24411&4&47.82168236275467|24424&4&806.3782387400036|24429&4&505.48838925049006|24432&4&3224.2521196986045|24439&4&2846.773526424471|24450&4&1495.1021330007275|24479&4&3.410605131648481E-13|24493&4&1009.502466421991,2|24401&4&772.4734642252755|24431&4&251.2173163336541|24434&4&5384.296047808915|24459&4&2414.8615141215178|24460&4&2527.7456723989253|24461&4&4151.04129301843|24471&4&3478.135829561106|24477&4&3014.981686662542|24486&4&965.092753507286|24493&4&2231.811898356265|24494&4&1531.3136035428831,2|24410&4&2709.2699829286676|24412&4&3.345882878868249|24414&4&549.1889644152484|24429&4&1722.5558521297191|24438&4&339.11108044925567|24449&4&91.26227374099363|24450&4&700.0900688245408|24454&4&3221.9220673196623|24462&4&2244.3939428191334|24472&4&4219.964058035464|24477&4&795.3824569367687|24483&4&2131.019438763707,2|24415&4&2251.341778799119|24416&4&898.8931428255327|24418&4&2449.8350899832003|24428&4&3301.4889998506474|24429&4&3888.4454523717013|24443&4&5851.141727859026|24445&4&2069.2779070262645|24446&4&4277.542344572542|24456&4&217.06280156366236|24484&4&7330.895005458514|24490&4&1024.1517226813423,2|24405&4&870.2051000004597|24413&4&40.50302318676664|24423&4&4171.308923558375|24424&4&684.6013697515061|24430&4&5283.6447299110205|24435&4&953.4857834001629|24439&4&328.45191084984344|24448&4&2040.770940017939|24452&4&820.2457788110161|24461&4&898.501960034991|24468&4&2729.4760922293453|24470&4&545.8205084290439|24479&4&5827.477807169962|24485&4&6234.338632915785|24494&4&130.24018661859225,2|24397&4&1112.363115277589|24399&4&30.170583873411147|24402&4&4872.708534452796|24419&4&2082.5301664984518|24420&4&212.34604892396328|24422&4&18.724706692990644|24435&4&2107.4364292723085|24442&4&200.5151501444188|24451&4&4090.861673945963|24452&4&2391.2269081940326|24455&4&532.8717231630455|24461&4&52.165561786456074|24463&4&283.3220474287222|24478&4&4439.50501526299|24483&4&5860.276132040771|24486&4&1155.4816081648949|24494&4&384.24232105734615,2|24399&4&4537.232749891485|24403&4&402.6123377883773|24431&4&7004.000766883728|24434&4&947.2356509088405|24440&4&2328.39327540149|24449&4&1901.035822058245|24453&4&8487.285673179706|24464&4&345.4544272502284|24482&4&3542.135964460017
397|4,130,1,1,1,1,1,1,1,1,1,1,1,1,1,1,1,1,1,1,1,1,1,1,1,1,1,1,1,1,1,1,1,1,1,1,1,1,1,1,1,1,1,1,1,1,1,1,1,1,1,1,1,1,1,1,1,1,1,1,1,1,1,1,1,1,1,1,1,1,1,1,1,1,1,1,1,1,1,1,1,1,1,1,1,1,1,1,1,1,1,1,1,1,1,1,1,1,1,1,1,1,0,0,0,0,0,0,0,0,0,0,0,0,0,0,0,0,0,0,0,0,2|24401&4&1274.983450911997|24408&4&447.28156839996683|24417&4&4478.154764411638|24419&4&1051.2203920235283|24431&4&5.6843418860808015E-14|24433&4&3802.2866897601198|24436&4&3267.241863341388|24437&4&567.657521401943|24438&4&527.1956991730947|24447&4&27.18509746703745|24450&4&545.0178742525077|24455&4&1137.9627977227187|24471&4&-6.750155989720952E-14|24480&4&2314.731740659816|24488&4&583.18443677045|24495&4&673.3507528402367,2|24400&4&1829.9486686180871|24407&4&2299.806841073907|24417&4&1245.5903100993253|24427&4&3357.6628100117578|24430&4&514.1413685338813|24452&4&1202.6747103037633|24453&4&63.99827393074209|24462&4&691.0374755834391|24467&4&4248.905528870348|24473&4&4323.987704737958|24480&4&3280.7124923044757,2|24409&4&4514.334566548363|24413&4&2039.0910165948792|24416&4&175.17713391943175|24418&4&1105.1570318515628|24423&4&3213.5209633292684|24426&4&1050.9218273638674|24428&4&5.808765214568408|24434&4&274.2198836080384|24441&4&3.507682356644552|24463&4&194.53294675158656|24465&4&19.110705768774316|24476&4&4921.187303940678|24489&4&2090.915607206531|24491&4&2496.294924301094,2|24400&4&1753.238919577026|24404&4&2919.0092989132845|24405&4&1546.0834443919885|24406&4&1834.0731694375445|24411&4&40.990013453789715|24424&4&745.9711059113711|24429&4&297.30250722260854|24432&4&2998.240743347183|24439&4&2661.2369953144407|24450&4&1344.9497529111404|24460&4&87.33935484580684|24475&4&48.220471782593165|24493&4&2376.326969071962,2|24401&4&648.605487468327|24431&4&142.43410354491473|24434&4&5644.009664609242|24459&4&2177.66078543908|24460&4&2280.7729320577864|24461&4&3800.1507013254923|24471&4&3219.0907329280053|24477&4&2676.048718821543|24486&4&1175.720538764106|24493&4&1811.7065808477712|24494&4&1435.5137372180252,2|24410&4&2993.300392616873|24412&4&3.122824020277032|24414&4&463.63318389376434|24429&4&3590.863288274584|24438&4&291.55388672916234|24449&4&67.92063360579183|24450&4&1239.1015844294243|24454&4&2952.4078891385207|24462&4&2344.135357130086|24472&4&4462.62599377185|24477&4&1711.7871249363905|24483&4&3168.3681331827447,2|24415&4&2037.4895036970338|24416&4&769.2269076237683|24418&4&2128.174388962375|24428&4&2944.9422127258304|24429&4&3591.9689941305505|24443&4&6075.590420755852|24445&4&2358.602740968611|24446&4&4506.930081619321|24456&4&192.535333930371|24484&4&7401.465476764974|24490&4&2098.279851804248,2|24405&4&699.597956363968|24413&4&32.647553980784245|24423&4&3660.2752921488905|24424&4&610.5232627436976|24430&4&4909.407866526816|24435&4&830.3353989602899|24439&4&248.24396641627072|24448&4&2099.637096101877|24452&4&721.3417323618405|24461&4&760.2052872868549|24468&4&2530.627961567142|24470&4&494.9817571538594|24479&4&5798.6357924789345|24485&4&6250.870042938116|24494&4&88.6730224011404,2|24397&4&994.3681768143806|24399&4&15.085291936705573|24402&4&4560.352659469343|24419&4&2625.396807013582|24420&4&563.4116547105154|24422&4&16.04974859399198|24435&4&1878.3656284163358|24442&4&198.8497570542323|24451&4&3777.3629200716496|24452&4&2490.8934496392553|24455&4&493.34032312581803|24461&4&2.4158453015843406E-13|24463&4&234.7883590088861|24471&4&230.5100832940691|24478&4&4078.9973632530273|24483&4&5176.084107652388|24486&4&998.7018772569775|24494&4&534.223877345526,2|24399&4&4063.6644919211662|24403&4&343.37015600925037|24431&4&6649.820157936184|24434&4&805.5215020389714|24440&4&2103.509516745475|24449&4&1740.4620839859772|24453&4&8681.627259235012|24464&4&326.2625146252157|24482&4&4485.211360210738
398|4,130,1,1,1,1,1,1,1,1,1,1,1,1,1,1,1,1,1,1,1,1,1,1,1,1,1,1,1,1,1,1,1,1,1,1,1,1,1,1,1,1,1,1,1,1,1,1,1,1,1,1,1,1,1,1,1,1,1,1,1,1,1,1,1,1,1,1,1,1,1,1,1,1,1,1,1,1,1,1,1,1,1,1,1,1,1,1,1,1,1,1,1,1,1,1,1,1,1,1,1,1,0,0,0,0,0,0,0,0,0,0,0,0,0,0,0,0,0,0,0,0,2|24401&4&1558.3140478084151|24408&4&496.09212791989137|24417&4&4203.297326178583|24419&4&929.8411811641865|24433&4&3598.243983762934|24436&4&3176.786458154992|24437&4&519.9444686495444|24438&4&470.78275808914645|24447&4&25.82584259368558|24450&4&413.21721557411115|24455&4&935.33424680459|24480&4&2188.5217939594113|24488&4&542.3838497224687|24495&4&782.6111377296195,2|24400&4&1619.8742948319448|24407&4&2142.5190741853953|24417&4&1042.1851216518935|24427&4&2993.915326368541|24430&4&422.839355380239|24452&4&936.587999770623|24453&4&-4.263256414560601E-14|24462&4&580.7655593265748|24467&4&4442.311825220189|24473&4&4119.680719474151|24480&4&2921.1853670247965,2|24409&4&5643.131307053823|24413&4&1889.1451708874397|24416&4&155.71300792838377|24418&4&1377.4709161380206|24423&4&3023.18858159507|24426&4&935.5880297251845|24428&4&3.730349362740526E-14|24434&4&239.9423981570336|24441&4&3.323067495768523|24463&4&631.5623366011026|24465&4&17.37336888070392|24476&4&4768.550469188705|24489&4&2408.8182060629283|24491&4&2330.121656051593,2|24400&4&2062.7995960548974|24404&4&3204.0750407729874|24405&4&1938.980583116615|24406&4&1660.8452499131097|24411&4&34.15834454482476|24424&4&685.5639730827386|24429&4&187.10061940243386|24432&4&2944.0067868728293|24439&4&2520.750824217378|24450&4&1194.797372821553|24460&4&927.4832909369181|24475&4&45.80944819346351|24493&4&3231.817075930442,2|24401&4&539.7912126804326|24431&4&33.65089075617535|24434&4&5302.072025267843|24440&4&241.506260808913|24452&4&329.58991242126876|24459&4&1956.9380477035384|24460&4&2033.8001917166478|24461&4&4130.616005981688|24471&4&2960.0456362949044|24472&4&33.670543943320126|24477&4&2355.610150023176|24486&4&1093.461021841368|24493&4&1412.3722456965334|24494&4&1339.7138708931673,2|24410&4&3486.8733977403585|24412&4&2.8997651616858153|24414&4&378.07740337228023|24429&4&4165.6063185110315|24438&4&243.99669300906902|24449&4&44.57899347059004|24450&4&1169.2291557529727|24454&4&2682.893710957378|24462&4&2430.9631456959023|24472&4&4147.482598722781|24477&4&2550.6627204924307|24483&4&3647.1376833438435,2|24415&4&1823.637228594948|24416&4&639.5606724220039|24418&4&1821.4488397279206|24428&4&2588.395425601014|24429&4&3295.4925358893997|24443&4&6525.407581921529|24445&4&3346.3824545968464|24446&4&4430.043388215805|24456&4&168.0078662970796|24484&4&7944.052094808078|24490&4&1990.9086845969284,2|24405&4&546.1646029553592|24413&4&24.792084774801875|24423&4&3149.2416607394057|24424&4&536.4451557358891|24430&4&4535.171003142609|24435&4&707.1850145204172|24439&4&174.97454200209785|24448&4&2119.379053403151|24452&4&622.4376859126648|24461&4&621.9086145387189|24468&4&2323.5659484894936|24470&4&935.0775387414053|24479&4&6760.876272744334|24485&4&5651.989343122676|24494&4&64.72995234737027,2|24397&4&876.3732383511724|24399&4&0.0|24402&4&4185.876321403892|24419&4&2470.5408083074826|24420&4&862.6695854954507|24422&4&13.374790494993313|24435&4&1814.4435945740368|24442&4&187.85192630602376|24451&4&3463.864166197336|24452&4&2299.597666981578|24455&4&453.8089230885904|24463&4&186.25467058904997|24471&4&218.98457912936564|24478&4&3718.4897112430635|24483&4&4531.183419091687|24486&4&861.6465907863445|24494&4&506.5520776756064,2|24399&4&3910.3751814460247|24403&4&284.1279742301234|24431&4&7127.5382544025215|24434&4&681.7198770159556|24440&4&1887.3824024716826|24449&4&1579.8883459137091|24453&4&8913.503397102428|24464&4&307.07060200020305|24482&4&4852.63718758429
399|4,130,1,1,1,1,1,1,1,1,1,1,1,1,1,1,1,1,1,1,1,1,1,1,1,1,1,1,1,1,1,1,1,1,1,1,1,1,1,1,1,1,1,1,1,1,1,1,1,1,1,1,1,1,1,1,1,1,1,1,1,1,1,1,1,1,1,1,1,1,1,1,1,1,1,1,1,1,1,1,1,1,1,1,1,1,1,1,1,1,1,1,1,1,1,1,1,1,1,1,1,1,0,0,0,0,0,0,0,0,0,0,0,0,0,0,0,0,0,0,0,0,2|24401&4&1463.3540300738441|24408&4&442.9007401895874|24417&4&3928.4398879455266|24419&4&914.0464623760029|24433&4&3482.50156644459|24436&4&2905.574232844017|24437&4&472.2314158971458|24438&4&414.36981700519823|24447&4&24.466587720333706|24450&4&286.0598829631|24455&4&732.7056958864614|24480&4&2062.3118472590068|24488&4&501.5832626744872|24495&4&985.82036734936,2|24400&4&1409.7999210458024|24407&4&1992.589001741109|24417&4&899.1237131009715|24427&4&3770.876438133255|24430&4&331.53734222659665|24452&4&678.2321377668093|24462&4&487.897097031805|24467&4&4995.9395988915585|24473&4&4055.509725416457|24480&4&2564.7767105102907,2|24409&4&5346.727179846443|24413&4&1739.1993251800009|24416&4&136.2488819373358|24418&4&1477.7622720961604|24423&4&3619.0750403972534|24426&4&820.2542320865016|24434&4&205.66491270602882|24441&4&62.07083784426172|24463&4&592.689234267863|24465&4&15.636031992633528|24476&4&5715.171497444908|24489&4&2556.9186580773994|24491&4&2163.948387802092,2|24400&4&1942.5802994040077|24404&4&3317.161608153754|24405&4&2067.6052034516883|24406&4&1542.9483742895723|24411&4&27.3266756358598|24424&4&625.1568402541061|24429&4&102.38743883355336|24432&4&3027.929220703487|24439&4&2684.4767302268656|24450&4&1044.6449927319659|24460&4&1072.2424041271533|24475&4&0.0|24493&4&4649.514439321646,2|24401&4&437.38314789112644|24431&4&-2.4158453015843406E-13|24434&4&4960.134385926445|24440&4&367.65454431728733|24452&4&1107.779915907845|24459&4&1992.2900455935865|24460&4&1815.1160779301022|24461&4&5545.101368897726|24471&4&2701.0005396618035|24472&4&31.98701674615412|24477&4&2073.732729734089|24486&4&1239.8075953581406|24493&4&1047.8300236051539|24494&4&1243.9140045683096,2|24410&4&3941.7322316484706|24412&4&2.6767063030945986|24414&4&292.52162285079606|24429&4&3962.3182973128874|24438&4&196.4394992889757|24449&4&21.237353335388246|24450&4&1756.6657307256185|24454&4&2413.379532776236|24462&4&2273.7659666251784|24472&4&3832.3392036737123|24477&4&2408.0235453498512|24483&4&5508.853596766301,2|24415&4&1609.784953492863|24416&4&509.8944372202395|24418&4&1549.610100722427|24428&4&2609.8373550292354|24429&4&2999.0160776482494|24443&4&6549.207335249353|24445&4&3893.350338677529|24446&4&4388.0834446518365|24456&4&143.4803986637882|24484&4&7701.2306917510305|24490&4&1883.5375173896084,2|24405&4&434.12329236849763|24413&4&16.936615568819505|24423&4&2646.965505563228|24424&4&462.3670487280805|24430&4&4160.934139758402|24435&4&584.0346300805444|24439&4&105.93819748403763|24448&4&1944.2773251836982|24452&4&523.5336394634893|24461&4&483.6119417905828|24468&4&2248.956808805855|24470&4&873.1452766007807|24479&4&6903.118830085192|24485&4&5882.086101052364|24494&4&40.78688229360011,2|24397&4&1477.253697138609|24402&4&4678.515213549223|24415&4&300.970995576291|24419&4&2315.6848096013837|24420&4&815.240736352476|24422&4&0.0|24435&4&3097.2704935866122|24442&4&176.85409555781519|24451&4&3151.073276542478|24452&4&2108.3018843239015|24455&4&550.8578071824738|24463&4&146.88181885933642|24471&4&207.4590749646622|24478&4&3357.9820592331|24483&4&3984.0957933393765|24486&4&724.5913043157113|24494&4&478.88027800568676,2|24399&4&3824.2734537877104|24403&4&224.8857924509964|24431&4&6976.578076309286|24434&4&557.9182519929399|24440&4&1684.2525737827227|24449&4&1499.2627519818657|24453&4&8133.922977158341|24464&4&287.8786893751904|24482&4&4487.356887205935
400|4,130,1,1,1,1,1,1,1,1,1,1,1,1,1,1,1,1,1,1,1,1,1,1,1,1,1,1,1,1,1,1,1,1,1,1,1,1,1,1,1,1,1,1,1,1,1,1,1,1,1,1,1,1,1,1,1,1,1,1,1,1,1,1,1,1,1,1,1,1,1,1,1,1,1,1,1,1,1,1,1,1,1,1,1,1,1,1,1,1,1,1,1,1,1,1,1,1,1,1,1,1,0,0,0,0,0,0,0,0,0,0,0,0,0,0,0,0,0,0,0,0,2|24401&4&1368.3940123392729|24408&4&389.15648820944983|24416&4&11.946753013380544|24417&4&3653.582449712471|24419&4&1340.4753527835437|24433&4&3195.518060184718|24436&4&2634.3620075330427|24437&4&424.51836314474724|24438&4&357.95687592125|24447&4&23.107332846981834|24450&4&171.79592788191835|24455&4&534.4387783886428|24480&4&2083.8375533016724|24488&4&460.7826756265058|24495&4&918.3683869034937,2|24400&4&1199.72554725966|24407&4&1842.6589292968229|24417&4&756.0623045500496|24422&4&27.51789657669327|24427&4&4189.585464069597|24430&4&240.2353290729543|24452&4&446.83097057270584|24462&4&395.0286347370353|24467&4&4660.39270453531|24473&4&4950.817538259324|24480&4&2218.6478958657294,2|24409&4&5130.845847730771|24413&4&1589.2534794725616|24416&4&116.78475594628782|24418&4&1379.9529048169647|24423&4&3389.4317166362353|24426&4&704.9204344478189|24434&4&171.38742725502402|24441&4&58.93960372291723|24463&4&617.8482351069297|24465&4&13.898695104563135|24476&4&6996.373661621621|24489&4&2294.644402641645|24491&4&1997.7751195525916,2|24400&4&2195.3146497288208|24404&4&3115.103182115825|24405&4&2248.520393261825|24406&4&1366.9539025700926|24411&4&20.495006726894843|24424&4&708.2714107672618|24429&4&24.559088992394777|24432&4&2823.3221278944943|24439&4&2833.097192187991|24450&4&894.4926126423786|24460&4&1249.3320645229976|24475&4&98.73450994313605|24493&4&5054.245558559853|24494&4&354.8662041640441,2|24399&4&633.9571064383622|24401&4&344.1412714629953|24434&4&4618.196746585047|24440&4&730.315939456585|24452&4&2202.859426296796|24459&4&2914.704995318224|24460&4&1621.124231143|24461&4&6049.64568672482|24471&4&2455.2671801347574|24472&4&30.30348954898811|24477&4&1794.5361072712353|24486&4&1820.9317657104912|24493&4&737.743060022044|24494&4&1148.1141382434519,2|24410&4&4549.677978004727|24412&4&2.453647444503382|24414&4&1119.6003096128845|24429&4&4945.523905893193|24438&4&148.88230556888243|24449&4&-1.1368683772161603E-13|24450&4&2286.3067463185635|24454&4&2144.8068580465288|24462&4&2398.794222506081|24472&4&3517.1958086246427|24477&4&2265.384370207272|24483&4&6585.5384404116285,2|24415&4&1422.6482954521812|24416&4&380.22820201847514|24418&4&1297.6177147609187|24428&4&2956.6654891921958|24429&4&2702.539619407099|24443&4&6870.435089423439|24445&4&3794.885607754232|24446&4&4778.353803928256|24456&4&118.95293103049684|24484&4&7665.849439966389|24490&4&1776.1663501822882,2|24405&4&324.55477976722216|24413&4&9.081146362837131|24423&4&2188.922636724157|24424&4&399.9077744939931|24430&4&3786.6972763741965|24435&4&460.88424564067157|24439&4&49.38523076263257|24448&4&2096.259823427994|24452&4&424.62959301431374|24461&4&345.3152690424469|24468&4&2040.9848324543395|24470&4&818.6875119006204|24479&4&6284.176944274569|24485&4&5313.086041405152|24494&4&16.843812239829948,2|24397&4&2048.6949635014225|24402&4&5304.087746181351|24415&4&410.7648250430135|24419&4&2160.8288108952847|24420&4&769.6172327572882|24435&4&3722.1110113520567|24442&4&165.85626480960664|24451&4&3294.923736324088|24452&4&1917.006101666225|24455&4&1891.7812045019746|24463&4&107.50896712962282|24471&4&1071.9863814306027|24478&4&3544.3322765066664|24483&4&3475.250088352699|24485&4&639.2934207293774|24486&4&587.5360178450783|24494&4&451.2084783357671,2|24399&4&3350.4708125978686|24403&4&933.8418418518042|24431&4&9027.517473540865|24434&4&434.11662696992414|24440&4&1498.6662472374956|24449&4&1365.9148860426035|24453&4&8329.791339152987|24464&4&268.6867767501777|24482&4&4122.076586827581
